  -516.561975005580      -1.274246334686183E-188  7.189718242427131E-189
  -515.769094000199       9.075398916619558E-162  4.573786497200598E-163
  -514.976212994818      -8.515808963740956E-161 -6.206348943744951E-161
  -514.183331989437       2.527221410975377E-160  6.775526356181689E-160
  -513.390450984057       9.016855766293485E-160 -4.026795475147965E-159
  -512.597569978676      -1.528033756377230E-158  1.545242144020734E-158
  -511.804688973295       1.065530184614094E-157 -2.830737885332820E-158
  -511.011807967914      -5.339084826817824E-157 -1.274327603223236E-157
  -510.218926962534       2.093478848133464E-156  1.704539902151607E-156
  -509.426045957153      -6.158022009275660E-156 -1.157715397200753E-155
  -508.633164951772       8.988662661160623E-156  6.198789200300451E-155
  -507.840283946391       4.257414567030627E-155 -2.891533149568525E-154
  -507.047402941010      -4.942813039870345E-154  1.225937184539643E-153
  -506.254521935630       3.106728567345740E-153 -4.835248808147812E-153
  -505.461640930249      -1.564556376814620E-152  1.798804376416929E-152
  -504.668759924868       6.888539145554160E-152 -6.354873951136230E-152
  -503.875878919487      -2.743569207354752E-151  2.131491268102127E-151
  -503.082997914107       1.006054501378801E-150 -6.736976399372653E-151
  -502.290116908726      -3.436121129533744E-150  1.976928372706629E-150
  -501.497235903345       1.102775465013462E-149 -5.255256414668253E-150
  -500.704354897964      -3.347077808343631E-149  1.208628494974232E-149
  -499.911473892583       9.635417161273908E-149 -2.126732979464776E-149
  -499.118592887203      -2.624876245120378E-148  1.266897615265672E-149
  -498.325711881822       6.701032048919798E-148  1.128846038028389E-148
  -497.532830876441      -1.568189547567134E-147 -7.227943275578050E-148
  -496.739949871060       3.201599211069468E-147  2.968659315707132E-147
  -495.947068865680      -4.924205895048357E-147 -9.973255913079152E-147
  -495.154187860299       1.451187202494361E-147  2.884162374478780E-146
  -494.361306854918       2.966555141591552E-146 -7.125506426246512E-146
  -493.568425849537      -1.630782793721170E-145  1.386565785917259E-145
  -492.775544844156       6.048016336854455E-145 -1.334739422858819E-145
  -491.982663838776      -1.804726471987973E-144 -5.071372119429006E-145
  -491.189782833395       4.315542901802648E-144  4.072883712097229E-144
  -490.396901828014      -6.758058762546882E-144 -1.837975476342937E-143
  -489.604020822633      -5.226533190454311E-144  6.677694308731531E-143
  -488.811139817252       1.061644268595361E-142 -2.102010364507223E-142
  -488.018258811872      -6.095109336063150E-142  5.812555448998705E-142
  -487.225377806491       2.695396177975134E-141 -1.379831392574076E-141
  -486.432496801110      -1.049513087961849E-140  2.561957078292257E-141
  -485.639615795729       3.767852862147088E-140 -2.241880154237748E-141
  -484.846734790349      -1.271676478912975E-139 -9.049697072705050E-141
  -484.053853784968       4.061799801895173E-139  6.520856255432057E-140
  -483.260972779587      -1.226507086363278E-138 -2.677271471972187E-139
  -482.468091774206       3.482866765129183E-138  8.911055556492183E-139
  -481.675210768825      -9.240189064719227E-138 -2.655856233994867E-138
  -480.882329763445       2.277027487625286E-137  7.499255260729905E-138
  -480.089448758064      -5.184814374366473E-137 -2.074574691509558E-137
  -479.296567752683       1.082704840606362E-136  5.664070155592264E-137
  -478.503686747302      -2.038743455689738E-136 -1.504078672832492E-136
  -477.710805741921       3.313993081023668E-136  3.792744429696667E-136
  -476.917924736541      -4.052944749421346E-136 -8.853430628409653E-136
  -476.125043731160       1.183355203966827E-136  1.856041497128935E-135
  -475.332162725779       1.324293865074592E-135 -3.314108733381083E-135
  -474.539281720398      -5.479907834115623E-135  4.350622801169869E-135
  -473.746400715018       1.419259800543756E-134 -1.162452287742656E-135
  -472.953519709637      -2.573050726982665E-134 -1.640969779354256E-134
  -472.160638704256       2.099696136686688E-134  6.645476759562044E-134
  -471.367757698875       7.034930652408504E-134 -1.559761697585442E-133
  -470.574876693494      -4.180078108082691E-133  1.773293463392063E-133
  -469.781995688114       1.228281377514490E-132  4.392228333556691E-133
  -468.989114682733      -1.945092654698849E-132 -3.549500086683041E-132
  -468.196233677352      -2.543903330665355E-132  1.323969638667545E-131
  -467.403352671971       3.527910508696525E-131 -3.217471744933717E-131
  -466.610471666591      -1.752959764256891E-130  2.820368041915185E-131
  -465.817590661210       6.415830402623199E-130  2.339818169639206E-130
  -465.024709655829      -1.894424652772662E-129 -1.884940389225401E-129
  -464.231828650448       4.381333863111093E-129  9.495322796055252E-129
  -463.438947645067      -6.087115749071805E-129 -3.976011217529184E-128
  -462.646066639687      -8.890610233458246E-129  1.493832543022068E-127
  -461.853185634306       1.114004146147044E-127 -5.190697307700784E-127
  -461.060304628925      -5.525837469845586E-127  1.686859231339186E-126
  -460.267423623544       2.107728333933981E-126 -5.130426046779082E-126
  -459.474542618163      -6.975487146432934E-126  1.453120675637349E-125
  -458.681661612783       2.112922867980446E-125 -3.805414445154290E-125
  -457.888780607402      -6.045433999678146E-125  9.136442944263413E-125
  -457.095899602021       1.659783513588223E-124 -1.985677704152226E-124
  -456.303018596640      -4.377026521451849E-124  3.802559065657051E-124
  -455.510137591260       1.097034664261374E-123 -5.960064067371943E-124
  -454.717256585879      -2.564149055627001E-123  5.585116328306425E-124
  -453.924375580498       5.424411747736211E-123  7.517450635598388E-124
  -453.131494575117      -9.790732601855408E-123 -6.111960769325572E-123
  -452.338613569736       1.260755926803832E-122  2.156301334411855E-122
  -451.545732564356       5.137736922324795E-124 -5.633613740501173E-122
  -450.752851558975      -7.457650550730456E-122  1.114273358492757E-121
  -449.959970553594       3.164817030201138E-121 -1.236539899467100E-121
  -449.167089548213      -8.936764959686056E-121 -2.257435615091535E-121
  -448.374208542832       1.745543194643574E-120  2.033749592970952E-120
  -447.581327537452      -9.807824578582135E-121 -8.271078480611160E-120
  -446.788446532071      -1.156837031930890E-119  2.492509135327107E-119
  -445.995565526690       7.662160691565659E-119 -5.660098399394289E-119
  -445.202684521309      -3.356403691677251E-118  6.799202369778039E-119
  -444.409803515929       1.240079660151562E-117  2.065360986293598E-118
  -443.616922510548      -4.163822719580825E-117 -2.033912433954376E-117
  -442.824041505167       1.323340804601854E-116  1.044101467228634E-116
  -442.031160499786      -4.103093745563461E-116 -4.306829641831544E-116
  -441.238279494405       1.266571013762526E-115  1.553554728680808E-115
  -440.445398489025      -3.901051928932993E-115 -5.024003925507112E-115
  -439.652517483644       1.176189052958623E-114  1.466451255396772E-114
  -438.859636478263      -3.366443646550639E-114 -3.876706002331722E-114
  -438.066755472882       8.890923491531857E-114  9.358912271665529E-114
  -437.273874467502      -2.126529031320246E-113 -2.099330656702356E-113
  -436.480993462121       4.559346257753229E-113  4.486554776124165E-113
  -435.688112456740      -8.686060686512266E-113 -9.359014222542595E-113
  -434.895231451359       1.439738599351284E-112  1.926925233336787E-112
  -434.102350445978      -1.938810915692128E-112 -3.883502713418556E-112
  -433.309469440598       1.552096091489855E-112  7.472581099578919E-112
  -432.516588435217       1.810197894166576E-112 -1.319334368541089E-111
  -431.723707429836      -1.246591896948717E-111  1.990762689294294E-111
  -430.930826424455       3.717277841345158E-111 -2.086020563433607E-111
  -430.137945419075      -8.073943822098364E-111 -4.572755933747651E-112
  -429.345064413694       1.263612787145238E-110  1.022658349831197E-110
  -428.552183408313      -7.817301009734714E-111 -3.409584342110534E-110
  -427.759302402932      -3.633749512554430E-110  7.252698077533659E-110
  -426.966421397551       1.865565421181747E-109 -8.084344368644793E-110
  -426.173540392171      -5.289932644465540E-109 -1.514427636708769E-109
  -425.380659386790       9.432961353762036E-109  1.292937994473825E-108
  -424.587778381409      -4.728900969058118E-110 -4.963261565417295E-108
  -423.794897376028      -8.593290993934066E-108  1.377445589742331E-107
  -423.002016370648       4.826952891402161E-107 -2.693542418399133E-107
  -422.209135365267      -1.924840253131390E-106  1.443143346258182E-107
  -421.416254359886       6.528833875103527E-106  1.921311939486417E-106
  -420.623373354505      -2.002119105406412E-105 -1.295752491896774E-105
  -419.830492349124       5.738223508529005E-105  5.830969660003140E-105
  -419.037611343744      -1.576078907630006E-104 -2.204185990462473E-104
  -418.244730338363       4.233191737835375E-104  7.445416384041097E-104
  -417.451849332982      -1.123499795019699E-103 -2.299901654588046E-103
  -416.658968327601       2.929721130971345E-103  6.563769241518543E-103
  -415.866087322220      -7.349217140163719E-103 -1.742073611403906E-102
  -415.073206316840       1.721985245858154E-102  4.329329900481617E-102
  -414.280325311459      -3.644026259767454E-102 -1.015603793954908E-101
  -413.487444306078       6.641494339401313E-102  2.267086932944194E-101
  -412.694563300697      -9.306360060913614E-102 -4.842020423116919E-101
  -411.901682295317       5.094471850800044E-102  9.897288914220815E-101
  -411.108801289936       2.621533322959301E-101 -1.922339480764583E-100
  -410.315920284555      -1.365500257520901E-100  3.485645107982553E-100
  -409.523039279174       4.426449645186151E-100 -5.683602469762099E-100
  -408.730158273793      -1.174407814789088E-099  7.582814603377842E-100
  -407.937277268413       2.709846586906962E-099 -5.363044537016695E-100
  -407.144396263032      -5.471649936172427E-099 -1.209187455506889E-099
  -406.351515257651       9.297856462415152E-099  7.166766548383936E-099
  -405.558634252270      -1.127504070998734E-098 -2.286393042965246E-098
  -404.765753246890      -2.756412788228320E-100  5.746216238937376E-098
  -403.972872241509       6.024479603841013E-098 -1.200536737603653E-097
  -403.179991236128      -2.570607872755667E-097  1.982347648414360E-097
  -402.387110230747       7.863686888109312E-097 -1.819238394009981E-097
  -401.594229225366      -2.019690631339053E-096 -3.607362417749673E-097
  -400.801348219986       4.509023317425938E-096  2.769873607720996E-096
  -400.008467214605      -8.621779610891701E-096 -1.069602162818318E-095
  -399.215586209224       1.288354574518755E-095  3.318738746373600E-095
  -398.422705203843      -8.609190072383015E-096 -9.092426676993500E-095
  -397.629824198462      -3.488324528837739E-095  2.275356219107240E-094
  -396.836943193082       2.067037784437128E-094 -5.270651385185453E-094
  -396.044062187701      -7.362056895544347E-094  1.132853579024563E-093
  -395.251181182320       2.161072685429411E-093 -2.243636282080999E-093
  -394.458300176939      -5.640300120723365E-093  4.011502024292370E-093
  -393.665419171558       1.346604613245078E-092 -6.152737103636756E-093
  -392.872538166178      -2.973272911245046E-092  6.867750992853364E-093
  -392.079657160797       6.076882009273995E-092 -3.374735935255588E-094
  -391.286776155416      -1.139890477218919E-091 -2.825442861473253E-092
  -390.493895150035       1.917352942054712E-091  1.109832107855098E-091
  -389.701014144655      -2.728897360191038E-091 -3.071582673992530E-091
  -388.908133139274       2.700082138503138E-091  7.052778991058584E-091
  -388.115252133893       5.205459946159943E-092 -1.386469906296640E-090
  -387.322371128512      -1.192569682193600E-090  2.276436366042266E-090
  -386.529490123131       3.984058938382358E-090 -2.746689851266755E-090
  -385.736609117751      -9.301953081084665E-090  7.762970188866361E-091
  -384.943728112370       1.657604872050391E-089  8.366136707740126E-090
  -384.150847106989      -1.932346974580498E-089 -3.306462297759683E-089
  -383.357966101608      -5.099183384580883E-090  8.208237339963070E-089
  -382.565085096228       1.132287015269307E-088 -1.454873586361963E-088
  -381.772204090847      -4.112663588499360E-088  1.318061632424837E-088
  -380.979323085466       1.015392570312786E-087  2.927032132390604E-088
  -380.186442080085      -1.769454237212404E-087 -2.033174331355262E-087
  -379.393561074704       1.186175009405249E-087  7.041223925620840E-087
  -378.600680069324       6.711310573244640E-087 -1.835985995241069E-086
  -377.807799063943      -4.053479558169944E-086  3.709459949693962E-086
  -377.014918058562       1.500984329562701E-085 -4.724035543877096E-086
  -376.222037053181      -4.535384142087059E-085 -3.859511832303201E-086
  -375.429156047801       1.199378279533155E-084  5.453571915598982E-085
  -374.636275042420      -2.838919337158772E-084 -2.495373791371557E-084
  -373.843394037039       6.014913561386604E-084  8.783215003148024E-084
  -373.050513031658      -1.114220784077091E-083 -2.696521267783300E-083
  -372.257632026277       1.666529880341489E-083  7.539845608593918E-083
  -371.464751020897      -1.365087053517126E-083 -1.956392139038452E-082
  -370.671870015516      -2.894254215471453E-083  4.749958842571023E-082
  -369.878989010135       2.012581277515749E-082 -1.082123534320173E-081
  -369.086108004754      -7.391642440238180E-082  2.311020905923211E-081
  -368.293226999373       2.211940104675712E-081 -4.604566574865644E-081
  -367.500345993993      -5.891496143052218E-081  8.466417530158334E-081
  -366.707464988612       1.438944080608213E-080 -1.402974832124934E-080
  -365.914583983231      -3.254266723420520E-080  1.977391118967312E-080
  -365.121702977850       6.808789563066818E-080 -1.942075856927001E-080
  -364.328821972470      -1.304031154969384E-079 -4.495392308055972E-081
  -363.535940967089       2.225968446629284E-079  9.186493281082654E-080
  -362.743059961708      -3.161511503156657E-079 -3.197990703255500E-079
  -361.950178956327       2.871989035968978E-079  8.085770017267050E-079
  -361.157297950946       2.177707224952020E-079 -1.673488605376622E-078
  -360.364416945566      -2.013711650075502E-078  2.795894051942778E-078
  -359.571535940185       6.649239400958530E-078 -3.110513157294868E-078
  -358.778654934804      -1.631997266288357E-077 -1.224359050228210E-078
  -357.985773929423       3.195957301616147E-077  2.090492486381020E-077
  -357.192892924042      -4.514601803944522E-077 -8.135642341790326E-077
  -356.400011918662       1.219039102284508E-077  2.351515266757592E-076
  -355.607130913281       2.184488350910243E-076 -5.741353310828358E-076
  -354.814249907900      -1.093478283953042E-075  1.216841631127014E-075
  -354.021368902519       3.811261379137694E-075 -2.193187268272571E-075
  -353.228487897139      -1.138531277606506E-074  3.025993177848110E-075
  -352.435606891758       3.101505975488278E-074 -1.577825160901894E-075
  -351.642725886377      -7.907883189608289E-074 -8.609078314453312E-075
  -350.849844880996       1.907838643217229E-073  4.361530384183334E-074
  -350.056963875615      -4.364703970588160E-073 -1.386008453720441E-073
  -349.264082870235       9.437559843482153E-073  3.641331663556915E-073
  -348.471201864854      -1.916752606239045E-072 -8.565946785132587E-073
  -347.678320859473       3.630100327471975E-072  1.879705292698731E-072
  -346.885439854092      -6.357860713198372E-072 -3.943555174766410E-072
  -346.092558848712       1.017140263641847E-071  7.995686443929755E-072
  -345.299677843331      -1.449445570929228E-071 -1.563327064197157E-071
  -344.506796837950       1.724330177137402E-071  2.912778905273208E-071
  -343.713915832569      -1.338464880232226E-071 -5.074976374075234E-071
  -342.921034827188      -6.965603206843168E-072  8.036683504822164E-071
  -342.128153821808       5.974588893273043E-071 -1.096055555767974E-070
  -341.335272816427      -1.637108512356567E-070  1.105240356878279E-070
  -340.542391811046       3.237355631472184E-070 -1.853494333898719E-071
  -339.749510805665      -4.830405483860837E-070 -2.820199913417124E-070
  -338.956629800285       4.178009980309354E-070  9.351743121533408E-070
  -338.163748794904       4.454706381582124E-070 -1.955462488304968E-069
  -337.370867789523      -3.232840533848846E-069  2.704541822921150E-069
  -336.577986784142       9.493077671382106E-069 -5.416700793317314E-070
  -335.785105778761      -1.948584701017125E-068 -1.210626771178233E-068
  -334.992224773381       2.522968423775482E-068  5.306785350662708E-068
  -334.199343768000       1.141639088069054E-068 -1.576918872765599E-067
  -333.406462762619      -2.201544869124209E-067  3.820128016258623E-067
  -332.613581757238       9.832586633490238E-067 -7.793045175468999E-067
  -331.820700751857      -3.340924746588449E-066  1.290643826401017E-066
  -331.027819746477       9.976630288848940E-066 -1.434864712667577E-066
  -330.234938741096      -2.749103572804057E-065 -3.241011693749020E-067
  -329.442057735715       7.118115115974740E-065  7.404977598690686E-066
  -328.649176730334      -1.736156808879142E-064 -2.528206100569150E-065
  -327.856295724954       3.965693072932992E-064  5.963393860155149E-065
  -327.063414719573      -8.415884583549983E-064 -1.136213394338136E-064
  -326.270533714192       1.650847296574417E-063  1.940651417933373E-064
  -325.477652708811      -2.992897697466250E-063 -3.466423096093594E-064
  -324.684771703430       5.033434580412425E-063  7.383510629932382E-064
  -323.891890698050      -7.879370321974002E-063 -1.784329188749911E-063
  -323.099009692669       1.144344581151000E-062  4.286305019494931E-063
  -322.306128687288      -1.512795633279879E-062 -9.512249663185849E-063
  -321.513247681907       1.721247398593959E-062  1.906218025979203E-062
  -320.720366676527      -1.390505622352639E-062 -3.417770554727016E-062
  -319.927485671146      -1.708122213720203E-063  5.384596310738911E-062
  -319.134604665765       3.985316536806229E-062 -7.071512490699853E-062
  -318.341723660384      -1.108259670175807E-061  6.384539546225589E-062
  -317.548842655003       2.126900043352996E-061  1.130161144889151E-062
  -316.755961649623      -2.994736452460762E-061 -2.300087164963471E-061
  -315.963080644242       2.139721377053850E-061  6.826208892289325E-061
  -315.170199638861       4.311119800592014E-061 -1.382396294445831E-060
  -314.377318633480      -2.417570526859436E-060  1.971912640331641E-060
  -313.584437628099       7.035320024411412E-060 -9.632309225681528E-061
  -312.791556622719      -1.578952101030972E-059 -6.011577120425848E-060
  -311.998675617338       2.871367507563519E-059  2.992541165132566E-059
  -311.205794611957      -3.895099462540555E-059 -9.586646160813132E-059
  -310.412913606576       1.877390151998831E-059  2.576210384839072E-058
  -309.620032601196       1.114835124261877E-058 -6.251086678884254E-058
  -308.827151595815      -5.435966463196608E-058  1.413505033736754E-057
  -308.034270590434       1.682208471986679E-057 -3.022136904532704E-057
  -307.241389585053      -4.289826220240142E-057  6.133409900010017E-057
  -306.448508579672       9.671922158196663E-057 -1.176696683513853E-056
  -305.655627574292      -1.991131432226377E-056  2.112892921214451E-056
  -304.862746568911       3.819109751007095E-056 -3.500641957956407E-056
  -304.069865563530      -6.919361232264816E-056  5.244298132825230E-056
  -303.276984558149       1.192577507447253E-055 -6.849872057643675E-056
  -302.484103552769      -1.953409708223489E-055  7.102823845463917E-056
  -301.691222547388       3.009962454030427E-055 -3.679490411213846E-056
  -300.898341542007      -4.268246243810904E-055 -7.152519466789607E-056
  -300.105460536626       5.327712103403661E-055  3.029850875042373E-055
  -299.312579531245      -5.216848372914247E-055 -7.009590833305097E-055
  -298.519698525865       2.111105423043063E-055  1.253736230021609E-054
  -297.726817520484       6.707095357793153E-055 -1.790028290329467E-054
  -296.933936515103      -2.399913845402672E-054  1.801582300872347E-054
  -296.141055509722       4.953053897214081E-054 -2.172963573266975E-055
  -295.348174504342      -7.268743943376503E-054 -4.714252581534364E-054
  -294.555293498961       5.807603415337800E-054  1.495723182886372E-053
  -293.762412493580       7.704491464398896E-054 -3.050176637056681E-053
  -292.969531488199      -4.867581455415019E-053  4.314481933847813E-053
  -292.176650482818       1.391388625550217E-052 -2.211682936050069E-053
  -291.383769477438      -2.954193976507809E-052 -1.147347790919205E-052
  -290.590888472057       4.823095672952741E-052  5.516925837110858E-052
  -289.798007466676      -4.868612739738714E-052 -1.651915549136549E-051
  -289.005126461295      -3.803255390593764E-052  4.048183263426159E-051
  -288.212245455914       3.920740082062804E-051 -8.691447524195578E-051
  -287.419364450534      -1.428166385391244E-050  1.670121958094120E-050
  -286.626483445153       4.013674757398934E-050 -2.865907758206319E-050
  -285.833602439772      -9.814036365648840E-050  4.260082878981983E-050
  -285.040721434391       2.176397414125280E-049 -4.927439420368049E-050
  -284.247840429011      -4.456038429317623E-049  2.212752462403228E-050
  -283.454959423630       8.484624906549564E-049  1.019349567767504E-049
  -282.662078418249      -1.503189964359199E-048 -4.560105310311253E-049
  -281.869197412868       2.462292448936399E-048  1.294517420952678E-048
  -281.076316407487      -3.665163258864966E-048 -3.058284916930884E-048
  -280.283435402107       4.751992408414027E-048  6.428050908348092E-048
  -279.490554396726      -4.721888778582394E-048 -1.229447518662002E-047
  -278.697673391345       1.382256902827902E-048  2.148421537726431E-047
  -277.904792385964       9.395894695055495E-048 -3.393271376887456E-047
  -277.111911380583      -3.438698519437785E-047  4.677925394198092E-047
  -276.319030375203       8.293887922591719E-047 -5.062061680347018E-047
  -275.526149369822      -1.643125471959395E-046  2.306199093331144E-047
  -274.733268364441       2.786767349925291E-046  8.081826478608907E-047
  -273.940387359060      -3.947973942451176E-046 -3.394666055210295E-046
  -273.147506353680       4.028483452681192E-046  8.702916355597031E-046
  -272.354625348299      -2.537774461784161E-047 -1.810412537802902E-045
  -271.561744342918      -1.334122173525973E-045  3.229437234620903E-045
  -270.768863337537       4.820762909889752E-045 -4.887112207968323E-045
  -269.975982332156      -1.242447270992439E-044  5.675881333709968E-045
  -269.183101326776       2.725617486651797E-044 -2.479549261153802E-045
  -268.390220321395      -5.355125936530104E-044 -1.196105296788647E-044
  -267.597339316014       9.582745266623644E-044  5.271953694960125E-044
  -266.804458310633      -1.560662018144278E-043 -1.484607714376565E-043
  -266.011577305253       2.269013052254938E-043  3.495745626789375E-043
  -265.218696299872      -2.775367926529940E-043 -7.378428336799949E-043
  -264.425815294491       2.275946933015407E-043  1.434335616021705E-042
  -263.632934289110       9.712498926912010E-044 -2.597486657077281E-042
  -262.840053283729      -1.032386163314554E-042  4.395374031443140E-042
  -262.047172278349       3.166554352080123E-042 -6.924543718151424E-042
  -261.254291272968      -7.438496421454718E-042  1.003299042904069E-041
  -260.461410267587       1.519077642833191E-041 -1.299133729165056E-041
  -259.668529262206      -2.806234497358484E-041  1.395553238058557E-041
  -258.875648256826       4.750281852761411E-041 -9.201972506476468E-042
  -258.082767251445      -7.355197282639559E-041 -7.761092622258542E-042
  -257.289886246064       1.023841349412674E-040  4.681829537101806E-041
  -256.497005240683      -1.220639815055521E-040 -1.206725331849377E-040
  -255.704124235302       1.062183624963152E-040  2.412135498995534E-040
  -254.911243229922      -6.327389239272470E-042 -4.096288805261274E-040
  -254.118362224541      -2.541851975628097E-040  5.954674771242529E-040
  -253.325481219160       7.758052834924447E-040 -6.987503496982974E-040
  -252.532600213779      -1.651327304697689E-039  4.904027504110809E-040
  -251.739719208398       2.874745770320560E-039  4.664205718981751E-040
  -250.946838203018      -4.137981080896611E-039 -2.891055588014255E-039
  -250.153957197637       4.438972400508687E-039  7.787515027779112E-039
  -249.361076192256      -1.407607516064754E-039 -1.621714188147499E-038
  -248.568195186875      -9.730622861768554E-039  2.852959445186130E-038
  -247.775314181495       3.754249661085110E-038 -4.249216237150201E-038
  -246.982433176114      -9.586584445834666E-038  4.940015372926802E-038
  -246.189552170733       2.045839139383765E-037 -2.680308808915186E-038
  -245.396671165352      -3.879100444839380E-037 -7.395333460676050E-038
  -244.603790159971       6.667600422308641E-037  3.473166321682306E-037
  -243.810909154591      -1.039355495550437E-036 -9.614845182100457E-037
  -243.018028149210       1.440996045653441E-036  2.193382651445365E-036
  -242.225147143829      -1.670404447153494E-036 -4.463307092637859E-036
  -241.432266138448       1.267473975483173E-036  8.350457763446944E-036
  -240.639385133067       6.714783903923116E-037 -1.455190056397569E-035
  -239.846504127687      -5.744065024755123E-036  2.372099093291204E-035
  -239.053623122306       1.653080341803344E-035 -3.608973433621116E-035
  -238.260742116925      -3.683183067677728E-035  5.075204048462810E-035
  -237.467861111544       7.164572075775283E-035 -6.448145344027510E-035
  -236.674980106164      -1.265067087092123E-034  7.001599348259996E-035
  -235.882099100783       2.055618052853663E-034 -5.392966752112871E-035
  -235.089218095402      -3.075277437469590E-034 -5.376259585965009E-036
  -234.296337090021       4.185517212927996E-034  1.382637258637501E-034
  -233.503456084640      -5.012805295919788E-034 -3.804980350829958E-034
  -232.710575079260       4.806001108025283E-034  7.616836123240174E-034
  -231.917694073879      -2.292940688343268E-034 -1.279275007394292E-033
  -231.124813068498      -4.376853190940562E-034  1.850531376266113E-033
  -230.331932063117       1.742375046460573E-033 -2.235723580082606E-033
  -229.539051057737      -3.864497169029379E-033  1.932591861874208E-033
  -228.746170052356       6.753629193134168E-033 -6.015850280655303E-035
  -227.953289046975      -9.763815240350091E-033 -4.712011651428270E-033
  -227.160408041594       1.103100803282576E-032  1.406400093862071E-032
  -226.367527036213      -6.530237216601498E-033 -2.951785820450910E-032
  -225.574646030833      -1.117465369289484E-032  5.112054379417845E-032
  -224.781765025452       5.429150828860067E-032 -7.470383898058557E-032
  -223.988884020071      -1.407168265817804E-031  8.688089336014990E-032
  -223.196003014690       2.933598107756282E-031 -5.678803480180417E-032
  -222.403122009309      -5.358478400832010E-031 -7.630832108103111E-032
  -221.610241003929       8.814624878722520E-031  4.197139412666268E-031
  -220.817359998548      -1.310949814349164E-030 -1.146676778287676E-030
  -220.024478993167       1.733943793173481E-030  2.513196739507621E-030
  -219.231597987786      -1.928839934715044E-030 -4.861104913871192E-030
  -218.438716982406       1.458320422625987E-030  8.587938191929010E-030
  -217.645835977025       4.353625819253149E-031 -1.405475186642598E-029
  -216.852954971644      -4.936087416916135E-030  2.139570670882502E-029
  -216.060073966263       1.371327317117617E-029 -3.019333766822728E-029
  -215.267192960882      -2.884386941178036E-029  3.899878728487571E-029
  -214.474311955502       5.244936976935794E-029 -4.471907672577149E-029
  -213.681430950121      -8.584605872401380E-029  4.198169893079736E-029
  -212.888549944740       1.279859507435577E-028 -2.274242573717300E-029
  -212.095668939359      -1.730324688728386E-028 -2.335888823645085E-029
  -211.302787933979       2.071524752763470E-028  1.070780022552296E-028
  -210.509906928598      -2.051311729049014E-028 -2.349481337686153E-028
  -209.717025923217       1.283642161931155E-028  4.006762344211360E-028
  -208.924144917836       7.273945806136818E-029 -5.715956626534240E-028
  -208.131263912455      -4.469169302997722E-028  6.705624372317466E-028
  -207.338382907075       1.013550454810471E-027 -5.568159499320634E-028
  -206.545501901694      -1.708756091003059E-027  1.521828656454941E-029
  -205.752620896313       2.298217966666885E-027  1.227088866799420E-027
  -204.959739890932      -2.255306828492609E-027 -3.423701751621757E-027
  -204.166858885551       6.194569814388769E-028  6.621422803676255E-027
  -203.373977880171       4.117761100449308E-027 -1.029465605682346E-026
  -202.581096874790      -1.399659542044704E-026  1.272494731402450E-026
  -201.788215869409       3.125949179183362E-026 -1.006256798784786E-026
  -200.995334864028      -5.741964089323464E-026 -4.932269500059856E-027
  -200.202453858648       9.132988428728319E-026  4.432871191619157E-026
  -199.409572853267      -1.257839737993986E-025 -1.262379202334765E-025
  -198.616691847886       1.422321234348155E-025  2.749558248157824E-025
  -197.823810842505      -1.034868441458103E-025 -5.185671182003314E-025
  -197.030929837124      -5.500079328432888E-026  8.817772686886132E-025
  -196.238048831744       4.334016281759004E-025 -1.371037638589309E-024
  -195.445167826363      -1.171283376382658E-024  1.948836043010515E-024
  -194.652286820982       2.439782524840745E-024 -2.495098046337954E-024
  -193.859405815601      -4.411096903961719E-024  2.757041608375810E-024
  -193.066524810221       7.190150753460982E-024 -2.295820561922737E-024
  -192.273643804840      -1.069106875119204E-023  4.501931102420738E-025
  -191.480762799459       1.444450534040652E-023  3.644769746167144E-024
  -190.687881794078      -1.733686272950746E-023 -1.092255137498374E-023
  -189.895000788697       1.731717110104912E-023  2.204661384058038E-023
  -189.102119783317      -1.117172545009649E-023 -3.676256775472427E-023
  -188.309238777936      -5.429894810605934E-024  5.284169522605384E-023
  -187.516357772555       3.726581308889487E-023 -6.457949557385275E-023
  -186.723476767174      -8.773263108273368E-023  6.098038064934829E-023
  -185.930595761794       1.551264250547406E-022 -2.409667350428800E-023
  -185.137714756413      -2.261764759407243E-022 -7.142460697333172E-023
  -184.344833751032       2.660408216879537E-022  2.556206942229134E-022
  -183.551952745651      -2.044384343794778E-022 -5.540578938546856E-022
  -182.759071740270      -8.126129093362150E-023  9.673308309479257E-022
  -181.966190734890       7.830181547214808E-022 -1.432469798517289E-021
  -181.173309729509      -2.172751420608135E-021  1.757940160813735E-021
  -180.380428724128       4.595385443773181E-021 -1.523520605606155E-021
  -179.587547718747      -8.427225347405446E-021 -6.123952558168728E-023
  -178.794666713366       1.397658431811098E-020  4.338371210228244E-021
  -178.001785707986      -2.129868259077898E-020 -1.340379350669666E-020
  -177.208904702605       2.989393445994102E-020  3.028112509756874E-020
  -176.416023697224      -3.825807238187536E-020 -5.897246381203655E-020
  -175.623142691843       4.325616759287776E-020  1.042391443712812E-019
  -174.830261686463      -3.931189203454516E-020 -1.709243205306017E-019
  -174.037380681082       1.746719557362693E-020  2.626229660474282E-019
  -173.244499675701       3.548451936561900E-020 -3.795450318343463E-019
  -172.451618670320      -1.373395578542634E-019  5.154961272512509E-019
  -171.658737664939       3.095400060885683E-019 -6.540185478430686E-019
  -170.865856659559      -5.739187447646186E-019  7.639525080519676E-019
  -170.072975654178       9.459859976597551E-019 -7.951116921381050E-019
  -169.280094648797      -1.423715090785963E-018  6.755226067520421E-019
  -168.487213643416       1.971219229022237E-018 -3.127525101878876E-019
  -167.694332638036      -2.497664047400002E-018 -3.968924178560427E-019
  -166.901451632655       2.833506922151468E-018  1.546342661501837E-018
  -166.108570627274      -2.708961285018354E-018 -3.177267888671259E-018
  -165.315689621893       1.743576187435730E-018  5.215836330621060E-018
  -164.522808616512       5.391782855565199E-019 -7.381698696611207E-018
  -163.729927611132      -4.653082385481920E-018  9.072207044387644E-018
  -162.937046605751       1.102253554943584E-017 -9.232637028294207E-018
  -162.144165600370      -1.976358102778591E-017  6.236206930228226E-018
  -161.351284594989       3.035382507797046E-017  2.185274820359665E-018
  -160.558403589608      -4.118950201707203E-017 -1.889979391894626E-017
  -159.765522584228       4.906109277611307E-017  4.714342362393261E-017
  -158.972641578847      -4.863185975910474E-017 -9.000632000215235E-017
  -158.179760573466       3.207534061593441E-017  1.495438112855845E-016
  -157.386879568085       1.089268716604623E-017 -2.254428744190953E-016
  -156.593998562705      -9.228963882900704E-017  3.132391824739044E-016
  -155.801117557324       2.241391232339800E-016 -4.022182217439021E-016
  -155.008236551943      -4.154976504953980E-016  4.733824337404801E-016
  -154.215355546562       6.681384551333239E-016 -4.982312292160605E-016
  -153.422474541181      -9.710233425169715E-016  4.395043787183657E-016
  -152.629593535801       1.294054538794571E-015 -2.553070342567027E-016
  -151.836712530420      -1.582226020078377E-015 -9.203053676219736E-017
  -151.043831525039       1.752297539274895E-015  6.215278604578976E-016
  -150.250950519658      -1.695400195143213E-015 -1.313784085355150E-015
  -149.458069514277       1.290172381643575E-015  2.087803938082352E-015
  -148.665188508897      -4.315448600401976E-016 -2.778996941175438E-015
  -147.872307503516      -9.205269883624910E-016  3.126655635810768E-015
  -147.079426498135       2.671021493195603E-015 -2.783893606895589E-015
  -146.286545492754      -4.503102583449436E-015  1.367995579237879E-015
  -145.493664487374       5.789229045917767E-015  1.426829474566975E-015
  -144.700783481993      -5.529403780174546E-015 -5.631003196889031E-015
  -143.907902476612       2.365506909119971E-015  1.069583930409339E-014
  -143.115021471231       5.255579043229893E-015 -1.507578725204681E-014
  -142.322140465850      -1.867189947783435E-014  1.570703398993401E-014
  -141.529259460470       3.822913254600029E-014 -7.417841262244598E-015
  -140.736378455089      -6.200706167933169E-014 -1.767229831933811E-014
  -139.943497449708       8.394754683311610E-014  7.070899381633618E-014
  -139.150616444327      -9.139385199530164E-014 -1.666111943196264E-013
  -138.357735438947       6.235071942149098E-014  3.246358402205234E-013
  -137.564854433566       3.658741859577685E-014 -5.691554233376279E-013
  -136.771973428185      -2.496715319152346E-013  9.304138528318062E-013
  -135.979092422804       6.259703492327016E-013 -1.443548634202543E-012
  -135.186211417423      -1.206077985053949E-012  2.141542808628758E-012
  -134.393330412043       2.004736882199013E-012 -3.036414648001777E-012
  -133.600449406662      -2.999980026245008E-012  4.088129685035079E-012
  -132.807568401281       4.140512219301973E-012 -5.174401650147963E-012
  -132.014687395900      -5.369049861955785E-012  6.085962400636339E-012
  -131.221806390520       6.638735935220681E-012 -6.563143248014967E-012
  -130.428925385139      -7.897958864191045E-012  6.361692145416140E-012
  -129.636044379758       9.045535909975795E-012 -5.317028378149678E-012
  -128.843163374377      -9.887584237947372E-012  3.387308419676097E-012
  -128.050282368996       1.013052931219442E-011 -6.803138056555640E-013
  -127.257401363616      -9.425258818750740E-012 -2.522199717650593E-012
  -126.464520358235       7.458631460028122E-012  5.742027105187782E-012
  -125.671639352854      -4.081054210156703E-012 -8.302001583767831E-012
  -124.878758347473      -5.440938199548767E-013  9.372700124435972E-012
  -124.085877342092       5.790887842478720E-012 -8.098941122974139E-012
  -123.292996336712      -1.045730706024463E-011  3.830211279297579E-012
  -122.500115331331       1.274247206988580E-011  3.534646598501035E-012
  -121.707234325950      -1.038722637023820E-011 -1.310080172334357E-011
  -120.914353320569       1.061871530238569E-012  2.247356136721415E-011
  -120.121472315189       1.691713027827286E-011 -2.728199519917690E-011
  -119.328591309808      -4.348294781239720E-011  2.085545952394177E-011
  -118.535710304427       7.532279332713313E-011  5.793757497043932E-012
  -117.742829299046      -1.040877598022404E-010 -6.353268494571776E-011
  -116.949948293665       1.145750866891194E-010  1.641188238263584E-010
  -116.157067288285      -8.342073659193464E-011 -3.186544878067809E-010
  -115.364186282904      -2.078525779774208E-011  5.355209534002158E-010
  -114.571305277523       2.347123512840714E-010 -8.176493056121560E-010
  -113.778424272142      -5.937411772481348E-010  1.158489857058536E-009
  -112.985543266762       1.121872605386896E-009 -1.535690067732791E-009
  -112.192662261381      -1.820744276157728E-009  1.902575296132900E-009
  -111.399781256000       2.662040205894817E-009 -2.180991514508259E-009
  -110.606900250619      -3.585611402208776E-009  2.262919530633530E-009
  -109.814019245238       4.500625744561828E-009 -2.027617475273507E-009
  -109.021138239858      -5.284859673024980E-009  1.373934350934106E-009
  -108.228257234477       5.782359670737558E-009 -2.594360782871620E-010
  -107.435376229096      -5.808003579888486E-009 -1.263805274561598E-009
  -106.642495223715       5.170516561786154E-009  3.023271825355525E-009
  -105.849614218334      -3.720705920419364E-009 -4.714209266186899E-009
  -105.056733212954       1.423426087090739E-009  5.908976488874431E-009
  -104.263852207573       1.555880763223884E-009 -6.099331600699925E-009
  -103.470971202192      -4.766210029221557E-009  4.785974007552931E-009
  -102.678090196811       7.411590180110593E-009 -1.627598875747189E-009
  -101.885209191431      -8.350395166306628E-009 -3.345390140621412E-009
  -101.092328186050       6.195720853230437E-009  9.459412092180602E-009
  -100.299447180669       4.336503354979953E-010 -1.509187091126207E-008
  -99.5065661752882      -1.245924262413519E-008  1.737352962403233E-008
  -98.7136851699074       2.963674282942274E-008 -1.195926835402377E-008
  -97.9208041645266      -4.956054133719347E-008 -7.065372008068771E-009
  -97.1279231591459       6.636740144003416E-008  4.709304243864324E-008
  -96.3350421537651      -6.918330590683547E-008 -1.167369108161189E-007
  -95.5421611483843       4.048784584896045E-008  2.255582424805687E-007
  -94.7492801430035       4.513384988819989E-008 -3.841007875480673E-007
  -93.9563991376227      -2.208213466044879E-007  6.045770189685471E-007
  -93.1635181322419       5.241041063858354E-007 -9.020002792651706E-007
  -92.3706371268612      -9.885355478753319E-007  1.293989377921235E-006
  -91.5777561214804       1.630427021074576E-006 -1.795432657424333E-006
  -90.7848751160996      -2.435673746983267E-006  2.404400290808286E-006
  -89.9919941107188       3.356202050421268E-006 -3.081551309997977E-006
  -89.1991131053380      -4.322717025058576E-006  3.735057076902913E-006
  -88.4062320999573       5.267771105047707E-006 -4.226594645813510E-006
  -87.6133510945765      -6.141450694838914E-006  4.402669807163445E-006
  -86.8204700891957       6.905943423622290E-006 -4.137197746577450E-006
  -86.0275890838149      -7.513285744974863E-006  3.364537647358690E-006
  -85.2347080784341       7.884399451967501E-006 -2.093038688369254E-006
  -84.4418270730533      -7.905107897163538E-006  4.041156397780138E-007
  -83.6489460676726       7.442628793833579E-006  1.553202927871442E-006
  -82.8560650622918      -6.376577978458580E-006 -3.567504101743009E-006
  -82.0631840569110       4.636246537557478E-006  5.372237482028470E-006
  -81.2703030515302      -2.237552552097788E-006 -6.660401354734985E-006
  -80.4774220461494      -6.853629562213671E-007  7.111300661423228E-006
  -79.6845410407687       3.858684982616145E-006 -6.431250357247285E-006
  -78.8916600353879      -6.862815811995416E-006  4.406843909535353E-006
  -78.0987790300071       9.146824354681060E-006 -9.661990298069055E-007
  -77.3058980246263      -1.006761094798370E-005 -3.759408746619206E-006
  -76.5130170192455       8.955539066036721E-006  9.383699967070266E-006
  -75.7201360138647      -5.204588829350616E-006 -1.523530611405428E-005
  -74.9272550084840      -1.619547638243589E-006  2.036194806675014E-005
  -74.1343740031032       1.166492041389352E-005 -2.358013566456670E-005
  -73.3414929977224      -2.468805316525723E-005  2.357814595627277E-005
  -72.5486119923416       3.997615310169419E-005 -1.907384071477078E-005
  -71.7557309869608      -5.631486799981145E-005  9.019657277886965E-006
  -70.9628499815800       7.201686760106132E-005  7.165020000825695E-006
  -70.1699689761993      -8.502213653945588E-005 -2.936751160795766E-005
  -69.3770879708185       9.307639365777385E-005  5.660633245098972E-005
  -68.5842069654377      -9.398950225522536E-005 -8.695472840629698E-005
  -67.7913259600569       8.596769565100810E-005  1.176017166921653E-004
  -66.9984449546761      -6.799639739805532E-005 -1.450665987581265E-004
  -66.2055639492953       4.022279189145252E-005  1.655560052315447E-004
  -65.4126829439146      -4.257700456650735E-006 -1.754323704869855E-004
  -64.6198019385338      -3.669844377033484E-005  1.717532870644897E-004
  -63.8269209331530       7.798741445247140E-005 -1.528348446768216E-004
  -63.0340399277722      -1.139245324994579E-004  1.187778168940175E-004
  -62.2411589223914       1.385180968949404E-004 -7.187205117763513E-005
  -61.4482779170106      -1.464137189741166E-004  1.677346223994515E-005
  -60.6553969116299       1.339562491955279E-004  3.965430076933571E-005
  -59.8625159062491      -1.002255600816826E-004 -8.891577515089527E-005
  -59.0696349008683       4.787479270110477E-005  1.219066087526485E-004
  -58.2767538954875       1.641345008636099E-005 -1.303406301185368E-004
  -57.4838728901067      -8.202750521921154E-005  1.084571500234223E-004
  -56.6909918847260       1.352179046342778E-004 -5.480661156996825E-005
  -55.8981108793452      -1.606405267269260E-004 -2.614915234916346E-005
  -55.1052298739644       1.436098847432903E-004  1.229177397477520E-004
  -54.3123488685836      -7.289762337008963E-005 -2.166226406176076E-004
  -53.5194678632028      -5.621852460459879E-005  2.816355550713837E-004
  -52.7265868578220       2.390711860540140E-004 -2.872930823904514E-004
  -51.9337058524413      -4.594010575919405E-004  2.006233064585569E-004
  -51.1408248470605       6.884263718231279E-004  1.019290934327233E-005
  -50.3479438416797      -8.858285707364317E-004 -3.720749173433596E-004
  -49.5550628362989       1.003327037749525E-003  9.035002624062486E-004
  -48.7621818309181      -9.914409275606096E-004 -1.611408166198686E-003
  -47.9693008255373       8.095929424775201E-004  2.488119827793714E-003
  -47.1764198201566      -4.383979704516894E-004 -3.506964588929392E-003
  -46.3835388147758      -1.095440215290800E-004  4.615213613259716E-003
  -45.5906578093950       7.867652805349076E-004 -5.725361169089861E-003
  -44.7977768040142      -1.521903076246839E-003  6.711253164762294E-003
  -44.0048957986334       2.243088870615740E-003 -7.419942178783868E-003
  -43.2120147932526      -2.900581108810052E-003  7.705440829082626E-003
  -42.4191337878719       3.471273099408266E-003 -7.474646699780559E-003
  -41.6262527824911      -3.940572625571798E-003  6.721540008917447E-003
  -40.8333717771103       4.277675598673519E-003 -5.530420949030902E-003
  -40.0404907717295      -4.426714574938955E-003  4.050378102360818E-003
  -39.2476097663487       4.321970658778491E-003 -2.459782107897774E-003
  -38.4547287609680      -3.916707578326053E-003  9.374247791960694E-004
  -37.6618477555872       3.209101963786523E-003  3.559417013363052E-004
  -36.8689667502064      -2.254952926032372E-003 -1.290610408215981E-003
  -36.0760857448256       1.165340226114318E-003  1.780355294876868E-003
  -35.2832047394448      -9.197627140226821E-005 -1.794993990986105E-003
  -34.4903237340640      -7.960141592303264E-004  1.370434400861459E-003
  -33.6974427286833       1.340343926374274E-003 -6.125827726101962E-004
  -32.9045617233025      -1.423320520229241E-003 -3.077551193249389E-004
  -32.1116807179217       9.953425007865762E-004  1.170262023413389E-003
  -31.3187997125409      -9.623685838515055E-005 -1.730179713919396E-003
  -30.5259187071601      -1.133152798709282E-003  1.750509287379594E-003
  -29.7330377017793       2.451865172580113E-003 -1.036930516023538E-003
  -28.9401566963986      -3.533717656902472E-003 -5.306096278591988E-004
  -28.1472756910178       3.996628293076527E-003  2.976901933025725E-003
  -27.3543946856370      -3.446795244310951E-003 -6.228524108764607E-003
  -26.5615136802562       1.540235008265857E-003  1.013378502864583E-002
  -25.7686326748754       1.932642912060792E-003 -1.450130026524479E-002
  -24.9757516694946      -6.936823491373237E-003  1.913374452822320E-002
  -24.1828706641139       1.307940974256074E-002 -2.381149563877361E-002
  -23.3899896587331      -1.956988681298208E-002  2.819072539141568E-002
  -22.5971086533523       2.536604657280717E-002 -3.166581376858631E-002
  -21.8042276479715      -2.953059512767586E-002  3.336821277274185E-002
  -21.0113466425907       3.160447514169328E-002 -3.245537552401905E-002
  -20.2184656372100      -3.169207972552728E-002  2.857891760460273E-002
  -19.4255846318292       3.018580512149670E-002 -2.217072825171557E-002
  -18.6327036264484      -2.741256494378236E-002  1.431189021570854E-002
  -17.8398226210676       2.351502929845152E-002 -6.325710108273781E-003
  -17.0469416156868      -1.858867089991282E-002 -5.984550061302767E-004
  -16.2540606103060       1.287906638833542E-002  5.598887788256767E-003
  -15.4611796049253      -6.878387998531419E-003 -8.195702533235283E-003
  -14.6682985995445       1.291013946963784E-003  8.295778448424915E-003
  -13.8754175941637       3.088360953427582E-003 -6.190051176855208E-003
  -13.0825365887829      -5.535143185028836E-003  2.538592053335701E-003
  -12.2896555834021       5.561351915857726E-003  1.674585289374241E-003
  -11.4967745780213      -3.068771058683800E-003 -5.228698307254664E-003
  -10.7038935726406      -1.523207215863254E-003  6.795704522826231E-003
  -9.91101256725978       7.179581251363840E-003 -5.101934402747025E-003
  -9.11813156187900      -1.217381586252747E-002 -8.986300771288528E-004
  -8.32525055649822       1.400500996941005E-002  1.187552601731449E-002
  -7.53236955111743      -9.247056321721200E-003 -2.807094226551867E-002
  -6.73948854573665      -6.760160777450550E-003  4.952078435755785E-002
  -5.94660754035587       4.040467306757867E-002 -7.696022381020676E-002
  -5.15372653497509      -0.100045325130649       0.114220035172898     
  -4.36084552959430       0.194081371553614      -0.172935628891389     
  -3.56796452421352      -0.322445376764146       0.277903106746486     
  -2.77508351883274       0.458083688234528      -0.463559422507721     
  -1.98220251345196      -0.530189197531642       0.744966106721705     
  -1.18932150807117       0.446783854904379       -1.06710520813708     
 -0.396440502690391      -0.177549814225975        1.29290906746241     
  0.396440502690391      -0.177549814225975       -1.29290906746241     
   1.18932150807117       0.446783854904379        1.06710520813708     
   1.98220251345196      -0.530189197531642      -0.744966106721705     
   2.77508351883274       0.458083688234528       0.463559422507721     
   3.56796452421352      -0.322445376764146      -0.277903106746486     
   4.36084552959430       0.194081371553614       0.172935628891389     
   5.15372653497509      -0.100045325130649      -0.114220035172898     
   5.94660754035587       4.040467306757867E-002  7.696022381020676E-002
   6.73948854573665      -6.760160777450550E-003 -4.952078435755785E-002
   7.53236955111743      -9.247056321721200E-003  2.807094226551867E-002
   8.32525055649822       1.400500996941005E-002 -1.187552601731449E-002
   9.11813156187900      -1.217381586252747E-002  8.986300771288528E-004
   9.91101256725978       7.179581251363840E-003  5.101934402747025E-003
   10.7038935726406      -1.523207215863254E-003 -6.795704522826231E-003
   11.4967745780213      -3.068771058683800E-003  5.228698307254664E-003
   12.2896555834021       5.561351915857726E-003 -1.674585289374241E-003
   13.0825365887829      -5.535143185028836E-003 -2.538592053335701E-003
   13.8754175941637       3.088360953427582E-003  6.190051176855208E-003
   14.6682985995445       1.291013946963784E-003 -8.295778448424915E-003
   15.4611796049253      -6.878387998531419E-003  8.195702533235283E-003
   16.2540606103060       1.287906638833542E-002 -5.598887788256767E-003
   17.0469416156868      -1.858867089991282E-002  5.984550061302767E-004
   17.8398226210676       2.351502929845152E-002  6.325710108273781E-003
   18.6327036264484      -2.741256494378236E-002 -1.431189021570854E-002
   19.4255846318292       3.018580512149670E-002  2.217072825171557E-002
   20.2184656372100      -3.169207972552728E-002 -2.857891760460273E-002
   21.0113466425907       3.160447514169328E-002  3.245537552401905E-002
   21.8042276479715      -2.953059512767586E-002 -3.336821277274185E-002
   22.5971086533523       2.536604657280717E-002  3.166581376858631E-002
   23.3899896587331      -1.956988681298208E-002 -2.819072539141568E-002
   24.1828706641139       1.307940974256074E-002  2.381149563877361E-002
   24.9757516694946      -6.936823491373237E-003 -1.913374452822320E-002
   25.7686326748754       1.932642912060792E-003  1.450130026524479E-002
   26.5615136802562       1.540235008265857E-003 -1.013378502864583E-002
   27.3543946856370      -3.446795244310951E-003  6.228524108764607E-003
   28.1472756910178       3.996628293076527E-003 -2.976901933025725E-003
   28.9401566963986      -3.533717656902472E-003  5.306096278591988E-004
   29.7330377017793       2.451865172580113E-003  1.036930516023538E-003
   30.5259187071601      -1.133152798709282E-003 -1.750509287379594E-003
   31.3187997125409      -9.623685838515055E-005  1.730179713919396E-003
   32.1116807179217       9.953425007865762E-004 -1.170262023413389E-003
   32.9045617233025      -1.423320520229241E-003  3.077551193249389E-004
   33.6974427286833       1.340343926374274E-003  6.125827726101962E-004
   34.4903237340640      -7.960141592303264E-004 -1.370434400861459E-003
   35.2832047394448      -9.197627140226821E-005  1.794993990986105E-003
   36.0760857448256       1.165340226114318E-003 -1.780355294876868E-003
   36.8689667502064      -2.254952926032372E-003  1.290610408215981E-003
   37.6618477555872       3.209101963786523E-003 -3.559417013363052E-004
   38.4547287609680      -3.916707578326053E-003 -9.374247791960694E-004
   39.2476097663487       4.321970658778491E-003  2.459782107897774E-003
   40.0404907717295      -4.426714574938955E-003 -4.050378102360818E-003
   40.8333717771103       4.277675598673519E-003  5.530420949030902E-003
   41.6262527824911      -3.940572625571798E-003 -6.721540008917447E-003
   42.4191337878719       3.471273099408266E-003  7.474646699780559E-003
   43.2120147932526      -2.900581108810052E-003 -7.705440829082626E-003
   44.0048957986334       2.243088870615740E-003  7.419942178783868E-003
   44.7977768040142      -1.521903076246839E-003 -6.711253164762294E-003
   45.5906578093950       7.867652805349076E-004  5.725361169089861E-003
   46.3835388147758      -1.095440215290800E-004 -4.615213613259716E-003
   47.1764198201566      -4.383979704516894E-004  3.506964588929392E-003
   47.9693008255373       8.095929424775201E-004 -2.488119827793714E-003
   48.7621818309181      -9.914409275606096E-004  1.611408166198686E-003
   49.5550628362989       1.003327037749525E-003 -9.035002624062486E-004
   50.3479438416797      -8.858285707364317E-004  3.720749173433596E-004
   51.1408248470605       6.884263718231279E-004 -1.019290934327233E-005
   51.9337058524412      -4.594010575919405E-004 -2.006233064585569E-004
   52.7265868578220       2.390711860540140E-004  2.872930823904514E-004
   53.5194678632028      -5.621852460459879E-005 -2.816355550713837E-004
   54.3123488685836      -7.289762337008963E-005  2.166226406176076E-004
   55.1052298739644       1.436098847432903E-004 -1.229177397477520E-004
   55.8981108793452      -1.606405267269260E-004  2.614915234916346E-005
   56.6909918847259       1.352179046342778E-004  5.480661156996825E-005
   57.4838728901067      -8.202750521921154E-005 -1.084571500234223E-004
   58.2767538954875       1.641345008636099E-005  1.303406301185368E-004
   59.0696349008683       4.787479270110477E-005 -1.219066087526485E-004
   59.8625159062491      -1.002255600816826E-004  8.891577515089527E-005
   60.6553969116299       1.339562491955279E-004 -3.965430076933571E-005
   61.4482779170106      -1.464137189741166E-004 -1.677346223994515E-005
   62.2411589223914       1.385180968949404E-004  7.187205117763513E-005
   63.0340399277722      -1.139245324994579E-004 -1.187778168940175E-004
   63.8269209331530       7.798741445247140E-005  1.528348446768216E-004
   64.6198019385338      -3.669844377033484E-005 -1.717532870644897E-004
   65.4126829439146      -4.257700456650735E-006  1.754323704869855E-004
   66.2055639492953       4.022279189145252E-005 -1.655560052315447E-004
   66.9984449546761      -6.799639739805532E-005  1.450665987581265E-004
   67.7913259600569       8.596769565100810E-005 -1.176017166921653E-004
   68.5842069654377      -9.398950225522536E-005  8.695472840629698E-005
   69.3770879708185       9.307639365777385E-005 -5.660633245098972E-005
   70.1699689761992      -8.502213653945588E-005  2.936751160795766E-005
   70.9628499815800       7.201686760106132E-005 -7.165020000825695E-006
   71.7557309869608      -5.631486799981145E-005 -9.019657277886965E-006
   72.5486119923416       3.997615310169419E-005  1.907384071477078E-005
   73.3414929977224      -2.468805316525723E-005 -2.357814595627277E-005
   74.1343740031032       1.166492041389352E-005  2.358013566456670E-005
   74.9272550084840      -1.619547638243589E-006 -2.036194806675014E-005
   75.7201360138647      -5.204588829350616E-006  1.523530611405428E-005
   76.5130170192455       8.955539066036721E-006 -9.383699967070266E-006
   77.3058980246263      -1.006761094798370E-005  3.759408746619206E-006
   78.0987790300071       9.146824354681060E-006  9.661990298069055E-007
   78.8916600353879      -6.862815811995416E-006 -4.406843909535353E-006
   79.6845410407687       3.858684982616145E-006  6.431250357247285E-006
   80.4774220461494      -6.853629562213671E-007 -7.111300661423228E-006
   81.2703030515302      -2.237552552097788E-006  6.660401354734985E-006
   82.0631840569110       4.636246537557478E-006 -5.372237482028470E-006
   82.8560650622918      -6.376577978458580E-006  3.567504101743009E-006
   83.6489460676726       7.442628793833579E-006 -1.553202927871442E-006
   84.4418270730533      -7.905107897163538E-006 -4.041156397780138E-007
   85.2347080784341       7.884399451967501E-006  2.093038688369254E-006
   86.0275890838149      -7.513285744974863E-006 -3.364537647358690E-006
   86.8204700891957       6.905943423622290E-006  4.137197746577450E-006
   87.6133510945765      -6.141450694838914E-006 -4.402669807163445E-006
   88.4062320999573       5.267771105047707E-006  4.226594645813510E-006
   89.1991131053380      -4.322717025058576E-006 -3.735057076902913E-006
   89.9919941107188       3.356202050421268E-006  3.081551309997977E-006
   90.7848751160996      -2.435673746983267E-006 -2.404400290808286E-006
   91.5777561214804       1.630427021074576E-006  1.795432657424333E-006
   92.3706371268612      -9.885355478753319E-007 -1.293989377921235E-006
   93.1635181322419       5.241041063858354E-007  9.020002792651706E-007
   93.9563991376227      -2.208213466044879E-007 -6.045770189685471E-007
   94.7492801430035       4.513384988819989E-008  3.841007875480673E-007
   95.5421611483843       4.048784584896045E-008 -2.255582424805687E-007
   96.3350421537651      -6.918330590683547E-008  1.167369108161189E-007
   97.1279231591459       6.636740144003416E-008 -4.709304243864324E-008
   97.9208041645266      -4.956054133719347E-008  7.065372008068771E-009
   98.7136851699074       2.963674282942274E-008  1.195926835402377E-008
   99.5065661752882      -1.245924262413519E-008 -1.737352962403233E-008
   100.299447180669       4.336503354979953E-010  1.509187091126207E-008
   101.092328186050       6.195720853230437E-009 -9.459412092180602E-009
   101.885209191431      -8.350395166306628E-009  3.345390140621412E-009
   102.678090196811       7.411590180110593E-009  1.627598875747189E-009
   103.470971202192      -4.766210029221557E-009 -4.785974007552931E-009
   104.263852207573       1.555880763223884E-009  6.099331600699925E-009
   105.056733212954       1.423426087090739E-009 -5.908976488874431E-009
   105.849614218334      -3.720705920419364E-009  4.714209266186899E-009
   106.642495223715       5.170516561786154E-009 -3.023271825355525E-009
   107.435376229096      -5.808003579888486E-009  1.263805274561598E-009
   108.228257234477       5.782359670737558E-009  2.594360782871620E-010
   109.021138239858      -5.284859673024980E-009 -1.373934350934106E-009
   109.814019245238       4.500625744561828E-009  2.027617475273507E-009
   110.606900250619      -3.585611402208776E-009 -2.262919530633530E-009
   111.399781256000       2.662040205894817E-009  2.180991514508259E-009
   112.192662261381      -1.820744276157728E-009 -1.902575296132900E-009
   112.985543266762       1.121872605386896E-009  1.535690067732791E-009
   113.778424272142      -5.937411772481348E-010 -1.158489857058536E-009
   114.571305277523       2.347123512840714E-010  8.176493056121560E-010
   115.364186282904      -2.078525779774208E-011 -5.355209534002158E-010
   116.157067288285      -8.342073659193464E-011  3.186544878067809E-010
   116.949948293665       1.145750866891194E-010 -1.641188238263584E-010
   117.742829299046      -1.040877598022404E-010  6.353268494571776E-011
   118.535710304427       7.532279332713313E-011 -5.793757497043932E-012
   119.328591309808      -4.348294781239720E-011 -2.085545952394177E-011
   120.121472315189       1.691713027827286E-011  2.728199519917690E-011
   120.914353320569       1.061871530238569E-012 -2.247356136721415E-011
   121.707234325950      -1.038722637023820E-011  1.310080172334357E-011
   122.500115331331       1.274247206988580E-011 -3.534646598501035E-012
   123.292996336712      -1.045730706024463E-011 -3.830211279297579E-012
   124.085877342092       5.790887842478720E-012  8.098941122974139E-012
   124.878758347473      -5.440938199548767E-013 -9.372700124435972E-012
   125.671639352854      -4.081054210156703E-012  8.302001583767831E-012
   126.464520358235       7.458631460028122E-012 -5.742027105187782E-012
   127.257401363616      -9.425258818750740E-012  2.522199717650593E-012
   128.050282368996       1.013052931219442E-011  6.803138056555640E-013
   128.843163374377      -9.887584237947372E-012 -3.387308419676097E-012
   129.636044379758       9.045535909975795E-012  5.317028378149678E-012
   130.428925385139      -7.897958864191045E-012 -6.361692145416140E-012
   131.221806390520       6.638735935220681E-012  6.563143248014967E-012
   132.014687395900      -5.369049861955785E-012 -6.085962400636339E-012
   132.807568401281       4.140512219301973E-012  5.174401650147963E-012
   133.600449406662      -2.999980026245008E-012 -4.088129685035079E-012
   134.393330412043       2.004736882199013E-012  3.036414648001777E-012
   135.186211417423      -1.206077985053949E-012 -2.141542808628758E-012
   135.979092422804       6.259703492327016E-013  1.443548634202543E-012
   136.771973428185      -2.496715319152346E-013 -9.304138528318062E-013
   137.564854433566       3.658741859577685E-014  5.691554233376279E-013
   138.357735438947       6.235071942149098E-014 -3.246358402205234E-013
   139.150616444327      -9.139385199530164E-014  1.666111943196264E-013
   139.943497449708       8.394754683311610E-014 -7.070899381633618E-014
   140.736378455089      -6.200706167933169E-014  1.767229831933811E-014
   141.529259460470       3.822913254600029E-014  7.417841262244598E-015
   142.322140465850      -1.867189947783435E-014 -1.570703398993401E-014
   143.115021471231       5.255579043229893E-015  1.507578725204681E-014
   143.907902476612       2.365506909119971E-015 -1.069583930409339E-014
   144.700783481993      -5.529403780174546E-015  5.631003196889031E-015
   145.493664487374       5.789229045917767E-015 -1.426829474566975E-015
   146.286545492754      -4.503102583449436E-015 -1.367995579237879E-015
   147.079426498135       2.671021493195603E-015  2.783893606895589E-015
   147.872307503516      -9.205269883624910E-016 -3.126655635810768E-015
   148.665188508897      -4.315448600401976E-016  2.778996941175438E-015
   149.458069514277       1.290172381643575E-015 -2.087803938082352E-015
   150.250950519658      -1.695400195143213E-015  1.313784085355150E-015
   151.043831525039       1.752297539274895E-015 -6.215278604578976E-016
   151.836712530420      -1.582226020078377E-015  9.203053676219736E-017
   152.629593535801       1.294054538794571E-015  2.553070342567027E-016
   153.422474541181      -9.710233425169715E-016 -4.395043787183657E-016
   154.215355546562       6.681384551333239E-016  4.982312292160605E-016
   155.008236551943      -4.154976504953980E-016 -4.733824337404801E-016
   155.801117557324       2.241391232339800E-016  4.022182217439021E-016
   156.593998562705      -9.228963882900704E-017 -3.132391824739044E-016
   157.386879568085       1.089268716604623E-017  2.254428744190953E-016
   158.179760573466       3.207534061593441E-017 -1.495438112855845E-016
   158.972641578847      -4.863185975910474E-017  9.000632000215235E-017
   159.765522584228       4.906109277611307E-017 -4.714342362393261E-017
   160.558403589608      -4.118950201707203E-017  1.889979391894626E-017
   161.351284594989       3.035382507797046E-017 -2.185274820359665E-018
   162.144165600370      -1.976358102778591E-017 -6.236206930228226E-018
   162.937046605751       1.102253554943584E-017  9.232637028294207E-018
   163.729927611132      -4.653082385481920E-018 -9.072207044387644E-018
   164.522808616512       5.391782855565199E-019  7.381698696611207E-018
   165.315689621893       1.743576187435730E-018 -5.215836330621060E-018
   166.108570627274      -2.708961285018354E-018  3.177267888671259E-018
   166.901451632655       2.833506922151468E-018 -1.546342661501837E-018
   167.694332638036      -2.497664047400002E-018  3.968924178560427E-019
   168.487213643416       1.971219229022237E-018  3.127525101878876E-019
   169.280094648797      -1.423715090785963E-018 -6.755226067520421E-019
   170.072975654178       9.459859976597551E-019  7.951116921381050E-019
   170.865856659559      -5.739187447646186E-019 -7.639525080519676E-019
   171.658737664939       3.095400060885683E-019  6.540185478430686E-019
   172.451618670320      -1.373395578542634E-019 -5.154961272512509E-019
   173.244499675701       3.548451936561900E-020  3.795450318343463E-019
   174.037380681082       1.746719557362693E-020 -2.626229660474282E-019
   174.830261686463      -3.931189203454516E-020  1.709243205306017E-019
   175.623142691843       4.325616759287776E-020 -1.042391443712812E-019
   176.416023697224      -3.825807238187536E-020  5.897246381203655E-020
   177.208904702605       2.989393445994102E-020 -3.028112509756874E-020
   178.001785707986      -2.129868259077898E-020  1.340379350669666E-020
   178.794666713366       1.397658431811098E-020 -4.338371210228244E-021
   179.587547718747      -8.427225347405446E-021  6.123952558168728E-023
   180.380428724128       4.595385443773181E-021  1.523520605606155E-021
   181.173309729509      -2.172751420608135E-021 -1.757940160813735E-021
   181.966190734890       7.830181547214808E-022  1.432469798517289E-021
   182.759071740270      -8.126129093362150E-023 -9.673308309479257E-022
   183.551952745651      -2.044384343794778E-022  5.540578938546856E-022
   184.344833751032       2.660408216879537E-022 -2.556206942229134E-022
   185.137714756413      -2.261764759407243E-022  7.142460697333172E-023
   185.930595761794       1.551264250547406E-022  2.409667350428800E-023
   186.723476767174      -8.773263108273368E-023 -6.098038064934829E-023
   187.516357772555       3.726581308889487E-023  6.457949557385275E-023
   188.309238777936      -5.429894810605934E-024 -5.284169522605384E-023
   189.102119783317      -1.117172545009649E-023  3.676256775472427E-023
   189.895000788697       1.731717110104912E-023 -2.204661384058038E-023
   190.687881794078      -1.733686272950746E-023  1.092255137498374E-023
   191.480762799459       1.444450534040652E-023 -3.644769746167144E-024
   192.273643804840      -1.069106875119204E-023 -4.501931102420738E-025
   193.066524810221       7.190150753460982E-024  2.295820561922737E-024
   193.859405815601      -4.411096903961719E-024 -2.757041608375810E-024
   194.652286820982       2.439782524840745E-024  2.495098046337954E-024
   195.445167826363      -1.171283376382658E-024 -1.948836043010515E-024
   196.238048831744       4.334016281759004E-025  1.371037638589309E-024
   197.030929837124      -5.500079328432888E-026 -8.817772686886132E-025
   197.823810842505      -1.034868441458103E-025  5.185671182003314E-025
   198.616691847886       1.422321234348155E-025 -2.749558248157824E-025
   199.409572853267      -1.257839737993986E-025  1.262379202334765E-025
   200.202453858648       9.132988428728319E-026 -4.432871191619157E-026
   200.995334864028      -5.741964089323464E-026  4.932269500059856E-027
   201.788215869409       3.125949179183362E-026  1.006256798784786E-026
   202.581096874790      -1.399659542044704E-026 -1.272494731402450E-026
   203.373977880171       4.117761100449308E-027  1.029465605682346E-026
   204.166858885551       6.194569814388769E-028 -6.621422803676255E-027
   204.959739890932      -2.255306828492609E-027  3.423701751621757E-027
   205.752620896313       2.298217966666885E-027 -1.227088866799420E-027
   206.545501901694      -1.708756091003059E-027 -1.521828656454941E-029
   207.338382907075       1.013550454810471E-027  5.568159499320634E-028
   208.131263912455      -4.469169302997722E-028 -6.705624372317466E-028
   208.924144917836       7.273945806136818E-029  5.715956626534240E-028
   209.717025923217       1.283642161931155E-028 -4.006762344211360E-028
   210.509906928598      -2.051311729049014E-028  2.349481337686153E-028
   211.302787933979       2.071524752763470E-028 -1.070780022552296E-028
   212.095668939359      -1.730324688728386E-028  2.335888823645085E-029
   212.888549944740       1.279859507435577E-028  2.274242573717300E-029
   213.681430950121      -8.584605872401380E-029 -4.198169893079736E-029
   214.474311955502       5.244936976935794E-029  4.471907672577149E-029
   215.267192960882      -2.884386941178036E-029 -3.899878728487571E-029
   216.060073966263       1.371327317117617E-029  3.019333766822728E-029
   216.852954971644      -4.936087416916135E-030 -2.139570670882502E-029
   217.645835977025       4.353625819253149E-031  1.405475186642598E-029
   218.438716982406       1.458320422625987E-030 -8.587938191929010E-030
   219.231597987786      -1.928839934715044E-030  4.861104913871192E-030
   220.024478993167       1.733943793173481E-030 -2.513196739507621E-030
   220.817359998548      -1.310949814349164E-030  1.146676778287676E-030
   221.610241003929       8.814624878722520E-031 -4.197139412666268E-031
   222.403122009309      -5.358478400832010E-031  7.630832108103111E-032
   223.196003014690       2.933598107756282E-031  5.678803480180417E-032
   223.988884020071      -1.407168265817804E-031 -8.688089336014990E-032
   224.781765025452       5.429150828860067E-032  7.470383898058557E-032
   225.574646030833      -1.117465369289484E-032 -5.112054379417845E-032
   226.367527036213      -6.530237216601498E-033  2.951785820450910E-032
   227.160408041594       1.103100803282576E-032 -1.406400093862071E-032
   227.953289046975      -9.763815240350091E-033  4.712011651428270E-033
   228.746170052356       6.753629193134168E-033  6.015850280655303E-035
   229.539051057737      -3.864497169029379E-033 -1.932591861874208E-033
   230.331932063117       1.742375046460573E-033  2.235723580082606E-033
   231.124813068498      -4.376853190940562E-034 -1.850531376266113E-033
   231.917694073879      -2.292940688343268E-034  1.279275007394292E-033
   232.710575079260       4.806001108025283E-034 -7.616836123240174E-034
   233.503456084640      -5.012805295919788E-034  3.804980350829958E-034
   234.296337090021       4.185517212927996E-034 -1.382637258637501E-034
   235.089218095402      -3.075277437469590E-034  5.376259585965009E-036
   235.882099100783       2.055618052853663E-034  5.392966752112871E-035
   236.674980106164      -1.265067087092123E-034 -7.001599348259996E-035
   237.467861111544       7.164572075775283E-035  6.448145344027510E-035
   238.260742116925      -3.683183067677728E-035 -5.075204048462810E-035
   239.053623122306       1.653080341803344E-035  3.608973433621116E-035
   239.846504127687      -5.744065024755123E-036 -2.372099093291204E-035
   240.639385133067       6.714783903923116E-037  1.455190056397569E-035
   241.432266138448       1.267473975483173E-036 -8.350457763446944E-036
   242.225147143829      -1.670404447153494E-036  4.463307092637859E-036
   243.018028149210       1.440996045653441E-036 -2.193382651445365E-036
   243.810909154591      -1.039355495550437E-036  9.614845182100457E-037
   244.603790159971       6.667600422308641E-037 -3.473166321682306E-037
   245.396671165352      -3.879100444839380E-037  7.395333460676050E-038
   246.189552170733       2.045839139383765E-037  2.680308808915186E-038
   246.982433176114      -9.586584445834666E-038 -4.940015372926802E-038
   247.775314181495       3.754249661085110E-038  4.249216237150201E-038
   248.568195186875      -9.730622861768554E-039 -2.852959445186130E-038
   249.361076192256      -1.407607516064754E-039  1.621714188147499E-038
   250.153957197637       4.438972400508687E-039 -7.787515027779112E-039
   250.946838203018      -4.137981080896611E-039  2.891055588014255E-039
   251.739719208398       2.874745770320560E-039 -4.664205718981751E-040
   252.532600213779      -1.651327304697689E-039 -4.904027504110809E-040
   253.325481219160       7.758052834924447E-040  6.987503496982974E-040
   254.118362224541      -2.541851975628097E-040 -5.954674771242529E-040
   254.911243229922      -6.327389239272470E-042  4.096288805261274E-040
   255.704124235302       1.062183624963152E-040 -2.412135498995534E-040
   256.497005240683      -1.220639815055521E-040  1.206725331849377E-040
   257.289886246064       1.023841349412674E-040 -4.681829537101806E-041
   258.082767251445      -7.355197282639559E-041  7.761092622258542E-042
   258.875648256826       4.750281852761411E-041  9.201972506476468E-042
   259.668529262206      -2.806234497358484E-041 -1.395553238058557E-041
   260.461410267587       1.519077642833191E-041  1.299133729165056E-041
   261.254291272968      -7.438496421454718E-042 -1.003299042904069E-041
   262.047172278349       3.166554352080123E-042  6.924543718151424E-042
   262.840053283729      -1.032386163314554E-042 -4.395374031443140E-042
   263.632934289110       9.712498926912010E-044  2.597486657077281E-042
   264.425815294491       2.275946933015407E-043 -1.434335616021705E-042
   265.218696299872      -2.775367926529940E-043  7.378428336799949E-043
   266.011577305253       2.269013052254938E-043 -3.495745626789375E-043
   266.804458310633      -1.560662018144278E-043  1.484607714376565E-043
   267.597339316014       9.582745266623644E-044 -5.271953694960125E-044
   268.390220321395      -5.355125936530104E-044  1.196105296788647E-044
   269.183101326776       2.725617486651797E-044  2.479549261153802E-045
   269.975982332156      -1.242447270992439E-044 -5.675881333709968E-045
   270.768863337537       4.820762909889752E-045  4.887112207968323E-045
   271.561744342918      -1.334122173525973E-045 -3.229437234620903E-045
   272.354625348299      -2.537774461784161E-047  1.810412537802902E-045
   273.147506353680       4.028483452681192E-046 -8.702916355597031E-046
   273.940387359060      -3.947973942451176E-046  3.394666055210295E-046
   274.733268364441       2.786767349925291E-046 -8.081826478608907E-047
   275.526149369822      -1.643125471959395E-046 -2.306199093331144E-047
   276.319030375203       8.293887922591719E-047  5.062061680347018E-047
   277.111911380583      -3.438698519437785E-047 -4.677925394198092E-047
   277.904792385964       9.395894695055495E-048  3.393271376887456E-047
   278.697673391345       1.382256902827902E-048 -2.148421537726431E-047
   279.490554396726      -4.721888778582394E-048  1.229447518662002E-047
   280.283435402107       4.751992408414027E-048 -6.428050908348092E-048
   281.076316407487      -3.665163258864966E-048  3.058284916930884E-048
   281.869197412868       2.462292448936399E-048 -1.294517420952678E-048
   282.662078418249      -1.503189964359199E-048  4.560105310311253E-049
   283.454959423630       8.484624906549564E-049 -1.019349567767504E-049
   284.247840429011      -4.456038429317623E-049 -2.212752462403228E-050
   285.040721434391       2.176397414125280E-049  4.927439420368049E-050
   285.833602439772      -9.814036365648840E-050 -4.260082878981983E-050
   286.626483445153       4.013674757398934E-050  2.865907758206319E-050
   287.419364450534      -1.428166385391244E-050 -1.670121958094120E-050
   288.212245455914       3.920740082062804E-051  8.691447524195578E-051
   289.005126461295      -3.803255390593764E-052 -4.048183263426159E-051
   289.798007466676      -4.868612739738714E-052  1.651915549136549E-051
   290.590888472057       4.823095672952741E-052 -5.516925837110858E-052
   291.383769477438      -2.954193976507809E-052  1.147347790919205E-052
   292.176650482818       1.391388625550217E-052  2.211682936050069E-053
   292.969531488199      -4.867581455415019E-053 -4.314481933847813E-053
   293.762412493580       7.704491464398896E-054  3.050176637056681E-053
   294.555293498961       5.807603415337800E-054 -1.495723182886372E-053
   295.348174504342      -7.268743943376503E-054  4.714252581534364E-054
   296.141055509722       4.953053897214081E-054  2.172963573266975E-055
   296.933936515103      -2.399913845402672E-054 -1.801582300872347E-054
   297.726817520484       6.707095357793153E-055  1.790028290329467E-054
   298.519698525865       2.111105423043063E-055 -1.253736230021609E-054
   299.312579531245      -5.216848372914247E-055  7.009590833305097E-055
   300.105460536626       5.327712103403661E-055 -3.029850875042373E-055
   300.898341542007      -4.268246243810904E-055  7.152519466789607E-056
   301.691222547388       3.009962454030427E-055  3.679490411213846E-056
   302.484103552769      -1.953409708223489E-055 -7.102823845463917E-056
   303.276984558149       1.192577507447253E-055  6.849872057643675E-056
   304.069865563530      -6.919361232264816E-056 -5.244298132825230E-056
   304.862746568911       3.819109751007095E-056  3.500641957956407E-056
   305.655627574292      -1.991131432226377E-056 -2.112892921214451E-056
   306.448508579672       9.671922158196663E-057  1.176696683513853E-056
   307.241389585053      -4.289826220240142E-057 -6.133409900010017E-057
   308.034270590434       1.682208471986679E-057  3.022136904532704E-057
   308.827151595815      -5.435966463196608E-058 -1.413505033736754E-057
   309.620032601196       1.114835124261877E-058  6.251086678884254E-058
   310.412913606576       1.877390151998831E-059 -2.576210384839072E-058
   311.205794611957      -3.895099462540555E-059  9.586646160813132E-059
   311.998675617338       2.871367507563519E-059 -2.992541165132566E-059
   312.791556622719      -1.578952101030972E-059  6.011577120425848E-060
   313.584437628099       7.035320024411412E-060  9.632309225681528E-061
   314.377318633480      -2.417570526859436E-060 -1.971912640331641E-060
   315.170199638861       4.311119800592014E-061  1.382396294445831E-060
   315.963080644242       2.139721377053850E-061 -6.826208892289325E-061
   316.755961649623      -2.994736452460762E-061  2.300087164963471E-061
   317.548842655003       2.126900043352996E-061 -1.130161144889151E-062
   318.341723660384      -1.108259670175807E-061 -6.384539546225589E-062
   319.134604665765       3.985316536806229E-062  7.071512490699853E-062
   319.927485671146      -1.708122213720203E-063 -5.384596310738911E-062
   320.720366676527      -1.390505622352639E-062  3.417770554727016E-062
   321.513247681907       1.721247398593959E-062 -1.906218025979203E-062
   322.306128687288      -1.512795633279879E-062  9.512249663185849E-063
   323.099009692669       1.144344581151000E-062 -4.286305019494931E-063
   323.891890698050      -7.879370321974002E-063  1.784329188749911E-063
   324.684771703430       5.033434580412425E-063 -7.383510629932382E-064
   325.477652708811      -2.992897697466250E-063  3.466423096093594E-064
   326.270533714192       1.650847296574417E-063 -1.940651417933373E-064
   327.063414719573      -8.415884583549983E-064  1.136213394338136E-064
   327.856295724954       3.965693072932992E-064 -5.963393860155149E-065
   328.649176730334      -1.736156808879142E-064  2.528206100569150E-065
   329.442057735715       7.118115115974740E-065 -7.404977598690686E-066
   330.234938741096      -2.749103572804057E-065  3.241011693749020E-067
   331.027819746477       9.976630288848940E-066  1.434864712667577E-066
   331.820700751857      -3.340924746588449E-066 -1.290643826401017E-066
   332.613581757238       9.832586633490238E-067  7.793045175468999E-067
   333.406462762619      -2.201544869124209E-067 -3.820128016258623E-067
   334.199343768000       1.141639088069054E-068  1.576918872765599E-067
   334.992224773381       2.522968423775482E-068 -5.306785350662708E-068
   335.785105778761      -1.948584701017125E-068  1.210626771178233E-068
   336.577986784142       9.493077671382106E-069  5.416700793317314E-070
   337.370867789523      -3.232840533848846E-069 -2.704541822921150E-069
   338.163748794904       4.454706381582124E-070  1.955462488304968E-069
   338.956629800285       4.178009980309354E-070 -9.351743121533408E-070
   339.749510805665      -4.830405483860837E-070  2.820199913417124E-070
   340.542391811046       3.237355631472184E-070  1.853494333898719E-071
   341.335272816427      -1.637108512356567E-070 -1.105240356878279E-070
   342.128153821808       5.974588893273043E-071  1.096055555767974E-070
   342.921034827188      -6.965603206843168E-072 -8.036683504822164E-071
   343.713915832569      -1.338464880232226E-071  5.074976374075234E-071
   344.506796837950       1.724330177137402E-071 -2.912778905273208E-071
   345.299677843331      -1.449445570929228E-071  1.563327064197157E-071
   346.092558848712       1.017140263641847E-071 -7.995686443929755E-072
   346.885439854092      -6.357860713198372E-072  3.943555174766410E-072
   347.678320859473       3.630100327471975E-072 -1.879705292698731E-072
   348.471201864854      -1.916752606239045E-072  8.565946785132587E-073
   349.264082870235       9.437559843482153E-073 -3.641331663556915E-073
   350.056963875615      -4.364703970588160E-073  1.386008453720441E-073
   350.849844880996       1.907838643217229E-073 -4.361530384183334E-074
   351.642725886377      -7.907883189608289E-074  8.609078314453312E-075
   352.435606891758       3.101505975488278E-074  1.577825160901894E-075
   353.228487897139      -1.138531277606506E-074 -3.025993177848110E-075
   354.021368902519       3.811261379137694E-075  2.193187268272571E-075
   354.814249907900      -1.093478283953042E-075 -1.216841631127014E-075
   355.607130913281       2.184488350910243E-076  5.741353310828358E-076
   356.400011918662       1.219039102284508E-077 -2.351515266757592E-076
   357.192892924042      -4.514601803944522E-077  8.135642341790326E-077
   357.985773929423       3.195957301616147E-077 -2.090492486381020E-077
   358.778654934804      -1.631997266288357E-077  1.224359050228210E-078
   359.571535940185       6.649239400958530E-078  3.110513157294868E-078
   360.364416945566      -2.013711650075502E-078 -2.795894051942778E-078
   361.157297950946       2.177707224952020E-079  1.673488605376622E-078
   361.950178956327       2.871989035968978E-079 -8.085770017267050E-079
   362.743059961708      -3.161511503156657E-079  3.197990703255500E-079
   363.535940967089       2.225968446629284E-079 -9.186493281082654E-080
   364.328821972470      -1.304031154969384E-079  4.495392308055972E-081
   365.121702977850       6.808789563066818E-080  1.942075856927001E-080
   365.914583983231      -3.254266723420520E-080 -1.977391118967312E-080
   366.707464988612       1.438944080608213E-080  1.402974832124934E-080
   367.500345993993      -5.891496143052218E-081 -8.466417530158334E-081
   368.293226999373       2.211940104675712E-081  4.604566574865644E-081
   369.086108004754      -7.391642440238180E-082 -2.311020905923211E-081
   369.878989010135       2.012581277515749E-082  1.082123534320173E-081
   370.671870015516      -2.894254215471453E-083 -4.749958842571023E-082
   371.464751020897      -1.365087053517126E-083  1.956392139038452E-082
   372.257632026277       1.666529880341489E-083 -7.539845608593918E-083
   373.050513031658      -1.114220784077091E-083  2.696521267783300E-083
   373.843394037039       6.014913561386604E-084 -8.783215003148024E-084
   374.636275042420      -2.838919337158772E-084  2.495373791371557E-084
   375.429156047801       1.199378279533155E-084 -5.453571915598982E-085
   376.222037053181      -4.535384142087059E-085  3.859511832303201E-086
   377.014918058562       1.500984329562701E-085  4.724035543877096E-086
   377.807799063943      -4.053479558169944E-086 -3.709459949693962E-086
   378.600680069324       6.711310573244640E-087  1.835985995241069E-086
   379.393561074704       1.186175009405249E-087 -7.041223925620840E-087
   380.186442080085      -1.769454237212404E-087  2.033174331355262E-087
   380.979323085466       1.015392570312786E-087 -2.927032132390604E-088
   381.772204090847      -4.112663588499360E-088 -1.318061632424837E-088
   382.565085096228       1.132287015269307E-088  1.454873586361963E-088
   383.357966101608      -5.099183384580883E-090 -8.208237339963070E-089
   384.150847106989      -1.932346974580498E-089  3.306462297759683E-089
   384.943728112370       1.657604872050391E-089 -8.366136707740126E-090
   385.736609117751      -9.301953081084665E-090 -7.762970188866361E-091
   386.529490123131       3.984058938382358E-090  2.746689851266755E-090
   387.322371128512      -1.192569682193600E-090 -2.276436366042266E-090
   388.115252133893       5.205459946159943E-092  1.386469906296640E-090
   388.908133139274       2.700082138503138E-091 -7.052778991058584E-091
   389.701014144655      -2.728897360191038E-091  3.071582673992530E-091
   390.493895150035       1.917352942054712E-091 -1.109832107855098E-091
   391.286776155416      -1.139890477218919E-091  2.825442861473253E-092
   392.079657160797       6.076882009273995E-092  3.374735935255588E-094
   392.872538166178      -2.973272911245046E-092 -6.867750992853364E-093
   393.665419171558       1.346604613245078E-092  6.152737103636756E-093
   394.458300176939      -5.640300120723365E-093 -4.011502024292370E-093
   395.251181182320       2.161072685429411E-093  2.243636282080999E-093
   396.044062187701      -7.362056895544347E-094 -1.132853579024563E-093
   396.836943193082       2.067037784437128E-094  5.270651385185453E-094
   397.629824198462      -3.488324528837739E-095 -2.275356219107240E-094
   398.422705203843      -8.609190072383015E-096  9.092426676993500E-095
   399.215586209224       1.288354574518755E-095 -3.318738746373600E-095
   400.008467214605      -8.621779610891701E-096  1.069602162818318E-095
   400.801348219986       4.509023317425938E-096 -2.769873607720996E-096
   401.594229225366      -2.019690631339053E-096  3.607362417749673E-097
   402.387110230747       7.863686888109312E-097  1.819238394009981E-097
   403.179991236128      -2.570607872755667E-097 -1.982347648414360E-097
   403.972872241509       6.024479603841013E-098  1.200536737603653E-097
   404.765753246890      -2.756412788228320E-100 -5.746216238937376E-098
   405.558634252270      -1.127504070998734E-098  2.286393042965246E-098
   406.351515257651       9.297856462415152E-099 -7.166766548383936E-099
   407.144396263032      -5.471649936172427E-099  1.209187455506889E-099
   407.937277268413       2.709846586906962E-099  5.363044537016695E-100
   408.730158273793      -1.174407814789088E-099 -7.582814603377842E-100
   409.523039279174       4.426449645186151E-100  5.683602469762099E-100
   410.315920284555      -1.365500257520901E-100 -3.485645107982553E-100
   411.108801289936       2.621533322959301E-101  1.922339480764583E-100
   411.901682295317       5.094471850800044E-102 -9.897288914220815E-101
   412.694563300697      -9.306360060913614E-102  4.842020423116919E-101
   413.487444306078       6.641494339401313E-102 -2.267086932944194E-101
   414.280325311459      -3.644026259767454E-102  1.015603793954908E-101
   415.073206316840       1.721985245858154E-102 -4.329329900481617E-102
   415.866087322220      -7.349217140163719E-103  1.742073611403906E-102
   416.658968327601       2.929721130971345E-103 -6.563769241518543E-103
   417.451849332982      -1.123499795019699E-103  2.299901654588046E-103
   418.244730338363       4.233191737835375E-104 -7.445416384041097E-104
   419.037611343744      -1.576078907630006E-104  2.204185990462473E-104
   419.830492349124       5.738223508529005E-105 -5.830969660003140E-105
   420.623373354505      -2.002119105406412E-105  1.295752491896774E-105
   421.416254359886       6.528833875103527E-106 -1.921311939486417E-106
   422.209135365267      -1.924840253131390E-106 -1.443143346258182E-107
   423.002016370648       4.826952891402161E-107  2.693542418399133E-107
   423.794897376028      -8.593290993934066E-108 -1.377445589742331E-107
   424.587778381409      -4.728900969058118E-110  4.963261565417295E-108
   425.380659386790       9.432961353762036E-109 -1.292937994473825E-108
   426.173540392171      -5.289932644465540E-109  1.514427636708769E-109
   426.966421397551       1.865565421181747E-109  8.084344368644793E-110
   427.759302402932      -3.633749512554430E-110 -7.252698077533659E-110
   428.552183408313      -7.817301009734714E-111  3.409584342110534E-110
   429.345064413694       1.263612787145238E-110 -1.022658349831197E-110
   430.137945419075      -8.073943822098364E-111  4.572755933747651E-112
   430.930826424455       3.717277841345158E-111  2.086020563433607E-111
   431.723707429836      -1.246591896948717E-111 -1.990762689294294E-111
   432.516588435217       1.810197894166576E-112  1.319334368541089E-111
   433.309469440598       1.552096091489855E-112 -7.472581099578919E-112
   434.102350445978      -1.938810915692128E-112  3.883502713418556E-112
   434.895231451359       1.439738599351284E-112 -1.926925233336787E-112
   435.688112456740      -8.686060686512266E-113  9.359014222542595E-113
   436.480993462121       4.559346257753229E-113 -4.486554776124165E-113
   437.273874467502      -2.126529031320246E-113  2.099330656702356E-113
   438.066755472882       8.890923491531857E-114 -9.358912271665529E-114
   438.859636478263      -3.366443646550639E-114  3.876706002331722E-114
   439.652517483644       1.176189052958623E-114 -1.466451255396772E-114
   440.445398489025      -3.901051928932993E-115  5.024003925507112E-115
   441.238279494405       1.266571013762526E-115 -1.553554728680808E-115
   442.031160499786      -4.103093745563461E-116  4.306829641831544E-116
   442.824041505167       1.323340804601854E-116 -1.044101467228634E-116
   443.616922510548      -4.163822719580825E-117  2.033912433954376E-117
   444.409803515929       1.240079660151562E-117 -2.065360986293598E-118
   445.202684521309      -3.356403691677251E-118 -6.799202369778039E-119
   445.995565526690       7.662160691565659E-119  5.660098399394289E-119
   446.788446532071      -1.156837031930890E-119 -2.492509135327107E-119
   447.581327537452      -9.807824578582135E-121  8.271078480611160E-120
   448.374208542832       1.745543194643574E-120 -2.033749592970952E-120
   449.167089548213      -8.936764959686056E-121  2.257435615091535E-121
   449.959970553594       3.164817030201138E-121  1.236539899467100E-121
   450.752851558975      -7.457650550730456E-122 -1.114273358492757E-121
   451.545732564356       5.137736922324795E-124  5.633613740501173E-122
   452.338613569736       1.260755926803832E-122 -2.156301334411855E-122
   453.131494575117      -9.790732601855408E-123  6.111960769325572E-123
   453.924375580498       5.424411747736211E-123 -7.517450635598388E-124
   454.717256585879      -2.564149055627001E-123 -5.585116328306425E-124
   455.510137591260       1.097034664261374E-123  5.960064067371943E-124
   456.303018596640      -4.377026521451849E-124 -3.802559065657051E-124
   457.095899602021       1.659783513588223E-124  1.985677704152226E-124
   457.888780607402      -6.045433999678146E-125 -9.136442944263413E-125
   458.681661612783       2.112922867980446E-125  3.805414445154290E-125
   459.474542618163      -6.975487146432934E-126 -1.453120675637349E-125
   460.267423623544       2.107728333933981E-126  5.130426046779082E-126
   461.060304628925      -5.525837469845586E-127 -1.686859231339186E-126
   461.853185634306       1.114004146147044E-127  5.190697307700784E-127
   462.646066639687      -8.890610233458246E-129 -1.493832543022068E-127
   463.438947645067      -6.087115749071805E-129  3.976011217529184E-128
   464.231828650448       4.381333863111093E-129 -9.495322796055252E-129
   465.024709655829      -1.894424652772662E-129  1.884940389225401E-129
   465.817590661210       6.415830402623199E-130 -2.339818169639206E-130
   466.610471666591      -1.752959764256891E-130 -2.820368041915185E-131
   467.403352671971       3.527910508696525E-131  3.217471744933717E-131
   468.196233677352      -2.543903330665355E-132 -1.323969638667545E-131
   468.989114682733      -1.945092654698849E-132  3.549500086683041E-132
   469.781995688114       1.228281377514490E-132 -4.392228333556691E-133
   470.574876693494      -4.180078108082691E-133 -1.773293463392063E-133
   471.367757698875       7.034930652408504E-134  1.559761697585442E-133
   472.160638704256       2.099696136686688E-134 -6.645476759562044E-134
   472.953519709637      -2.573050726982665E-134  1.640969779354256E-134
   473.746400715018       1.419259800543756E-134  1.162452287742656E-135
   474.539281720398      -5.479907834115623E-135 -4.350622801169869E-135
   475.332162725779       1.324293865074592E-135  3.314108733381083E-135
   476.125043731160       1.183355203966827E-136 -1.856041497128935E-135
   476.917924736541      -4.052944749421346E-136  8.853430628409653E-136
   477.710805741921       3.313993081023668E-136 -3.792744429696667E-136
   478.503686747302      -2.038743455689738E-136  1.504078672832492E-136
   479.296567752683       1.082704840606362E-136 -5.664070155592264E-137
   480.089448758064      -5.184814374366473E-137  2.074574691509558E-137
   480.882329763445       2.277027487625286E-137 -7.499255260729905E-138
   481.675210768825      -9.240189064719227E-138  2.655856233994867E-138
   482.468091774206       3.482866765129183E-138 -8.911055556492183E-139
   483.260972779587      -1.226507086363278E-138  2.677271471972187E-139
   484.053853784968       4.061799801895173E-139 -6.520856255432057E-140
   484.846734790349      -1.271676478912975E-139  9.049697072705050E-141
   485.639615795729       3.767852862147088E-140  2.241880154237748E-141
   486.432496801110      -1.049513087961849E-140 -2.561957078292257E-141
   487.225377806491       2.695396177975134E-141  1.379831392574076E-141
   488.018258811872      -6.095109336063150E-142 -5.812555448998705E-142
   488.811139817252       1.061644268595361E-142  2.102010364507223E-142
   489.604020822633      -5.226533190454311E-144 -6.677694308731531E-143
   490.396901828014      -6.758058762546882E-144  1.837975476342937E-143
   491.189782833395       4.315542901802648E-144 -4.072883712097229E-144
   491.982663838776      -1.804726471987973E-144  5.071372119429006E-145
   492.775544844156       6.048016336854455E-145  1.334739422858819E-145
   493.568425849537      -1.630782793721170E-145 -1.386565785917259E-145
   494.361306854918       2.966555141591552E-146  7.125506426246512E-146
   495.154187860299       1.451187202494361E-147 -2.884162374478780E-146
   495.947068865680      -4.924205895048357E-147  9.973255913079152E-147
   496.739949871060       3.201599211069468E-147 -2.968659315707132E-147
   497.532830876441      -1.568189547567134E-147  7.227943275578050E-148
   498.325711881822       6.701032048919798E-148 -1.128846038028389E-148
   499.118592887203      -2.624876245120378E-148 -1.266897615265672E-149
   499.911473892583       9.635417161273908E-149  2.126732979464776E-149
   500.704354897964      -3.347077808343631E-149 -1.208628494974232E-149
   501.497235903345       1.102775465013462E-149  5.255256414668253E-150
   502.290116908726      -3.436121129533744E-150 -1.976928372706629E-150
   503.082997914107       1.006054501378801E-150  6.736976399372653E-151
   503.875878919487      -2.743569207354752E-151 -2.131491268102127E-151
   504.668759924868       6.888539145554160E-152  6.354873951136230E-152
   505.461640930249      -1.564556376814620E-152 -1.798804376416929E-152
   506.254521935630       3.106728567345740E-153  4.835248808147812E-153
   507.047402941010      -4.942813039870345E-154 -1.225937184539643E-153
   507.840283946391       4.257414567030627E-155  2.891533149568525E-154
   508.633164951772       8.988662661160623E-156 -6.198789200300451E-155
   509.426045957153      -6.158022009275660E-156  1.157715397200753E-155
   510.218926962534       2.093478848133464E-156 -1.704539902151607E-156
   511.011807967914      -5.339084826817824E-157  1.274327603223236E-157
   511.804688973295       1.065530184614094E-157  2.830737885332820E-158
   512.597569978676      -1.528033756377230E-158 -1.545242144020734E-158
   513.390450984057       9.016855766293485E-160  4.026795475147965E-159
   514.183331989437       2.527221410975377E-160 -6.775526356181689E-160
   514.976212994818      -8.515808963740956E-161  6.206348943744951E-161
   515.769094000199       9.075398916619558E-162 -4.573786497200598E-163
   516.561975005580      -1.274246334686183E-188 -7.189718242427131E-189
