  -516.561975005580       2.960995427627176E-188 -1.439301218877532E-187
  -515.769094000199      -9.762952526457308E-161 -2.988229892532858E-161
  -514.976212994818      -4.737829769980659E-160  1.187677938034720E-159
  -514.183331989437       8.204873508882772E-159  3.928093528451673E-159
  -513.390450984057       2.440697539791078E-158 -4.526693076489791E-158
  -512.597569978676      -2.217890811819161E-157 -1.273362102950288E-157
  -511.804688973295      -5.850509069175785E-157  1.009113005446597E-156
  -511.011807967914       4.347451661810279E-156  2.417466123922098E-156
  -510.218926962534       9.052859634882684E-156 -1.785084258824424E-155
  -509.426045957153      -6.983608968639423E-155 -3.073319538817313E-155
  -508.633164951772      -9.424689247590087E-155  2.595369117445240E-154
  -507.840283946391       9.138274750225662E-154  2.598496526165774E-154
  -507.047402941010       6.430027970508342E-154 -3.047338097874867E-153
  -506.254521935630      -9.651247641714185E-153 -1.444535812725535E-153
  -505.461640930249      -3.108065571960186E-153  2.919821190214078E-152
  -504.668759924868       8.503065594979487E-152  7.385713729381397E-153
  -503.875878919487       2.295824892776541E-152 -2.402818373251516E-151
  -503.082997914107      -6.632636238236326E-151 -9.019135789746728E-152
  -502.290116908726      -3.785822937820818E-151  1.795553033880325E-150
  -501.497235903345       4.769424790859897E-150  1.543152081187706E-150
  -500.704354897964       5.962316475004927E-150 -1.238677889289506E-149
  -499.911473892583      -3.118950653331187E-149 -2.187267945088407E-149
  -499.118592887203      -7.674952972752685E-149  7.492392286730310E-149
  -498.325711881822       1.662510489062910E-148  2.594418372846847E-148
  -497.532830876441       8.496123560419503E-148 -3.145322998205133E-148
  -496.739949871060      -3.633766365173336E-148 -2.706168094240223E-147
  -495.947068865680      -8.406412125547011E-147 -7.352963399811164E-148
  -495.154187860299      -7.938569579359113E-147  2.551116457219528E-146
  -494.361306854918       7.571380772383833E-146  4.178713444608323E-146
  -493.568425849537       1.816128505899536E-145 -2.199403203750894E-145
  -492.775544844156      -6.260873104770193E-145 -7.205787127629529E-145
  -491.982663838776      -2.708752128950423E-144  1.750765053598346E-144
  -491.189782833395       4.833267909438444E-144  9.815166022672352E-144
  -490.396901828014       3.457710649751768E-143 -1.328901486955424E-143
  -489.604020822633      -3.686017220635424E-143 -1.188929061476272E-142
  -488.811139817252      -3.995345073060094E-142  1.045987344777040E-142
  -488.018258811872       3.062763281921840E-142  1.312043552099776E-141
  -487.225377806491       4.209015206473516E-141 -9.220567375756733E-142
  -486.432496801110      -2.808467815462646E-141 -1.319315061905909E-140
  -485.639615795729      -4.046115859773962E-140  8.463848230613795E-141
  -484.846734790349       2.468951011969332E-140  1.217231764757573E-139
  -484.053853784968       3.604844103470347E-139 -6.833636697204813E-140
  -483.260972779587      -1.755774163130107E-139 -1.055069524621187E-138
  -482.468091774206      -3.063199050139411E-138  4.038560362484997E-139
  -481.675210768825       7.583298499257145E-139  8.849476709034886E-138
  -480.882329763445       2.549847636673524E-137 -7.360755389258046E-139
  -480.089448758064       2.720163143413601E-138 -7.339331770023190E-137
  -479.296567752683      -2.112562794381622E-136 -2.327988361532963E-137
  -478.503686747302      -1.147090638534997E-136  6.085795466315068E-136
  -477.710805741921       1.755868461534248E-135  4.736371897540885E-136
  -476.917924736541       1.785025908229811E-135 -5.077755885081168E-135
  -476.125043731160      -1.473117576588839E-134 -6.349442592253002E-135
  -475.332162725779      -2.166372498960187E-134  4.291214461586385E-134
  -474.539281720398       1.256089240342697E-133  7.149826966224270E-134
  -473.746400715018       2.292326410542334E-133 -3.695554668228816E-133
  -472.953519709637      -1.092268597952058E-132 -7.151994631364705E-133
  -472.160638704256      -2.171618164347180E-132  3.237885294819062E-132
  -471.367757698875       9.599085701355615E-132  6.411200472208006E-132
  -470.574876693494       1.837810087030970E-131 -2.834716933448997E-131
  -469.781995688114      -8.299962103917078E-131 -5.109368196059980E-131
  -468.989114682733      -1.377431817055761E-130  2.398114312955517E-130
  -468.196233677352       6.809068935624331E-130  3.607153184828441E-130
  -467.403352671971       9.218021230744980E-130 -1.894230542171102E-129
  -466.610471666591      -5.155541346566799E-129 -2.317440361302195E-129
  -465.817590661210      -5.798072126097633E-129  1.373047179697492E-128
  -465.024709655829       3.583910012170833E-128  1.463096938148087E-128
  -464.231828650448       3.768750975899813E-128 -9.191973087562865E-128
  -463.438947645067      -2.323533088054529E-127 -9.979542820842212E-128
  -462.646066639687      -2.717209306129676E-127  5.805575824047831E-127
  -461.853185634306       1.437337133171154E-126  7.567302795337368E-127
  -461.060304628925       2.138926527872439E-126 -3.532346253894856E-126
  -460.267423623544      -8.626814175461483E-126 -6.090207452265098E-126
  -459.474542618163      -1.736588112673383E-125  2.095020402105725E-125
  -458.681661612783       5.060675363833827E-125  4.938756608585170E-125
  -457.888780607402       1.397123441718051E-124 -1.216171617827886E-124
  -457.095899602021      -2.908385229849573E-124 -3.924476389794719E-124
  -456.303018596640      -1.093204608081186E-123  6.923617870381181E-124
  -455.510137591260       1.641356856822569E-123  3.016637225287933E-123
  -454.717256585879       8.237519338038976E-123 -3.875323536814414E-123
  -453.924375580498      -9.106218974459348E-123 -2.223692370035248E-122
  -453.131494575117      -5.928323963422134E-122  2.124651508029234E-122
  -452.338613569736       4.898141762194247E-122  1.559553638130184E-121
  -451.545732564356       4.045856538800710E-121 -1.106063593037099E-121
  -450.752851558975      -2.410828933851362E-121 -1.034710053220237E-120
  -449.959970553594      -2.608601143234462E-120  4.943600364776813E-121
  -449.167089548213       9.046710392583099E-121  6.484140077550986E-120
  -448.374208542832       1.589445546115350E-119 -1.266186360631237E-120
  -447.581327537452      -2.529632812335144E-121 -3.842242220537361E-119
  -446.788446532071      -9.154199119630456E-119 -7.626377983527393E-120
  -445.995565526690      -4.174403468739083E-119  2.146173987474836E-118
  -445.202684521309       4.935531969197706E-118  1.647223520742497E-118
  -444.409803515929       5.677984874794047E-118 -1.106967675389039E-117
  -443.616922510548      -2.396995342327329E-117 -1.811432974736378E-117
  -442.824041505167      -5.486339218766316E-117  4.917515541529391E-117
  -442.031160499786       9.183300362069334E-117  1.598903797503755E-116
  -441.238279494405       4.519280210695920E-116 -1.397010783085886E-116
  -440.445398489025      -8.954115428192988E-117 -1.244941865547907E-115
  -439.652517483644      -3.352990554910053E-115 -5.277197046225401E-116
  -438.859636478263      -3.501757506350094E-115  8.848790921797133E-115
  -438.066755472882       2.292968480220782E-114  1.512695327580684E-114
  -437.273874467502       5.655769740365360E-114 -5.851579298772538E-114
  -436.480993462121      -1.479108392752061E-113 -1.969092279201171E-113
  -435.688112456740      -6.575020020926440E-113  3.745253583981533E-113
  -434.895231451359       9.689951213914222E-113  2.134509933559382E-112
  -434.102350445978       6.773443560047349E-112 -2.633236554708185E-112
  -433.309469440598      -7.701614212902360E-112 -2.100885006190607E-111
  -432.516588435217      -6.343264840300671E-111  2.431071145356685E-111
  -431.723707429836       8.074152824817652E-111  1.851819357731354E-110
  -430.930826424455       5.184864844667262E-110 -2.713806134685446E-110
  -430.137945419075      -8.919438801702355E-110 -1.381129175054345E-109
  -429.345064413694      -3.476712429278255E-109  2.802695330185105E-109
  -428.552183408313       8.320959722756319E-109  8.235090882192361E-109
  -427.759302402932       1.833919747295274E-108 -2.324717426619219E-108
  -426.966421397551      -6.119098456791843E-108 -3.855665662508438E-108
  -426.173540392171      -7.740065867562802E-108  1.524772768005715E-107
  -425.380659386790       3.622812498747323E-107  1.515920623615219E-107
  -424.587778381409       2.995393455227633E-107 -8.277829203980348E-107
  -423.794897376028      -1.834946126084092E-106 -6.215500527383929E-107
  -423.002016370648      -1.394907999108655E-106  3.977043247494193E-106
  -422.209135365267       8.476890537015485E-106  3.391982000223484E-106
  -421.416254359886       8.738933077072420E-106 -1.782063213241091E-105
  -420.623373354505      -3.693429705465000E-105 -2.319667679711731E-105
  -419.830492349124      -6.215144240183832E-105  7.514476376741929E-105
  -419.037611343744       1.487069898723459E-104  1.662242631844136E-104
  -418.244730338363       4.417497844833899E-104 -2.813408333254957E-104
  -417.451849332982      -4.915002473476907E-104 -1.165575623633263E-103
  -416.658968327601      -3.056840446224707E-103  7.265440917816784E-104
  -415.866087322220       6.176212445935123E-104  7.985227051447706E-103
  -415.073206316840       2.083039221092727E-102  1.316286804841465E-103
  -414.280325311459       1.004332143923878E-102 -5.440444893175861E-102
  -413.487444306078      -1.425692436555994E-101 -4.064496746579942E-102
  -412.694563300697      -1.356649401396969E-101  3.752457535068490E-101
  -411.901682295317       9.912598893555884E-101  4.075718496171217E-101
  -411.108801289936       1.135055003944926E-100 -2.620686237728414E-100
  -410.315920284555      -6.901602698459476E-100 -2.962562908334401E-100
  -409.523039279174      -7.270015621512924E-100  1.799864292603044E-099
  -408.730158273793       4.620113720408881E-099  1.676284102676006E-099
  -407.937277268413       3.622401658899985E-099 -1.161080418343337E-098
  -407.144396263032      -2.845239689836503E-098 -7.314294022293399E-099
  -406.351515257651      -1.378515923781656E-098  6.782906882955313E-098
  -405.558634252270       1.572463544828297E-097  2.441090878699846E-098
  -404.765753246890       4.175883086332123E-098 -3.550438715222043E-097
  -403.972872241509      -7.832861046548130E-097 -7.412883621956965E-098
  -403.179991236128      -1.528282904401684E-097  1.695815644209735E-096
  -402.387110230747       3.619670955900038E-096  3.876638185017381E-097
  -401.594229225366       1.129096440557249E-096 -7.648285203435694E-096
  -400.801348219986      -1.604390816003472E-095 -3.416043585424483E-096
  -400.008467214605      -1.016870715563481E-095  3.345710381483258E-095
  -399.215586209224       6.934480742329041E-095  2.928796604388264E-095
  -398.422705203843       8.156213436294473E-095 -1.426322901793987E-094
  -397.629824198462      -2.903588201759696E-094 -2.205505394007455E-094
  -396.836943193082      -5.820021132227991E-094  5.828270366501282E-094
  -396.044062187701       1.147836175927346E-093  1.505433867014730E-093
  -395.251181182320       3.830388838634661E-093 -2.203166838314463E-093
  -394.458300176939      -4.081591551792680E-093 -9.611342284942470E-093
  -393.665419171558      -2.382465498537627E-092  7.184574063660645E-093
  -392.872538166178       1.166189123229805E-092  5.839623121069277E-092
  -392.079657160797       1.415819849814697E-091 -1.623221587754361E-092
  -391.286776155416      -1.452982446808651E-092 -3.395161093506071E-091
  -390.493895150035      -8.050277661117615E-091 -1.538177021705842E-092
  -389.701014144655      -1.399249425979431E-091  1.886750692084938E-090
  -388.908133139274       4.369851444848534E-090  5.478093221852573E-091
  -388.115252133893       1.755799294890239E-090 -1.000047875268601E-089
  -387.322371128512      -2.261399454876117E-089 -5.145670933946079E-090
  -386.529490123131      -1.434977314149437E-089  5.053108355578026E-089
  -385.736609117751       1.115792299868845E-088  3.879072168076033E-089
  -384.943728112370       1.026397070438073E-088 -2.434685118898244E-088
  -384.150847106989      -5.248999109161541E-088 -2.672853972047911E-088
  -383.357966101608      -6.872149749863171E-088  1.117745131271351E-087
  -382.565085096228       2.349545608731678E-087  1.747933952116755E-087
  -381.772204090847       4.404129963031635E-087 -4.870689743673143E-087
  -380.979323085466      -9.944331219555259E-087 -1.100430497115121E-086
  -380.186442080085      -2.729273040828413E-086  1.996066766458433E-086
  -379.393561074704       3.931051439648382E-086  6.725048788403384E-086
  -378.600680069324       1.647521690777726E-085 -7.581827292138854E-086
  -377.807799063943      -1.431253925757931E-085 -4.014694831981601E-085
  -377.014918058562      -9.730517778638177E-085  2.652394346210682E-085
  -376.222037053181       4.877799026821024E-085  2.343816073128193E-084
  -375.429156047801       5.600558707811292E-084 -9.117412222222722E-085
  -374.636275042420      -1.797823825582354E-084 -1.323817780112834E-083
  -373.843394037039      -3.084133558587371E-083  3.865541590221900E-084
  -373.050513031658       9.053819791262479E-084  7.054205534809134E-083
  -372.257632026277       1.578653976365403E-082 -2.219199156585596E-083
  -371.464751020897      -5.405906747000841E-083 -3.449167152590358E-082
  -370.671870015516      -7.355054051402332E-082  1.256133715881836E-082
  -369.878989010135       2.704160937104270E-082  1.533217745097188E-081
  -369.086108004754       3.134342158383951E-081 -5.244181177541661E-082
  -368.293226999373      -8.720866267373859E-082 -6.308141434060379E-081
  -367.500345993993      -1.254284360979735E-080  1.067528657598428E-081
  -366.707464988612       1.258462590434395E-082  2.469154737041662E-080
  -365.914583983231       4.812104335180259E-080  5.017529729056777E-081
  -365.121702977850       2.288592098212211E-080 -9.259101018329550E-080
  -364.328821972470      -1.748407799553563E-079 -7.572671579471830E-080
  -363.535940967089      -2.192959002784609E-079  3.205697686413899E-079
  -362.743059961708       5.598284415629418E-079  5.894737462937997E-079
  -361.950178956327       1.510939736495424E-078 -8.949809140527777E-079
  -361.157297950946      -1.176057311930370E-078 -3.749314681057162E-078
  -360.364416945566      -9.097911984302586E-078  6.907710767146632E-079
  -359.571535940185      -3.081155366126527E-078  2.176243991631455E-077
  -358.778654934804       5.172466814398563E-077  1.807913320489608E-077
  -357.985773929423       6.776722072903277E-077 -1.232918803182184E-076
  -357.192892924042      -2.980794202966950E-076 -2.184080604542908E-076
  -356.400011918662      -6.491643802155085E-076  7.400572472247095E-076
  -355.607130913281       1.904774813557595E-075  1.819080788836065E-075
  -354.814249907900       4.817195101587590E-075 -5.083982942387343E-075
  -354.021368902519      -1.389108905059606E-074 -1.193902754923031E-074
  -353.228487897139      -2.714871735039104E-074  3.794092951402440E-074
  -352.435606891758       1.007931028334006E-073  5.482989162940101E-074
  -351.642725886377       9.269372406814818E-074 -2.542616314089095E-073
  -350.849844880996      -5.988825226913538E-073 -1.119672539760487E-073
  -350.056963875615      -1.879773582742014E-074  1.305925136691162E-072
  -349.264082870235       2.635996686351957E-072 -4.010297164467435E-073
  -348.471201864854      -1.540259807329957E-072 -4.964000100073901E-072
  -347.678320859473      -8.854394160139672E-072  4.015330227381471E-072
  -346.885439854092       8.695945460706866E-072  1.527462642147448E-071
  -346.092558848712       2.608226255498678E-071 -1.672201127523238E-071
  -345.299677843331      -2.945849373235725E-071 -4.500173001811804E-071
  -344.506796837950      -7.949001653957919E-071  4.816210494193100E-071
  -343.713915832569       7.270961638241209E-071  1.442722286634079E-070
  -342.921034827188       2.680356025228642E-070 -9.774909368172233E-071
  -342.128153821808      -1.022913395102095E-070 -5.060188455637932E-070
  -341.335272816427      -9.634074293443371E-070  2.318891926388095E-071
  -340.542391811046      -3.102237375154237E-070  1.838250552555951E-069
  -339.749510805665       3.499563464281657E-069  1.334118377261399E-069
  -338.956629800285       4.127647636625004E-069 -6.630581529929205E-069
  -338.163748794904      -1.250293091930888E-068 -1.130752245292156E-068
  -337.370867789523      -2.912923911947494E-068  2.355423510173241E-068
  -336.577986784142       4.478360977883285E-068  7.234911077298959E-068
  -335.785105778761       1.751676744693896E-067 -8.754738496575255E-068
  -334.992224773381      -1.803866375509997E-067 -4.147043556553845E-067
  -334.199343768000      -9.576016805013685E-067  3.990789838482419E-067
  -333.406462762619       9.433790918389037E-067  2.142284748914126E-066
  -332.613581757238       4.600968152816123E-066 -2.310112439845530E-066
  -331.820700751857      -5.626429216870953E-066 -9.398995453492997E-066
  -331.027819746477      -1.814071321238897E-065  1.317958253512784E-065
  -330.234938741096       2.908958334221019E-065  3.303134765230212E-065
  -329.442057735715       5.709427467016066E-065 -5.997720091898534E-065
  -328.649176730334      -1.155176290641753E-064 -9.513663642674281E-065
  -327.856295724954      -1.564944965467815E-064  2.089593931640868E-064
  -327.063414719573       3.577043490001706E-064  2.609905160340190E-064
  -326.270533714192       4.502062416592628E-064 -5.832868100744734E-064
  -325.477652708811      -9.078789515029765E-064 -8.077362585551202E-064
  -324.684771703430      -1.495028730395324E-063  1.339650285496543E-063
  -323.891890698050       1.829018797868623E-063  2.813645648564961E-063
  -323.099009692669       5.309191261407235E-063 -2.155179843080828E-063
  -322.306128687288      -1.652486236384349E-063 -9.932749476037313E-063
  -321.513247681907      -1.825981006195913E-062 -1.422041526849799E-063
  -320.720366676527      -1.131267441191490E-062  3.269882672883580E-062
  -319.927485671146       5.640991791101965E-062  3.791862928018569E-062
  -319.134604665765       1.037174697226966E-061 -9.207603305687452E-062
  -318.341723660384      -1.372151678321575E-061 -2.589311763516145E-061
  -317.548842655003      -6.148608824921854E-061  1.703117665700672E-061
  -316.755961649623       1.146147986987084E-061  1.417668319224052E-060
  -315.963080644242       3.212785351913511E-060  2.482772567596538E-061
  -315.170199638861       1.468362652224083E-060 -7.211579596958409E-060
  -314.377318633480      -1.609976210590770E-059 -4.809092781714964E-060
  -313.584437628099      -1.293969990083202E-059  3.576916951383149E-059
  -312.791556622719       7.885539941116807E-059  3.105336786897081E-059
  -311.998675617338       6.850107327695733E-059 -1.715258737481499E-058
  -311.205794611957      -3.656547355682614E-058 -1.412095316956381E-058
  -310.412913606576      -2.762568877280363E-058  7.594884625318699E-058
  -309.620032601196       1.531934996261426E-057  5.233968583054242E-058
  -308.827151595815       9.860556715818234E-058 -3.000411246056410E-057
  -308.034270590434      -5.721887101419135E-057 -1.899617345490589E-057
  -307.241389585053      -3.815312395404942E-057  1.067307347431817E-056
  -306.448508579672       1.957042367978292E-056  8.013031536708197E-057
  -305.655627574292       1.740980385909370E-056 -3.542801065836805E-056
  -304.862746568911      -6.351083483715200E-056 -3.854722822216134E-056
  -304.069865563530      -8.593707624592016E-056  1.129426456543164E-055
  -303.276984558149       1.994262963773270E-055  1.915769512158649E-055
  -302.484103552769       4.258323591817466E-055 -3.500235651504715E-055
  -301.691222547388      -6.124086383738845E-055 -9.433284075466829E-055
  -300.898341542007      -2.083602565021626E-054  1.075784373228000E-054
  -300.105460536626       1.926000118562648E-054  4.589742575804632E-054
  -299.312579531245       1.007246595674780E-053 -3.603811077138947E-054
  -298.519698525865      -7.263103771131681E-054 -2.195253585876507E-053
  -297.726817520484      -4.723375638808485E-053  1.603707857393258E-053
  -296.933936515103       3.825672254911278E-053  9.943662622459793E-053
  -296.141055509722       2.024443593798248E-052 -9.475415878106057E-053
  -295.348174504342      -2.331905120194235E-052 -3.932487479058128E-052
  -294.555293498961      -7.185598572443664E-052  5.513299094133617E-052
  -293.762412493580       1.226122214152669E-051  1.218269854794697E-051
  -292.969531488199       1.893626800137764E-051 -2.536992086012813E-051
  -292.176650482818      -4.868101472206794E-051 -2.674646006035405E-051
  -291.383769477438      -3.423384570485106E-051  8.688457043317672E-051
  -290.590888472057       1.454059427745379E-050  4.016767117408570E-051
  -289.798007466676       4.532659414302123E-051 -2.309097174984668E-050
  -289.005126461295      -3.527455736095775E-050 -5.541575881362716E-051
  -288.212245455914      -8.534057050928685E-051  5.250388870303723E-050
  -287.419364450534       7.684152918267704E-050  1.661335551809593E-050
  -286.626483445153       3.573560589926760E-050 -1.109543930907805E-049
  -285.833602439772      -1.574971467300591E-049 -7.697371496899666E-050
  -285.040721434391      -1.605574734566985E-049  2.171415843593353E-049
  -284.247840429011       2.834909094446608E-049  3.228850798790594E-049
  -283.454959423630       6.284149425240537E-049 -3.310300984716854E-049
  -282.662078418249      -2.878898631781768E-049 -1.189477044313220E-048
  -281.869197412868      -2.198903625387055E-048 -2.391244612149917E-050
  -281.076316407487      -1.016964711841920E-048  3.983879330907458E-048
  -280.283435402107       7.097412146458218E-048  3.610447659969405E-048
  -279.490554396726       9.797025604010560E-048 -1.248496766265074E-047
  -278.697673391345      -2.182174812116607E-047 -2.380102492251869E-047
  -277.904792385964      -5.437598802793988E-047  3.826714603205999E-047
  -277.111911380583       6.823663676452068E-047  1.191673663703585E-046
  -276.319030375203       2.524989288686837E-046 -1.254980873733592E-046
  -275.526149369822      -2.400141823172094E-046 -5.181790112011168E-046
  -274.733268364441      -1.028604139274381E-045  4.750858452773590E-046
  -273.940387359060       9.562734646992148E-046  1.970674062774426E-045
  -273.147506353680       3.639594027894323E-045 -1.912501324382787E-045
  -272.354625348299      -3.723089408686218E-045 -6.487637822334160E-045
  -271.561744342918      -1.121089171857315E-044  6.956777209391878E-045
  -270.768863337537       1.238395127897038E-044  1.892352638922448E-044
  -269.975982332156       3.150216649610007E-044 -2.093832035109930E-044
  -269.183101326776      -3.358125206531516E-044 -5.222180474611630E-044
  -268.390220321395      -8.686360446458691E-044  5.094790257856678E-044
  -267.597339316014       7.248338812526640E-044  1.455843979822517E-043
  -266.804458310633       2.460365875123158E-043 -9.443532046929227E-044
  -266.011577305253      -1.054049183825138E-043 -4.185628979529859E-043
  -265.218696299872      -7.148438846018300E-043  7.685937310068716E-044
  -264.425815294491      -5.654186284032478E-044  1.222321843849058E-042
  -263.632934289110       2.088463873844714E-042  4.369133354794603E-043
  -262.840053283729       1.362977567663706E-042 -3.562405447305254E-042
  -262.047172278349      -6.068965036733910E-042 -3.446893616405274E-042
  -261.254291272968      -7.916240422211011E-042  1.034646137640203E-041
  -260.461410267587       1.771541212811368E-041  1.718022192073806E-041
  -259.668529262206       3.585332209175450E-041 -3.061745204053007E-041
  -258.875648256826      -5.369355138077767E-041 -7.251865704812448E-041
  -258.082767251445      -1.425885299263071E-040  9.586149836762537E-041
  -257.289886246064       1.740440433405846E-040  2.726478320101318E-040
  -256.497005240683       5.066914730788457E-040 -3.192149420180494E-040
  -255.704124235302      -5.850102446659839E-040 -9.149740093849697E-040
  -254.911243229922      -1.607415142597511E-039  1.058161108054115E-039
  -254.118362224541       1.868686285575581E-039  2.756447357696128E-039
  -253.325481219160       4.639309520251896E-039 -3.196557902962796E-039
  -252.532600213779      -5.269976893929077E-039 -7.717067749120489E-039
  -251.739719208398      -1.277766273907616E-038  8.345838952765160E-039
  -250.946838203018       1.265008939230314E-038  2.118611666795891E-038
  -250.153957197637       3.531362113982186E-038 -1.822611195177243E-038
  -249.361076192256      -2.457914343321009E-038 -5.927033517886969E-038
  -248.568195186875      -1.001646203030275E-037  2.988693897501888E-038
  -247.775314181495       2.931755908024835E-038  1.702945850261641E-037
  -246.982433176114       2.910354392575900E-037 -1.155116428784743E-038
  -246.189552170733       4.823937348145829E-038 -4.999227579960373E-037
  -245.396671165352      -8.640198229857889E-037 -2.022238117290947E-037
  -244.603790159971      -5.563907802149362E-037  1.506166344317285E-036
  -243.810909154591       2.658405039600413E-036  1.319007733765479E-036
  -243.018028149210       2.882946297059574E-036 -4.772951013479121E-036
  -242.225147143829      -8.751052512010182E-036 -5.947705053527616E-036
  -241.432266138448      -1.165295259732008E-035  1.639467185027334E-035
  -240.639385133067       3.122124495283625E-035  2.160123592032085E-035
  -239.846504127687       3.747700593225439E-035 -5.972739412318277E-035
  -239.053623122306      -1.129081030538175E-034 -5.981292319050135E-035
  -238.260742116925      -8.561558743309952E-035  2.072904558413145E-034
  -237.467861111544       3.642933249389609E-034  1.054331239982623E-034
  -236.674980106164       1.019047242011680E-034 -6.072455706272399E-034
  -235.882099100783      -9.574289339308757E-034 -5.264482553643205E-035
  -235.089218095402       6.109226666631183E-035  1.432876512770776E-033
  -234.296337090021       2.053650709854481E-033 -2.417559085628728E-034
  -233.503456084640      -4.624361093727186E-034 -2.853702025843430E-033
  -232.710575079260      -3.894743582145319E-033  6.543238034313236E-034
  -231.917694073879       6.896082099635961E-034  5.275664631178346E-033
  -231.124813068498       7.131874518913380E-033 -3.493056854375098E-034
  -230.331932063117       7.375267870420211E-034 -9.618180665833483E-033
  -229.539051057737      -1.286115722096569E-032 -3.199730246846448E-033
  -228.746170052356      -8.098353587501482E-033  1.684810639603015E-032
  -227.953289046975       2.118265236075927E-032  1.720572172748955E-032
  -227.160408041594       3.344844361639447E-032 -2.456536254348563E-032
  -226.367527036213      -2.371591904389116E-032 -6.161463618080486E-032
  -225.574646030833      -1.095121045347440E-031  1.116823127113206E-032
  -224.781765025452      -2.920271267075246E-032  1.899787631278651E-031
  -223.988884020071       3.247351919353126E-031  1.311871230232866E-031
  -223.196003014690       3.641092916969882E-031 -5.527230661150584E-031
  -222.403122009309      -9.500451082283325E-031 -8.671112932465043E-031
  -221.610241003929      -1.910408299936123E-030  1.679623930982031E-030
  -220.817359998548       3.111595369146280E-030  3.989783164390170E-030
  -220.024478993167       7.929244311514285E-030 -6.090177921921820E-030
  -219.231597987786      -1.244037364610690E-029 -1.487645703374440E-029
  -218.438716982406      -2.592394198285951E-029  2.571767071667689E-029
  -217.645835977025       5.188644159450500E-029  4.101319342661373E-029
  -216.852954971644       5.711268664792379E-029 -9.914597487066121E-029
  -216.060073966263      -1.760770296821524E-028 -6.660111629012419E-029
  -215.267192960882      -5.767675912218907E-029  2.883895435458941E-028
  -214.474311955502       4.364193050548037E-028  1.801727154428263E-029
  -213.681430950121      -5.950649398726533E-029 -6.160999710989461E-028
  -212.888549944740      -8.239798762701537E-028  1.722777005871735E-028
  -212.095668939359       3.068045954076744E-028  1.063692343096476E-027
  -211.302787933979       1.350356689268124E-027 -4.400130337916042E-028
  -210.509906928598      -5.395686763900178E-028 -1.711291564681061E-027
  -209.717025923217      -2.183679336658748E-027  5.600069211640012E-028
  -208.924144917836       4.329223676420752E-028  2.810168216493044E-027
  -208.131263912455       3.631743299523985E-027 -5.028586177089856E-029
  -207.338382907075       7.605544234476999E-028 -4.674478083377661E-027
  -206.545501901694      -5.923278677521136E-027 -2.273023098658139E-027
  -205.752620896313      -4.913179027095141E-027  7.270585172821137E-027
  -204.959739890932       8.419370848710596E-027  9.333793021322952E-027
  -204.166858885551       1.651971060450290E-026 -8.704860714023933E-027
  -203.373977880171      -6.773862042487437E-027 -2.793789460658279E-026
  -202.581096874790      -4.575440300922157E-026  1.796625434688014E-029
  -201.788215869409      -1.641169232467567E-026  7.316023261785117E-026
  -200.995334864028       1.148909366469948E-025  5.128427622515489E-026
  -200.202453858648       1.200825014805479E-025 -1.781113079824461E-025
  -199.409572853267      -2.739873419094344E-025 -2.494955105575183E-025
  -198.616691847886      -4.843476786806801E-025  4.204788183594526E-025
  -197.823810842505       6.470748769243849E-025  8.977808209218289E-025
  -197.030929837124       1.605545617317611E-024 -1.002154139887220E-024
  -196.238048831744      -1.563097556773854E-024 -2.785513005253031E-024
  -195.445167826363      -4.704565407705768E-024  2.448091957724624E-024
  -194.652286820982       3.827057983831065E-024  7.757543205116830E-024
  -193.859405815601       1.252713723029450E-023 -5.928005029379226E-024
  -193.066524810221      -9.034675544915226E-024 -1.987904008684931E-023
  -192.273643804840      -3.111269749650372E-023  1.347067337717772E-023
  -191.480762799459       1.956224545663230E-023  4.819517228194057E-023
  -190.687881794078       7.411624330801772E-023 -2.756419593964391E-023
  -189.895000788697      -3.751936018620998E-023 -1.134203356086561E-022
  -189.102119783317      -1.729988774041201E-022  4.899999147464882E-023
  -188.309238777936       6.064618757250851E-023  2.632693129614832E-022
  -187.516357772555       3.999303085849434E-022 -6.936633402726567E-023
  -186.723476767174      -6.898876755570846E-023 -6.065765785903126E-022
  -185.930595761794      -9.185967355850364E-022  4.804118775979889E-023
  -185.137714756413      -1.382833518002842E-023  1.388986114058525E-021
  -184.344833751032       2.097013573665611E-021  1.515010905758903E-022
  -183.551952745651       4.231218572485335E-022 -3.161121979518745E-021
  -182.759071740270      -4.758047634435691E-021 -9.233160854633039E-022
  -181.966190734890      -1.802769507064282E-021  7.150920488798117E-021
  -181.173309729509       1.072999924005872E-020  3.296673639298010E-021
  -180.380428724128       5.765479128545838E-021 -1.607054936640808E-020
  -179.587547718747      -2.401294901274707E-020 -9.753121125481216E-021
  -178.794666713366      -1.607139973298090E-020  3.577025921303861E-020
  -178.001785707986       5.306861701665236E-020  2.592623495706569E-020
  -177.208904702605       4.111426683908210E-020 -7.832752268783193E-020
  -176.416023697224      -1.148936900605904E-019 -6.433853362830142E-020
  -175.623142691843      -9.971999476544471E-020  1.673580700906730E-019
  -174.830261686463       2.420150533557112E-019  1.536161398876427E-019
  -174.037380681082       2.358980180540301E-019 -3.475688657753192E-019
  -173.244499675701      -4.962603635904527E-019 -3.618848706927610E-019
  -172.451618670320      -5.551935052650894E-019  7.056934259919001E-019
  -171.658737664939       1.001815533472280E-018  8.518169217894900E-019
  -170.865856659559       1.305756523265985E-018 -1.423793335070971E-018
  -170.072975654178      -2.031943389925462E-018 -1.996385232385212E-018
  -169.280094648797      -3.037230194711404E-018  2.920370777841576E-018
  -168.487213643416       4.236285021738670E-018  4.584809953710594E-018
  -167.694332638036       6.844440736837966E-018 -6.207546181618833E-018
  -166.901451632655      -9.177986999963139E-018 -1.006791547191536E-017
  -166.108570627274      -1.453695688903170E-017  1.364572260042305E-017
  -165.315689621893       2.029340471952504E-017  2.052861167694816E-017
  -164.522808616512       2.826632974116844E-017 -2.999390804363587E-017
  -163.729927611132      -4.377501416822163E-017 -3.787267483482899E-017
  -162.937046605751      -4.935105699314191E-017  6.273599978121072E-017
  -162.144165600370       8.792562479600430E-017  6.262635959447938E-017
  -161.351284594989       7.766321860575764E-017 -1.202057367800282E-016
  -160.558403589608      -1.601270475280499E-016 -9.466052228859842E-017
  -159.765522584228      -1.143027950903281E-016  2.078306512820320E-016
  -158.972641578847       2.629679115811315E-016  1.380418551796584E-016
  -158.179760573466       1.683831963087710E-016 -3.246124669084364E-016
  -157.386879568085      -3.911233808781694E-016 -2.091512823507238E-016
  -156.593998562705      -2.657005531890449E-016  4.599003801583060E-016
  -155.801117557324       5.269439101398012E-016  3.450288545591786E-016
  -155.008236551943       4.557438668822354E-016 -5.860997335534666E-016
  -154.215355546562      -6.278445956032255E-016 -6.078237018096627E-016
  -153.422474541181      -8.120739728009747E-016  6.374623376155512E-016
  -152.629593535801       5.924543371634965E-016  1.079084681169593E-015
  -151.836712530420       1.417312686041962E-015 -4.589990441664882E-016
  -151.043831525039      -1.872076022949526E-016 -1.829648005318901E-015
  -150.250950519658      -2.307435240101217E-015 -2.951825101490686E-016
  -149.458069514277      -1.091174665964342E-015  2.820342759394086E-015
  -148.665188508897       3.299572917272097E-015  2.345641405675043E-015
  -147.872307503516       4.260259250084353E-015 -3.610487556167474E-015
  -147.079426498135      -3.508492772661728E-015 -7.113979102340721E-015
  -146.286545492754      -1.129220585725215E-014  2.568579420853601E-015
  -145.493664487374       7.375999274472603E-017  1.733094356455721E-014
  -144.700783481993       2.598861430770521E-014  5.159588446896427E-015
  -143.907902476612       1.505033393216871E-014 -3.837123125288985E-014
  -143.115021471231      -5.616113009508795E-014 -3.265357738637407E-014
  -142.322140465850      -6.272984076330289E-014  8.204171599748322E-014
  -141.529259460470       1.204733001598013E-013  1.124855115628459E-013
  -140.736378455089       1.923899785296550E-013 -1.790437375714617E-013
  -139.943497449708      -2.706354347047614E-013 -3.167729707509037E-013
  -139.150616444327      -5.036014287967742E-013  4.164923354051743E-013
  -138.357735438947       6.497672611662871E-013  7.725696098229988E-013
  -137.564854433566       1.140780640810729E-012 -1.018226795420051E-012
  -136.771973428185      -1.583854252448256E-012 -1.616346869474450E-012
  -135.979092422804      -2.192286905940144E-012  2.417080198767765E-012
  -135.186211417423       3.585310753737099E-012  2.845146579034242E-012
  -134.393330412043       3.542811805362591E-012 -5.139092986245813E-012
  -133.600449406662      -7.102339659628455E-012 -4.262665277347220E-012
  -132.807568401281      -5.015929424869289E-012  9.472485133659073E-012
  -132.014687395900       1.223151055382846E-011  5.870570954768121E-012
  -131.221806390520       6.966612975507433E-012 -1.536245013291804E-011
  -130.428925385139      -1.886268511914719E-011 -8.523393108024027E-012
  -129.636044379758      -1.084425095259425E-011  2.274693830738185E-011
  -128.843163374377       2.703735177633757E-011  1.432676636174848E-011
  -128.050282368996       1.948568763107667E-011 -3.174171127499694E-011
  -127.257401363616      -3.682171302327279E-011 -2.699348034965487E-011
  -126.464520358235      -3.774260145744294E-011  4.215164989820591E-011
  -125.671639352854       4.746584683613381E-011  5.293537653782882E-011
  -124.878758347473       7.421173212946152E-011 -5.229239082871309E-011
  -124.085877342092      -5.587275192631203E-011 -1.038316163368226E-010
  -123.292996336712      -1.449371314608556E-010  5.707389036393374E-011
  -122.500115331331       5.431489215464207E-011  2.019273654488362E-010
  -121.707234325950       2.809811292734406E-010 -4.555889735897346E-011
  -120.914353320569      -2.846660439533024E-011 -3.907464237322879E-010
  -120.121472315189      -5.431573355946671E-010  8.642705023249025E-013
  -119.328591309808      -3.828308909264172E-011  7.542100545567259E-010
  -118.535710304427       1.044318070799642E-009  8.725457314445872E-011
  -117.742829299046       1.394216750848718E-010 -1.437629022539628E-009
  -116.949948293665      -1.959603906940531E-009 -1.811891477550980E-010
  -116.157067288285      -1.913377481831321E-010  2.632523714219751E-009
  -115.364186282904       3.469605921193264E-009  1.435033945859008E-010
  -114.571305277523       1.304618022504233E-011 -4.469856693499970E-009
  -113.778424272142      -5.616762652401132E-009  2.122187174009001E-010
  -112.985543266762       5.204820266577833E-010  6.883224310309159E-009
  -112.192662261381       8.242289032626347E-009 -8.682126840900651E-010
  -111.399781256000      -1.179676668911530E-009 -9.679601913610185E-009
  -110.606900250619      -1.120175662378812E-008  1.353252013783840E-009
  -109.814019245238       1.270059859806387E-009  1.283657696059342E-008
  -109.021138239858       1.462550463980539E-008 -7.992356361808139E-010
  -108.228257234477       2.036772346010188E-010 -1.661154677409955E-008
  -107.435376229096      -1.882666737007575E-008 -1.905403712306162E-009
  -106.642495223715      -4.508845820127313E-009  2.128071837726534E-008
  -105.849614218334       2.395191977599099E-008  8.270381041302689E-009
  -105.056733212954       1.351991180911876E-008 -2.677785904264418E-008
  -104.263852207573      -2.964620970646744E-008 -2.068433270698841E-008
  -103.470971202192      -3.031583281362034E-008  3.238552398618523E-008
  -102.678090196811       3.475822926895857E-008  4.312634973079926E-008
  -101.885209191431       6.002817389939830E-008 -3.646019691341012E-008
  -101.092328186050      -3.713361613242269E-008 -8.217743149143037E-008
  -100.299447180669      -1.110109148083682E-007  3.640125257746657E-008
  -99.5065661752882       3.392783715120884E-008  1.482568625452759E-007
  -98.7136851699074       1.958883685948220E-007 -2.950388705567356E-008
  -97.9208041645266      -2.312411006452337E-008 -2.559805451153437E-007
  -97.1279231591459      -3.304424555404317E-007  1.499721436435812E-008
  -96.3350421537651       5.390906774026148E-009  4.206376628172732E-007
  -95.5421611483843       5.269850187082545E-007  5.781530169427024E-009
  -94.7492801430035       1.965110162671638E-008 -6.487094865268713E-007
  -93.9563991376227      -7.839171250418495E-007 -3.923090929483137E-008
  -93.1635181322419      -7.013792319172762E-008  9.300363824698220E-007
  -92.3706371268612       1.084436198329303E-006  1.209402575888647E-007
  -91.5777561214804       2.030735424982976E-007 -1.244856485711547E-006
  -90.7848751160996      -1.409321210626337E-006 -3.305553537142224E-007
  -89.9919941107188      -5.198930209177053E-007  1.575435267124266E-006
  -89.1991131053380       1.739215570475798E-006  7.905327042496188E-007
  -88.4062320999573       1.166034325739485E-006 -1.893711377783404E-006
  -87.6133510945765      -2.027628151894195E-006 -1.676052355831574E-006
  -86.8204700891957      -2.359248897866106E-006  2.124116686599609E-006
  -86.0275890838149       2.159977156295677E-006  3.267429308335578E-006
  -85.2347080784341       4.471354940064852E-006 -2.105868691518872E-006
  -84.4418270730533      -1.928788901564472E-006 -6.068663988250524E-006
  -83.6489460676726      -8.193791381196156E-006  1.599113655337291E-006
  -82.8560650622918       1.105643765536588E-006  1.102817661692067E-005
  -82.0631840569110       1.480573508684321E-005 -4.825438100088854E-007
  -81.2703030515302       1.501302072419681E-007 -1.980342787953524E-005
  -80.4774220461494      -2.630164233557473E-005 -5.382419946873513E-007
  -79.6845410407687      -2.584398838745369E-007  3.449950258503764E-005
  -78.8916600353879       4.438500063565693E-005 -1.265250270995742E-006
  -78.0987790300071      -4.648039786825868E-006 -5.559480955946070E-005
  -77.3058980246263      -6.734319878266377E-005  1.031716060877603E-005
  -76.5130170192455       1.822695818747861E-005  7.851641103301662E-005
  -75.7201360138647       8.797150403994882E-005 -2.765761409710142E-005
  -74.9272550084840      -3.725517015614156E-005 -9.494601777331371E-005
  -74.1343740031032      -9.936601394267084E-005  4.535670439477884E-005
  -73.3414929977224       5.045502105765911E-005  1.018600014935446E-004
  -72.5486119923416       1.034639206470979E-004 -5.155175168287414E-005
  -71.7557309869608      -4.823012508961173E-005 -1.051945895428443E-004
  -70.9628499815800      -1.077127450406468E-004  4.047113930206284E-005
  -70.1699689761993       2.836844943094267E-005  1.111831531642817E-004
  -69.3770879708185       1.152960786564451E-004 -1.188860276605203E-005
  -68.5842069654377       9.267366639200570E-006 -1.193495316252327E-004
  -67.7913259600569      -1.223094360425252E-004 -3.572495639823012E-005
  -66.9984449546761      -6.847568979050682E-005  1.228119073492863E-004
  -66.2055639492953       1.191081636241174E-004  1.089505707506695E-004
  -65.4126829439146       1.591778639261301E-004 -1.089729006428466E-004
  -64.6198019385338      -8.961676192124699E-005 -2.220797661241804E-004
  -63.8269209331530      -3.019722327780071E-004  5.768442020441189E-005
  -63.0340399277722       9.502150965736858E-006  4.053233557474941E-004
  -62.2411589223914       5.417443968749369E-004  5.813134169964296E-005
  -61.4482779170106       1.461865690787345E-004 -7.249459943279666E-004
  -60.6553969116299      -9.729125667897855E-004 -2.502895309960988E-004
  -59.8625159062491      -3.563938280394640E-004  1.305918815213425E-003
  -59.0696349008683       1.740743547620214E-003  4.367189618409441E-004
  -58.2767538954875       4.493359340172346E-004 -2.280533768895884E-003
  -57.4838728901067      -2.903034304267040E-003 -3.457177816851141E-004
  -56.6909918847260      -8.802879201039270E-005  3.554229608316828E-003
  -55.8981108793452       4.155776830127827E-003 -3.290239477132341E-004
  -55.1052298739644      -8.641936459359560E-004 -4.628554684706767E-003
  -54.3123488685836      -4.922807016087589E-003  1.435475696537458E-003
  -53.5194678632028       1.945988274732455E-003  5.037596098289281E-003
  -52.7265868578220       5.017777487607886E-003 -2.315929866481926E-003
  -51.9337058524413      -2.502829631969657E-003 -4.931996982219522E-003
  -51.1408248470605      -4.846491969885445E-003  2.502229208688085E-003
  -50.3479438416797       2.334212278540182E-003  4.808097675563726E-003
  -49.5550628362989       4.840327198190500E-003 -2.026810392039987E-003
  -48.7621818309181      -1.604159939831897E-003 -4.948424671339172E-003
  -47.9693008255373      -5.127343350341525E-003  1.081361755016772E-003
  -47.1764198201566       4.642834440840833E-004  5.368736023816796E-003
  -46.3835388147758       5.665759915050070E-003  2.481308323886129E-004
  -45.5906578093950       1.060571161237614E-003 -6.016011645085529E-003
  -44.7977768040142      -6.423158612312089E-003 -1.977534396082187E-003
  -44.0048957986334      -2.998781914970143E-003  6.897344368900949E-003
  -43.2120147932526       7.453692426941752E-003  4.113962195144188E-003
  -42.4191337878719       5.297095095352493E-003 -8.107667292115803E-003
  -41.6262527824911      -8.866316345544278E-003 -6.503071351978850E-003
  -40.8333717771103      -7.669645636425848E-003  9.716204482972007E-003
  -40.0404907717295       1.061207034912072E-002  8.727988613741765E-003
  -39.2476097663487       9.621273625452337E-003 -1.147296607098089E-002
  -38.4547287609680      -1.219163069039841E-002 -1.032491513410926E-002
  -37.6618477555872      -1.085820246955315E-002  1.265656089644786E-002
  -36.8689667502064       1.277805181657058E-002  1.127974318921638E-002
  -36.0760857448256       1.166789471689036E-002 -1.250602538581026E-002
  -35.2832047394448      -1.183216796522988E-002 -1.209578281454755E-002
  -34.4903237340640      -1.261215181984930E-002  1.077799708922731E-002
  -33.6974427286833       9.376870581344269E-003  1.323397955732800E-002
  -32.9045617233025       1.394976115878660E-002 -7.658102685892079E-003
  -32.1116807179217      -5.637265429897188E-003 -1.472849936158681E-002
  -31.3187997125409      -1.552965927599355E-002  3.312456705251637E-003
  -30.5259187071601       6.641533902455418E-004  1.631170746925115E-002
  -29.7330377017793       1.703925550640398E-002  2.343752847570837E-003
  -28.9401566963986       5.762986686551707E-003 -1.769036172932504E-002
  -28.1472756910178      -1.826623771097164E-002 -9.659594405425806E-003
  -27.3543946856370      -1.410983073405565E-002  1.880556886531894E-002
  -26.5615136802562       1.940435877699060E-002  1.918791346012056E-002
  -25.7686326748754       2.493717590652810E-002 -2.023807998855881E-002
  -24.9757516694946      -2.157391283537755E-002 -3.131535759716754E-002
  -24.1828706641139      -3.811296229321645E-002  2.374745697832262E-002
  -23.3899896587331       2.706986872243842E-002  4.486897500807718E-002
  -22.5971086533523       5.084800653040957E-002 -3.165017405362950E-002
  -21.8042276479715      -3.718351394476548E-002 -5.516405397773030E-002
  -21.0113466425907      -5.708086920071533E-002  4.284367113884533E-002
  -20.2184656372100       4.743136908514570E-002  5.637399094547694E-002
  -19.4255846318292       5.351569355712521E-002 -4.978413751456589E-002
  -18.6327036264484      -4.922934048860222E-002 -4.950933234255350E-002
  -17.8398226210676      -4.545337533731873E-002  4.578936423450086E-002
  -17.0469416156868       4.003427943714968E-002  4.211842584065403E-002
  -16.2540606103060       3.976919150739364E-002 -3.273747069381935E-002
  -15.4611796049253      -2.457293712495453E-002 -3.824318144864382E-002
  -14.6682985995445      -3.714244841097133E-002  1.597866825774795E-002
  -13.8754175941637       7.164063146983624E-003  3.599886327145659E-002
  -13.0825365887829       3.435764925556182E-002  1.820365628031606E-003
  -12.2896555834021       1.101513500229663E-002 -3.178919956375571E-002
  -11.4967745780213      -2.785750055292525E-002 -2.051319430783789E-002
  -10.7038935726406      -3.045680905407529E-002  2.206423327468841E-002
  -9.91101256725978       1.377333187080138E-002  4.107541971371061E-002
  -9.11813156187900       5.278574414511575E-002 -2.112904686920908E-003
  -8.32525055649822       1.414116448829927E-002 -6.640793182458998E-002
  -7.53236955111743      -8.360368551432690E-002 -3.665039139249977E-002
  -6.73948854573665      -6.737990181207239E-002  0.107695611721934     
  -5.94660754035587       0.144970041838384       0.107740106082715     
  -5.15372653497509       0.156008858755838      -0.206060763512527     
  -4.36084552959430      -0.305505509802585      -0.201945305331632     
  -3.56796452421352      -0.219609602433035       0.455225816642012     
  -2.77508351883274       0.647935595670625       0.165696678383573     
  -1.98220251345196      -2.870923937161658E-003 -0.836540008993577     
  -1.18932150807117      -0.934490050205080       0.287876208036387     
 -0.396440502690391       0.615777582580925       0.862074472844104     
  0.396440502690391       0.615777582580925      -0.862074472844104     
   1.18932150807117      -0.934490050205080      -0.287876208036387     
   1.98220251345196      -2.870923937161658E-003  0.836540008993577     
   2.77508351883274       0.647935595670625      -0.165696678383573     
   3.56796452421352      -0.219609602433035      -0.455225816642012     
   4.36084552959430      -0.305505509802585       0.201945305331632     
   5.15372653497509       0.156008858755838       0.206060763512527     
   5.94660754035587       0.144970041838384      -0.107740106082715     
   6.73948854573665      -6.737990181207239E-002 -0.107695611721934     
   7.53236955111743      -8.360368551432690E-002  3.665039139249977E-002
   8.32525055649822       1.414116448829927E-002  6.640793182458998E-002
   9.11813156187900       5.278574414511575E-002  2.112904686920908E-003
   9.91101256725978       1.377333187080138E-002 -4.107541971371061E-002
   10.7038935726406      -3.045680905407529E-002 -2.206423327468841E-002
   11.4967745780213      -2.785750055292525E-002  2.051319430783789E-002
   12.2896555834021       1.101513500229663E-002  3.178919956375571E-002
   13.0825365887829       3.435764925556182E-002 -1.820365628031606E-003
   13.8754175941637       7.164063146983624E-003 -3.599886327145659E-002
   14.6682985995445      -3.714244841097133E-002 -1.597866825774795E-002
   15.4611796049253      -2.457293712495453E-002  3.824318144864382E-002
   16.2540606103060       3.976919150739364E-002  3.273747069381935E-002
   17.0469416156868       4.003427943714968E-002 -4.211842584065403E-002
   17.8398226210676      -4.545337533731873E-002 -4.578936423450086E-002
   18.6327036264484      -4.922934048860222E-002  4.950933234255350E-002
   19.4255846318292       5.351569355712521E-002  4.978413751456589E-002
   20.2184656372100       4.743136908514570E-002 -5.637399094547694E-002
   21.0113466425907      -5.708086920071533E-002 -4.284367113884533E-002
   21.8042276479715      -3.718351394476548E-002  5.516405397773030E-002
   22.5971086533523       5.084800653040957E-002  3.165017405362950E-002
   23.3899896587331       2.706986872243842E-002 -4.486897500807718E-002
   24.1828706641139      -3.811296229321645E-002 -2.374745697832262E-002
   24.9757516694946      -2.157391283537755E-002  3.131535759716754E-002
   25.7686326748754       2.493717590652810E-002  2.023807998855881E-002
   26.5615136802562       1.940435877699060E-002 -1.918791346012056E-002
   27.3543946856370      -1.410983073405565E-002 -1.880556886531894E-002
   28.1472756910178      -1.826623771097164E-002  9.659594405425806E-003
   28.9401566963986       5.762986686551707E-003  1.769036172932504E-002
   29.7330377017793       1.703925550640398E-002 -2.343752847570837E-003
   30.5259187071601       6.641533902455418E-004 -1.631170746925115E-002
   31.3187997125409      -1.552965927599355E-002 -3.312456705251637E-003
   32.1116807179217      -5.637265429897188E-003  1.472849936158681E-002
   32.9045617233025       1.394976115878660E-002  7.658102685892079E-003
   33.6974427286833       9.376870581344269E-003 -1.323397955732800E-002
   34.4903237340640      -1.261215181984930E-002 -1.077799708922731E-002
   35.2832047394448      -1.183216796522988E-002  1.209578281454755E-002
   36.0760857448256       1.166789471689036E-002  1.250602538581026E-002
   36.8689667502064       1.277805181657058E-002 -1.127974318921638E-002
   37.6618477555872      -1.085820246955315E-002 -1.265656089644786E-002
   38.4547287609680      -1.219163069039841E-002  1.032491513410926E-002
   39.2476097663487       9.621273625452337E-003  1.147296607098089E-002
   40.0404907717295       1.061207034912072E-002 -8.727988613741765E-003
   40.8333717771103      -7.669645636425848E-003 -9.716204482972007E-003
   41.6262527824911      -8.866316345544278E-003  6.503071351978850E-003
   42.4191337878719       5.297095095352493E-003  8.107667292115803E-003
   43.2120147932526       7.453692426941752E-003 -4.113962195144188E-003
   44.0048957986334      -2.998781914970143E-003 -6.897344368900949E-003
   44.7977768040142      -6.423158612312089E-003  1.977534396082187E-003
   45.5906578093950       1.060571161237614E-003  6.016011645085529E-003
   46.3835388147758       5.665759915050070E-003 -2.481308323886129E-004
   47.1764198201566       4.642834440840833E-004 -5.368736023816796E-003
   47.9693008255373      -5.127343350341525E-003 -1.081361755016772E-003
   48.7621818309181      -1.604159939831897E-003  4.948424671339172E-003
   49.5550628362989       4.840327198190500E-003  2.026810392039987E-003
   50.3479438416797       2.334212278540182E-003 -4.808097675563726E-003
   51.1408248470605      -4.846491969885445E-003 -2.502229208688085E-003
   51.9337058524412      -2.502829631969657E-003  4.931996982219522E-003
   52.7265868578220       5.017777487607886E-003  2.315929866481926E-003
   53.5194678632028       1.945988274732455E-003 -5.037596098289281E-003
   54.3123488685836      -4.922807016087589E-003 -1.435475696537458E-003
   55.1052298739644      -8.641936459359560E-004  4.628554684706767E-003
   55.8981108793452       4.155776830127827E-003  3.290239477132341E-004
   56.6909918847259      -8.802879201039270E-005 -3.554229608316828E-003
   57.4838728901067      -2.903034304267040E-003  3.457177816851141E-004
   58.2767538954875       4.493359340172346E-004  2.280533768895884E-003
   59.0696349008683       1.740743547620214E-003 -4.367189618409441E-004
   59.8625159062491      -3.563938280394640E-004 -1.305918815213425E-003
   60.6553969116299      -9.729125667897855E-004  2.502895309960988E-004
   61.4482779170106       1.461865690787345E-004  7.249459943279666E-004
   62.2411589223914       5.417443968749369E-004 -5.813134169964296E-005
   63.0340399277722       9.502150965736858E-006 -4.053233557474941E-004
   63.8269209331530      -3.019722327780071E-004 -5.768442020441189E-005
   64.6198019385338      -8.961676192124699E-005  2.220797661241804E-004
   65.4126829439146       1.591778639261301E-004  1.089729006428466E-004
   66.2055639492953       1.191081636241174E-004 -1.089505707506695E-004
   66.9984449546761      -6.847568979050682E-005 -1.228119073492863E-004
   67.7913259600569      -1.223094360425252E-004  3.572495639823012E-005
   68.5842069654377       9.267366639200570E-006  1.193495316252327E-004
   69.3770879708185       1.152960786564451E-004  1.188860276605203E-005
   70.1699689761992       2.836844943094267E-005 -1.111831531642817E-004
   70.9628499815800      -1.077127450406468E-004 -4.047113930206284E-005
   71.7557309869608      -4.823012508961173E-005  1.051945895428443E-004
   72.5486119923416       1.034639206470979E-004  5.155175168287414E-005
   73.3414929977224       5.045502105765911E-005 -1.018600014935446E-004
   74.1343740031032      -9.936601394267084E-005 -4.535670439477884E-005
   74.9272550084840      -3.725517015614156E-005  9.494601777331371E-005
   75.7201360138647       8.797150403994882E-005  2.765761409710142E-005
   76.5130170192455       1.822695818747861E-005 -7.851641103301662E-005
   77.3058980246263      -6.734319878266377E-005 -1.031716060877603E-005
   78.0987790300071      -4.648039786825868E-006  5.559480955946070E-005
   78.8916600353879       4.438500063565693E-005  1.265250270995742E-006
   79.6845410407687      -2.584398838745369E-007 -3.449950258503764E-005
   80.4774220461494      -2.630164233557473E-005  5.382419946873513E-007
   81.2703030515302       1.501302072419681E-007  1.980342787953524E-005
   82.0631840569110       1.480573508684321E-005  4.825438100088854E-007
   82.8560650622918       1.105643765536588E-006 -1.102817661692067E-005
   83.6489460676726      -8.193791381196156E-006 -1.599113655337291E-006
   84.4418270730533      -1.928788901564472E-006  6.068663988250524E-006
   85.2347080784341       4.471354940064852E-006  2.105868691518872E-006
   86.0275890838149       2.159977156295677E-006 -3.267429308335578E-006
   86.8204700891957      -2.359248897866106E-006 -2.124116686599609E-006
   87.6133510945765      -2.027628151894195E-006  1.676052355831574E-006
   88.4062320999573       1.166034325739485E-006  1.893711377783404E-006
   89.1991131053380       1.739215570475798E-006 -7.905327042496188E-007
   89.9919941107188      -5.198930209177053E-007 -1.575435267124266E-006
   90.7848751160996      -1.409321210626337E-006  3.305553537142224E-007
   91.5777561214804       2.030735424982976E-007  1.244856485711547E-006
   92.3706371268612       1.084436198329303E-006 -1.209402575888647E-007
   93.1635181322419      -7.013792319172762E-008 -9.300363824698220E-007
   93.9563991376227      -7.839171250418495E-007  3.923090929483137E-008
   94.7492801430035       1.965110162671638E-008  6.487094865268713E-007
   95.5421611483843       5.269850187082545E-007 -5.781530169427024E-009
   96.3350421537651       5.390906774026148E-009 -4.206376628172732E-007
   97.1279231591459      -3.304424555404317E-007 -1.499721436435812E-008
   97.9208041645266      -2.312411006452337E-008  2.559805451153437E-007
   98.7136851699074       1.958883685948220E-007  2.950388705567356E-008
   99.5065661752882       3.392783715120884E-008 -1.482568625452759E-007
   100.299447180669      -1.110109148083682E-007 -3.640125257746657E-008
   101.092328186050      -3.713361613242269E-008  8.217743149143037E-008
   101.885209191431       6.002817389939830E-008  3.646019691341012E-008
   102.678090196811       3.475822926895857E-008 -4.312634973079926E-008
   103.470971202192      -3.031583281362034E-008 -3.238552398618523E-008
   104.263852207573      -2.964620970646744E-008  2.068433270698841E-008
   105.056733212954       1.351991180911876E-008  2.677785904264418E-008
   105.849614218334       2.395191977599099E-008 -8.270381041302689E-009
   106.642495223715      -4.508845820127313E-009 -2.128071837726534E-008
   107.435376229096      -1.882666737007575E-008  1.905403712306162E-009
   108.228257234477       2.036772346010188E-010  1.661154677409955E-008
   109.021138239858       1.462550463980539E-008  7.992356361808139E-010
   109.814019245238       1.270059859806387E-009 -1.283657696059342E-008
   110.606900250619      -1.120175662378812E-008 -1.353252013783840E-009
   111.399781256000      -1.179676668911530E-009  9.679601913610185E-009
   112.192662261381       8.242289032626347E-009  8.682126840900651E-010
   112.985543266762       5.204820266577833E-010 -6.883224310309159E-009
   113.778424272142      -5.616762652401132E-009 -2.122187174009001E-010
   114.571305277523       1.304618022504233E-011  4.469856693499970E-009
   115.364186282904       3.469605921193264E-009 -1.435033945859008E-010
   116.157067288285      -1.913377481831321E-010 -2.632523714219751E-009
   116.949948293665      -1.959603906940531E-009  1.811891477550980E-010
   117.742829299046       1.394216750848718E-010  1.437629022539628E-009
   118.535710304427       1.044318070799642E-009 -8.725457314445872E-011
   119.328591309808      -3.828308909264172E-011 -7.542100545567259E-010
   120.121472315189      -5.431573355946671E-010 -8.642705023249025E-013
   120.914353320569      -2.846660439533024E-011  3.907464237322879E-010
   121.707234325950       2.809811292734406E-010  4.555889735897346E-011
   122.500115331331       5.431489215464207E-011 -2.019273654488362E-010
   123.292996336712      -1.449371314608556E-010 -5.707389036393374E-011
   124.085877342092      -5.587275192631203E-011  1.038316163368226E-010
   124.878758347473       7.421173212946152E-011  5.229239082871309E-011
   125.671639352854       4.746584683613381E-011 -5.293537653782882E-011
   126.464520358235      -3.774260145744294E-011 -4.215164989820591E-011
   127.257401363616      -3.682171302327279E-011  2.699348034965487E-011
   128.050282368996       1.948568763107667E-011  3.174171127499694E-011
   128.843163374377       2.703735177633757E-011 -1.432676636174848E-011
   129.636044379758      -1.084425095259425E-011 -2.274693830738185E-011
   130.428925385139      -1.886268511914719E-011  8.523393108024027E-012
   131.221806390520       6.966612975507433E-012  1.536245013291804E-011
   132.014687395900       1.223151055382846E-011 -5.870570954768121E-012
   132.807568401281      -5.015929424869289E-012 -9.472485133659073E-012
   133.600449406662      -7.102339659628455E-012  4.262665277347220E-012
   134.393330412043       3.542811805362591E-012  5.139092986245813E-012
   135.186211417423       3.585310753737099E-012 -2.845146579034242E-012
   135.979092422804      -2.192286905940144E-012 -2.417080198767765E-012
   136.771973428185      -1.583854252448256E-012  1.616346869474450E-012
   137.564854433566       1.140780640810729E-012  1.018226795420051E-012
   138.357735438947       6.497672611662871E-013 -7.725696098229988E-013
   139.150616444327      -5.036014287967742E-013 -4.164923354051743E-013
   139.943497449708      -2.706354347047614E-013  3.167729707509037E-013
   140.736378455089       1.923899785296550E-013  1.790437375714617E-013
   141.529259460470       1.204733001598013E-013 -1.124855115628459E-013
   142.322140465850      -6.272984076330289E-014 -8.204171599748322E-014
   143.115021471231      -5.616113009508795E-014  3.265357738637407E-014
   143.907902476612       1.505033393216871E-014  3.837123125288985E-014
   144.700783481993       2.598861430770521E-014 -5.159588446896427E-015
   145.493664487374       7.375999274472603E-017 -1.733094356455721E-014
   146.286545492754      -1.129220585725215E-014 -2.568579420853601E-015
   147.079426498135      -3.508492772661728E-015  7.113979102340721E-015
   147.872307503516       4.260259250084353E-015  3.610487556167474E-015
   148.665188508897       3.299572917272097E-015 -2.345641405675043E-015
   149.458069514277      -1.091174665964342E-015 -2.820342759394086E-015
   150.250950519658      -2.307435240101217E-015  2.951825101490686E-016
   151.043831525039      -1.872076022949526E-016  1.829648005318901E-015
   151.836712530420       1.417312686041962E-015  4.589990441664882E-016
   152.629593535801       5.924543371634965E-016 -1.079084681169593E-015
   153.422474541181      -8.120739728009747E-016 -6.374623376155512E-016
   154.215355546562      -6.278445956032255E-016  6.078237018096627E-016
   155.008236551943       4.557438668822354E-016  5.860997335534666E-016
   155.801117557324       5.269439101398012E-016 -3.450288545591786E-016
   156.593998562705      -2.657005531890449E-016 -4.599003801583060E-016
   157.386879568085      -3.911233808781694E-016  2.091512823507238E-016
   158.179760573466       1.683831963087710E-016  3.246124669084364E-016
   158.972641578847       2.629679115811315E-016 -1.380418551796584E-016
   159.765522584228      -1.143027950903281E-016 -2.078306512820320E-016
   160.558403589608      -1.601270475280499E-016  9.466052228859842E-017
   161.351284594989       7.766321860575764E-017  1.202057367800282E-016
   162.144165600370       8.792562479600430E-017 -6.262635959447938E-017
   162.937046605751      -4.935105699314191E-017 -6.273599978121072E-017
   163.729927611132      -4.377501416822163E-017  3.787267483482899E-017
   164.522808616512       2.826632974116844E-017  2.999390804363587E-017
   165.315689621893       2.029340471952504E-017 -2.052861167694816E-017
   166.108570627274      -1.453695688903170E-017 -1.364572260042305E-017
   166.901451632655      -9.177986999963139E-018  1.006791547191536E-017
   167.694332638036       6.844440736837966E-018  6.207546181618833E-018
   168.487213643416       4.236285021738670E-018 -4.584809953710594E-018
   169.280094648797      -3.037230194711404E-018 -2.920370777841576E-018
   170.072975654178      -2.031943389925462E-018  1.996385232385212E-018
   170.865856659559       1.305756523265985E-018  1.423793335070971E-018
   171.658737664939       1.001815533472280E-018 -8.518169217894900E-019
   172.451618670320      -5.551935052650894E-019 -7.056934259919001E-019
   173.244499675701      -4.962603635904527E-019  3.618848706927610E-019
   174.037380681082       2.358980180540301E-019  3.475688657753192E-019
   174.830261686463       2.420150533557112E-019 -1.536161398876427E-019
   175.623142691843      -9.971999476544471E-020 -1.673580700906730E-019
   176.416023697224      -1.148936900605904E-019  6.433853362830142E-020
   177.208904702605       4.111426683908210E-020  7.832752268783193E-020
   178.001785707986       5.306861701665236E-020 -2.592623495706569E-020
   178.794666713366      -1.607139973298090E-020 -3.577025921303861E-020
   179.587547718747      -2.401294901274707E-020  9.753121125481216E-021
   180.380428724128       5.765479128545838E-021  1.607054936640808E-020
   181.173309729509       1.072999924005872E-020 -3.296673639298010E-021
   181.966190734890      -1.802769507064282E-021 -7.150920488798117E-021
   182.759071740270      -4.758047634435691E-021  9.233160854633039E-022
   183.551952745651       4.231218572485335E-022  3.161121979518745E-021
   184.344833751032       2.097013573665611E-021 -1.515010905758903E-022
   185.137714756413      -1.382833518002842E-023 -1.388986114058525E-021
   185.930595761794      -9.185967355850364E-022 -4.804118775979889E-023
   186.723476767174      -6.898876755570846E-023  6.065765785903126E-022
   187.516357772555       3.999303085849434E-022  6.936633402726567E-023
   188.309238777936       6.064618757250851E-023 -2.632693129614832E-022
   189.102119783317      -1.729988774041201E-022 -4.899999147464882E-023
   189.895000788697      -3.751936018620998E-023  1.134203356086561E-022
   190.687881794078       7.411624330801772E-023  2.756419593964391E-023
   191.480762799459       1.956224545663230E-023 -4.819517228194057E-023
   192.273643804840      -3.111269749650372E-023 -1.347067337717772E-023
   193.066524810221      -9.034675544915226E-024  1.987904008684931E-023
   193.859405815601       1.252713723029450E-023  5.928005029379226E-024
   194.652286820982       3.827057983831065E-024 -7.757543205116830E-024
   195.445167826363      -4.704565407705768E-024 -2.448091957724624E-024
   196.238048831744      -1.563097556773854E-024  2.785513005253031E-024
   197.030929837124       1.605545617317611E-024  1.002154139887220E-024
   197.823810842505       6.470748769243849E-025 -8.977808209218289E-025
   198.616691847886      -4.843476786806801E-025 -4.204788183594526E-025
   199.409572853267      -2.739873419094344E-025  2.494955105575183E-025
   200.202453858648       1.200825014805479E-025  1.781113079824461E-025
   200.995334864028       1.148909366469948E-025 -5.128427622515489E-026
   201.788215869409      -1.641169232467567E-026 -7.316023261785117E-026
   202.581096874790      -4.575440300922157E-026 -1.796625434688014E-029
   203.373977880171      -6.773862042487437E-027  2.793789460658279E-026
   204.166858885551       1.651971060450290E-026  8.704860714023933E-027
   204.959739890932       8.419370848710596E-027 -9.333793021322952E-027
   205.752620896313      -4.913179027095141E-027 -7.270585172821137E-027
   206.545501901694      -5.923278677521136E-027  2.273023098658139E-027
   207.338382907075       7.605544234476999E-028  4.674478083377661E-027
   208.131263912455       3.631743299523985E-027  5.028586177089856E-029
   208.924144917836       4.329223676420752E-028 -2.810168216493044E-027
   209.717025923217      -2.183679336658748E-027 -5.600069211640012E-028
   210.509906928598      -5.395686763900178E-028  1.711291564681061E-027
   211.302787933979       1.350356689268124E-027  4.400130337916042E-028
   212.095668939359       3.068045954076744E-028 -1.063692343096476E-027
   212.888549944740      -8.239798762701537E-028 -1.722777005871735E-028
   213.681430950121      -5.950649398726533E-029  6.160999710989461E-028
   214.474311955502       4.364193050548037E-028 -1.801727154428263E-029
   215.267192960882      -5.767675912218907E-029 -2.883895435458941E-028
   216.060073966263      -1.760770296821524E-028  6.660111629012419E-029
   216.852954971644       5.711268664792379E-029  9.914597487066121E-029
   217.645835977025       5.188644159450500E-029 -4.101319342661373E-029
   218.438716982406      -2.592394198285951E-029 -2.571767071667689E-029
   219.231597987786      -1.244037364610690E-029  1.487645703374440E-029
   220.024478993167       7.929244311514285E-030  6.090177921921820E-030
   220.817359998548       3.111595369146280E-030 -3.989783164390170E-030
   221.610241003929      -1.910408299936123E-030 -1.679623930982031E-030
   222.403122009309      -9.500451082283325E-031  8.671112932465043E-031
   223.196003014690       3.641092916969882E-031  5.527230661150584E-031
   223.988884020071       3.247351919353126E-031 -1.311871230232866E-031
   224.781765025452      -2.920271267075246E-032 -1.899787631278651E-031
   225.574646030833      -1.095121045347440E-031 -1.116823127113206E-032
   226.367527036213      -2.371591904389116E-032  6.161463618080486E-032
   227.160408041594       3.344844361639447E-032  2.456536254348563E-032
   227.953289046975       2.118265236075927E-032 -1.720572172748955E-032
   228.746170052356      -8.098353587501482E-033 -1.684810639603015E-032
   229.539051057737      -1.286115722096569E-032  3.199730246846448E-033
   230.331932063117       7.375267870420211E-034  9.618180665833483E-033
   231.124813068498       7.131874518913380E-033  3.493056854375098E-034
   231.917694073879       6.896082099635961E-034 -5.275664631178346E-033
   232.710575079260      -3.894743582145319E-033 -6.543238034313236E-034
   233.503456084640      -4.624361093727186E-034  2.853702025843430E-033
   234.296337090021       2.053650709854481E-033  2.417559085628728E-034
   235.089218095402       6.109226666631183E-035 -1.432876512770776E-033
   235.882099100783      -9.574289339308757E-034  5.264482553643205E-035
   236.674980106164       1.019047242011680E-034  6.072455706272399E-034
   237.467861111544       3.642933249389609E-034 -1.054331239982623E-034
   238.260742116925      -8.561558743309952E-035 -2.072904558413145E-034
   239.053623122306      -1.129081030538175E-034  5.981292319050135E-035
   239.846504127687       3.747700593225439E-035  5.972739412318277E-035
   240.639385133067       3.122124495283625E-035 -2.160123592032085E-035
   241.432266138448      -1.165295259732008E-035 -1.639467185027334E-035
   242.225147143829      -8.751052512010182E-036  5.947705053527616E-036
   243.018028149210       2.882946297059574E-036  4.772951013479121E-036
   243.810909154591       2.658405039600413E-036 -1.319007733765479E-036
   244.603790159971      -5.563907802149362E-037 -1.506166344317285E-036
   245.396671165352      -8.640198229857889E-037  2.022238117290947E-037
   246.189552170733       4.823937348145829E-038  4.999227579960373E-037
   246.982433176114       2.910354392575900E-037  1.155116428784743E-038
   247.775314181495       2.931755908024835E-038 -1.702945850261641E-037
   248.568195186875      -1.001646203030275E-037 -2.988693897501888E-038
   249.361076192256      -2.457914343321009E-038  5.927033517886969E-038
   250.153957197637       3.531362113982186E-038  1.822611195177243E-038
   250.946838203018       1.265008939230314E-038 -2.118611666795891E-038
   251.739719208398      -1.277766273907616E-038 -8.345838952765160E-039
   252.532600213779      -5.269976893929077E-039  7.717067749120489E-039
   253.325481219160       4.639309520251896E-039  3.196557902962796E-039
   254.118362224541       1.868686285575581E-039 -2.756447357696128E-039
   254.911243229922      -1.607415142597511E-039 -1.058161108054115E-039
   255.704124235302      -5.850102446659839E-040  9.149740093849697E-040
   256.497005240683       5.066914730788457E-040  3.192149420180494E-040
   257.289886246064       1.740440433405846E-040 -2.726478320101318E-040
   258.082767251445      -1.425885299263071E-040 -9.586149836762537E-041
   258.875648256826      -5.369355138077767E-041  7.251865704812448E-041
   259.668529262206       3.585332209175450E-041  3.061745204053007E-041
   260.461410267587       1.771541212811368E-041 -1.718022192073806E-041
   261.254291272968      -7.916240422211011E-042 -1.034646137640203E-041
   262.047172278349      -6.068965036733910E-042  3.446893616405274E-042
   262.840053283729       1.362977567663706E-042  3.562405447305254E-042
   263.632934289110       2.088463873844714E-042 -4.369133354794603E-043
   264.425815294491      -5.654186284032478E-044 -1.222321843849058E-042
   265.218696299872      -7.148438846018300E-043 -7.685937310068716E-044
   266.011577305253      -1.054049183825138E-043  4.185628979529859E-043
   266.804458310633       2.460365875123158E-043  9.443532046929227E-044
   267.597339316014       7.248338812526640E-044 -1.455843979822517E-043
   268.390220321395      -8.686360446458691E-044 -5.094790257856678E-044
   269.183101326776      -3.358125206531516E-044  5.222180474611630E-044
   269.975982332156       3.150216649610007E-044  2.093832035109930E-044
   270.768863337537       1.238395127897038E-044 -1.892352638922448E-044
   271.561744342918      -1.121089171857315E-044 -6.956777209391878E-045
   272.354625348299      -3.723089408686218E-045  6.487637822334160E-045
   273.147506353680       3.639594027894323E-045  1.912501324382787E-045
   273.940387359060       9.562734646992148E-046 -1.970674062774426E-045
   274.733268364441      -1.028604139274381E-045 -4.750858452773590E-046
   275.526149369822      -2.400141823172094E-046  5.181790112011168E-046
   276.319030375203       2.524989288686837E-046  1.254980873733592E-046
   277.111911380583       6.823663676452068E-047 -1.191673663703585E-046
   277.904792385964      -5.437598802793988E-047 -3.826714603205999E-047
   278.697673391345      -2.182174812116607E-047  2.380102492251869E-047
   279.490554396726       9.797025604010560E-048  1.248496766265074E-047
   280.283435402107       7.097412146458218E-048 -3.610447659969405E-048
   281.076316407487      -1.016964711841920E-048 -3.983879330907458E-048
   281.869197412868      -2.198903625387055E-048  2.391244612149917E-050
   282.662078418249      -2.878898631781768E-049  1.189477044313220E-048
   283.454959423630       6.284149425240537E-049  3.310300984716854E-049
   284.247840429011       2.834909094446608E-049 -3.228850798790594E-049
   285.040721434391      -1.605574734566985E-049 -2.171415843593353E-049
   285.833602439772      -1.574971467300591E-049  7.697371496899666E-050
   286.626483445153       3.573560589926760E-050  1.109543930907805E-049
   287.419364450534       7.684152918267704E-050 -1.661335551809593E-050
   288.212245455914      -8.534057050928685E-051 -5.250388870303723E-050
   289.005126461295      -3.527455736095775E-050  5.541575881362716E-051
   289.798007466676       4.532659414302123E-051  2.309097174984668E-050
   290.590888472057       1.454059427745379E-050 -4.016767117408570E-051
   291.383769477438      -3.423384570485106E-051 -8.688457043317672E-051
   292.176650482818      -4.868101472206794E-051  2.674646006035405E-051
   292.969531488199       1.893626800137764E-051  2.536992086012813E-051
   293.762412493580       1.226122214152669E-051 -1.218269854794697E-051
   294.555293498961      -7.185598572443664E-052 -5.513299094133617E-052
   295.348174504342      -2.331905120194235E-052  3.932487479058128E-052
   296.141055509722       2.024443593798248E-052  9.475415878106057E-053
   296.933936515103       3.825672254911278E-053 -9.943662622459793E-053
   297.726817520484      -4.723375638808485E-053 -1.603707857393258E-053
   298.519698525865      -7.263103771131681E-054  2.195253585876507E-053
   299.312579531245       1.007246595674780E-053  3.603811077138947E-054
   300.105460536626       1.926000118562648E-054 -4.589742575804632E-054
   300.898341542007      -2.083602565021626E-054 -1.075784373228000E-054
   301.691222547388      -6.124086383738845E-055  9.433284075466829E-055
   302.484103552769       4.258323591817466E-055  3.500235651504715E-055
   303.276984558149       1.994262963773270E-055 -1.915769512158649E-055
   304.069865563530      -8.593707624592016E-056 -1.129426456543164E-055
   304.862746568911      -6.351083483715200E-056  3.854722822216134E-056
   305.655627574292       1.740980385909370E-056  3.542801065836805E-056
   306.448508579672       1.957042367978292E-056 -8.013031536708197E-057
   307.241389585053      -3.815312395404942E-057 -1.067307347431817E-056
   308.034270590434      -5.721887101419135E-057  1.899617345490589E-057
   308.827151595815       9.860556715818234E-058  3.000411246056410E-057
   309.620032601196       1.531934996261426E-057 -5.233968583054242E-058
   310.412913606576      -2.762568877280363E-058 -7.594884625318699E-058
   311.205794611957      -3.656547355682614E-058  1.412095316956381E-058
   311.998675617338       6.850107327695733E-059  1.715258737481499E-058
   312.791556622719       7.885539941116807E-059 -3.105336786897081E-059
   313.584437628099      -1.293969990083202E-059 -3.576916951383149E-059
   314.377318633480      -1.609976210590770E-059  4.809092781714964E-060
   315.170199638861       1.468362652224083E-060  7.211579596958409E-060
   315.963080644242       3.212785351913511E-060 -2.482772567596538E-061
   316.755961649623       1.146147986987084E-061 -1.417668319224052E-060
   317.548842655003      -6.148608824921854E-061 -1.703117665700672E-061
   318.341723660384      -1.372151678321575E-061  2.589311763516145E-061
   319.134604665765       1.037174697226966E-061  9.207603305687452E-062
   319.927485671146       5.640991791101965E-062 -3.791862928018569E-062
   320.720366676527      -1.131267441191490E-062 -3.269882672883580E-062
   321.513247681907      -1.825981006195913E-062  1.422041526849799E-063
   322.306128687288      -1.652486236384349E-063  9.932749476037313E-063
   323.099009692669       5.309191261407235E-063  2.155179843080828E-063
   323.891890698050       1.829018797868623E-063 -2.813645648564961E-063
   324.684771703430      -1.495028730395324E-063 -1.339650285496543E-063
   325.477652708811      -9.078789515029765E-064  8.077362585551202E-064
   326.270533714192       4.502062416592628E-064  5.832868100744734E-064
   327.063414719573       3.577043490001706E-064 -2.609905160340190E-064
   327.856295724954      -1.564944965467815E-064 -2.089593931640868E-064
   328.649176730334      -1.155176290641753E-064  9.513663642674281E-065
   329.442057735715       5.709427467016066E-065  5.997720091898534E-065
   330.234938741096       2.908958334221019E-065 -3.303134765230212E-065
   331.027819746477      -1.814071321238897E-065 -1.317958253512784E-065
   331.820700751857      -5.626429216870953E-066  9.398995453492997E-066
   332.613581757238       4.600968152816123E-066  2.310112439845530E-066
   333.406462762619       9.433790918389037E-067 -2.142284748914126E-066
   334.199343768000      -9.576016805013685E-067 -3.990789838482419E-067
   334.992224773381      -1.803866375509997E-067  4.147043556553845E-067
   335.785105778761       1.751676744693896E-067  8.754738496575255E-068
   336.577986784142       4.478360977883285E-068 -7.234911077298959E-068
   337.370867789523      -2.912923911947494E-068 -2.355423510173241E-068
   338.163748794904      -1.250293091930888E-068  1.130752245292156E-068
   338.956629800285       4.127647636625004E-069  6.630581529929205E-069
   339.749510805665       3.499563464281657E-069 -1.334118377261399E-069
   340.542391811046      -3.102237375154237E-070 -1.838250552555951E-069
   341.335272816427      -9.634074293443371E-070 -2.318891926388095E-071
   342.128153821808      -1.022913395102095E-070  5.060188455637932E-070
   342.921034827188       2.680356025228642E-070  9.774909368172233E-071
   343.713915832569       7.270961638241209E-071 -1.442722286634079E-070
   344.506796837950      -7.949001653957919E-071 -4.816210494193100E-071
   345.299677843331      -2.945849373235725E-071  4.500173001811804E-071
   346.092558848712       2.608226255498678E-071  1.672201127523238E-071
   346.885439854092       8.695945460706866E-072 -1.527462642147448E-071
   347.678320859473      -8.854394160139672E-072 -4.015330227381471E-072
   348.471201864854      -1.540259807329957E-072  4.964000100073901E-072
   349.264082870235       2.635996686351957E-072  4.010297164467435E-073
   350.056963875615      -1.879773582742014E-074 -1.305925136691162E-072
   350.849844880996      -5.988825226913538E-073  1.119672539760487E-073
   351.642725886377       9.269372406814818E-074  2.542616314089095E-073
   352.435606891758       1.007931028334006E-073 -5.482989162940101E-074
   353.228487897139      -2.714871735039104E-074 -3.794092951402440E-074
   354.021368902519      -1.389108905059606E-074  1.193902754923031E-074
   354.814249907900       4.817195101587590E-075  5.083982942387343E-075
   355.607130913281       1.904774813557595E-075 -1.819080788836065E-075
   356.400011918662      -6.491643802155085E-076 -7.400572472247095E-076
   357.192892924042      -2.980794202966950E-076  2.184080604542908E-076
   357.985773929423       6.776722072903277E-077  1.232918803182184E-076
   358.778654934804       5.172466814398563E-077 -1.807913320489608E-077
   359.571535940185      -3.081155366126527E-078 -2.176243991631455E-077
   360.364416945566      -9.097911984302586E-078 -6.907710767146632E-079
   361.157297950946      -1.176057311930370E-078  3.749314681057162E-078
   361.950178956327       1.510939736495424E-078  8.949809140527777E-079
   362.743059961708       5.598284415629418E-079 -5.894737462937997E-079
   363.535940967089      -2.192959002784609E-079 -3.205697686413899E-079
   364.328821972470      -1.748407799553563E-079  7.572671579471830E-080
   365.121702977850       2.288592098212211E-080  9.259101018329550E-080
   365.914583983231       4.812104335180259E-080 -5.017529729056777E-081
   366.707464988612       1.258462590434395E-082 -2.469154737041662E-080
   367.500345993993      -1.254284360979735E-080 -1.067528657598428E-081
   368.293226999373      -8.720866267373859E-082  6.308141434060379E-081
   369.086108004754       3.134342158383951E-081  5.244181177541661E-082
   369.878989010135       2.704160937104270E-082 -1.533217745097188E-081
   370.671870015516      -7.355054051402332E-082 -1.256133715881836E-082
   371.464751020897      -5.405906747000841E-083  3.449167152590358E-082
   372.257632026277       1.578653976365403E-082  2.219199156585596E-083
   373.050513031658       9.053819791262479E-084 -7.054205534809134E-083
   373.843394037039      -3.084133558587371E-083 -3.865541590221900E-084
   374.636275042420      -1.797823825582354E-084  1.323817780112834E-083
   375.429156047801       5.600558707811292E-084  9.117412222222722E-085
   376.222037053181       4.877799026821024E-085 -2.343816073128193E-084
   377.014918058562      -9.730517778638177E-085 -2.652394346210682E-085
   377.807799063943      -1.431253925757931E-085  4.014694831981601E-085
   378.600680069324       1.647521690777726E-085  7.581827292138854E-086
   379.393561074704       3.931051439648382E-086 -6.725048788403384E-086
   380.186442080085      -2.729273040828413E-086 -1.996066766458433E-086
   380.979323085466      -9.944331219555259E-087  1.100430497115121E-086
   381.772204090847       4.404129963031635E-087  4.870689743673143E-087
   382.565085096228       2.349545608731678E-087 -1.747933952116755E-087
   383.357966101608      -6.872149749863171E-088 -1.117745131271351E-087
   384.150847106989      -5.248999109161541E-088  2.672853972047911E-088
   384.943728112370       1.026397070438073E-088  2.434685118898244E-088
   385.736609117751       1.115792299868845E-088 -3.879072168076033E-089
   386.529490123131      -1.434977314149437E-089 -5.053108355578026E-089
   387.322371128512      -2.261399454876117E-089  5.145670933946079E-090
   388.115252133893       1.755799294890239E-090  1.000047875268601E-089
   388.908133139274       4.369851444848534E-090 -5.478093221852573E-091
   389.701014144655      -1.399249425979431E-091 -1.886750692084938E-090
   390.493895150035      -8.050277661117615E-091  1.538177021705842E-092
   391.286776155416      -1.452982446808651E-092  3.395161093506071E-091
   392.079657160797       1.415819849814697E-091  1.623221587754361E-092
   392.872538166178       1.166189123229805E-092 -5.839623121069277E-092
   393.665419171558      -2.382465498537627E-092 -7.184574063660645E-093
   394.458300176939      -4.081591551792680E-093  9.611342284942470E-093
   395.251181182320       3.830388838634661E-093  2.203166838314463E-093
   396.044062187701       1.147836175927346E-093 -1.505433867014730E-093
   396.836943193082      -5.820021132227991E-094 -5.828270366501282E-094
   397.629824198462      -2.903588201759696E-094  2.205505394007455E-094
   398.422705203843       8.156213436294473E-095  1.426322901793987E-094
   399.215586209224       6.934480742329041E-095 -2.928796604388264E-095
   400.008467214605      -1.016870715563481E-095 -3.345710381483258E-095
   400.801348219986      -1.604390816003472E-095  3.416043585424483E-096
   401.594229225366       1.129096440557249E-096  7.648285203435694E-096
   402.387110230747       3.619670955900038E-096 -3.876638185017381E-097
   403.179991236128      -1.528282904401684E-097 -1.695815644209735E-096
   403.972872241509      -7.832861046548130E-097  7.412883621956965E-098
   404.765753246890       4.175883086332123E-098  3.550438715222043E-097
   405.558634252270       1.572463544828297E-097 -2.441090878699846E-098
   406.351515257651      -1.378515923781656E-098 -6.782906882955313E-098
   407.144396263032      -2.845239689836503E-098  7.314294022293399E-099
   407.937277268413       3.622401658899985E-099  1.161080418343337E-098
   408.730158273793       4.620113720408881E-099 -1.676284102676006E-099
   409.523039279174      -7.270015621512924E-100 -1.799864292603044E-099
   410.315920284555      -6.901602698459476E-100  2.962562908334401E-100
   411.108801289936       1.135055003944926E-100  2.620686237728414E-100
   411.901682295317       9.912598893555884E-101 -4.075718496171217E-101
   412.694563300697      -1.356649401396969E-101 -3.752457535068490E-101
   413.487444306078      -1.425692436555994E-101  4.064496746579942E-102
   414.280325311459       1.004332143923878E-102  5.440444893175861E-102
   415.073206316840       2.083039221092727E-102 -1.316286804841465E-103
   415.866087322220       6.176212445935123E-104 -7.985227051447706E-103
   416.658968327601      -3.056840446224707E-103 -7.265440917816784E-104
   417.451849332982      -4.915002473476907E-104  1.165575623633263E-103
   418.244730338363       4.417497844833899E-104  2.813408333254957E-104
   419.037611343744       1.487069898723459E-104 -1.662242631844136E-104
   419.830492349124      -6.215144240183832E-105 -7.514476376741929E-105
   420.623373354505      -3.693429705465000E-105  2.319667679711731E-105
   421.416254359886       8.738933077072420E-106  1.782063213241091E-105
   422.209135365267       8.476890537015485E-106 -3.391982000223484E-106
   423.002016370648      -1.394907999108655E-106 -3.977043247494193E-106
   423.794897376028      -1.834946126084092E-106  6.215500527383929E-107
   424.587778381409       2.995393455227633E-107  8.277829203980348E-107
   425.380659386790       3.622812498747323E-107 -1.515920623615219E-107
   426.173540392171      -7.740065867562802E-108 -1.524772768005715E-107
   426.966421397551      -6.119098456791843E-108  3.855665662508438E-108
   427.759302402932       1.833919747295274E-108  2.324717426619219E-108
   428.552183408313       8.320959722756319E-109 -8.235090882192361E-109
   429.345064413694      -3.476712429278255E-109 -2.802695330185105E-109
   430.137945419075      -8.919438801702355E-110  1.381129175054345E-109
   430.930826424455       5.184864844667262E-110  2.713806134685446E-110
   431.723707429836       8.074152824817652E-111 -1.851819357731354E-110
   432.516588435217      -6.343264840300671E-111 -2.431071145356685E-111
   433.309469440598      -7.701614212902360E-112  2.100885006190607E-111
   434.102350445978       6.773443560047349E-112  2.633236554708185E-112
   434.895231451359       9.689951213914222E-113 -2.134509933559382E-112
   435.688112456740      -6.575020020926440E-113 -3.745253583981533E-113
   436.480993462121      -1.479108392752061E-113  1.969092279201171E-113
   437.273874467502       5.655769740365360E-114  5.851579298772538E-114
   438.066755472882       2.292968480220782E-114 -1.512695327580684E-114
   438.859636478263      -3.501757506350094E-115 -8.848790921797133E-115
   439.652517483644      -3.352990554910053E-115  5.277197046225401E-116
   440.445398489025      -8.954115428192988E-117  1.244941865547907E-115
   441.238279494405       4.519280210695920E-116  1.397010783085886E-116
   442.031160499786       9.183300362069334E-117 -1.598903797503755E-116
   442.824041505167      -5.486339218766316E-117 -4.917515541529391E-117
   443.616922510548      -2.396995342327329E-117  1.811432974736378E-117
   444.409803515929       5.677984874794047E-118  1.106967675389039E-117
   445.202684521309       4.935531969197706E-118 -1.647223520742497E-118
   445.995565526690      -4.174403468739083E-119 -2.146173987474836E-118
   446.788446532071      -9.154199119630456E-119  7.626377983527393E-120
   447.581327537452      -2.529632812335144E-121  3.842242220537361E-119
   448.374208542832       1.589445546115350E-119  1.266186360631237E-120
   449.167089548213       9.046710392583099E-121 -6.484140077550986E-120
   449.959970553594      -2.608601143234462E-120 -4.943600364776813E-121
   450.752851558975      -2.410828933851362E-121  1.034710053220237E-120
   451.545732564356       4.045856538800710E-121  1.106063593037099E-121
   452.338613569736       4.898141762194247E-122 -1.559553638130184E-121
   453.131494575117      -5.928323963422134E-122 -2.124651508029234E-122
   453.924375580498      -9.106218974459348E-123  2.223692370035248E-122
   454.717256585879       8.237519338038976E-123  3.875323536814414E-123
   455.510137591260       1.641356856822569E-123 -3.016637225287933E-123
   456.303018596640      -1.093204608081186E-123 -6.923617870381181E-124
   457.095899602021      -2.908385229849573E-124  3.924476389794719E-124
   457.888780607402       1.397123441718051E-124  1.216171617827886E-124
   458.681661612783       5.060675363833827E-125 -4.938756608585170E-125
   459.474542618163      -1.736588112673383E-125 -2.095020402105725E-125
   460.267423623544      -8.626814175461483E-126  6.090207452265098E-126
   461.060304628925       2.138926527872439E-126  3.532346253894856E-126
   461.853185634306       1.437337133171154E-126 -7.567302795337368E-127
   462.646066639687      -2.717209306129676E-127 -5.805575824047831E-127
   463.438947645067      -2.323533088054529E-127  9.979542820842212E-128
   464.231828650448       3.768750975899813E-128  9.191973087562865E-128
   465.024709655829       3.583910012170833E-128 -1.463096938148087E-128
   465.817590661210      -5.798072126097633E-129 -1.373047179697492E-128
   466.610471666591      -5.155541346566799E-129  2.317440361302195E-129
   467.403352671971       9.218021230744980E-130  1.894230542171102E-129
   468.196233677352       6.809068935624331E-130 -3.607153184828441E-130
   468.989114682733      -1.377431817055761E-130 -2.398114312955517E-130
   469.781995688114      -8.299962103917078E-131  5.109368196059980E-131
   470.574876693494       1.837810087030970E-131  2.834716933448997E-131
   471.367757698875       9.599085701355615E-132 -6.411200472208006E-132
   472.160638704256      -2.171618164347180E-132 -3.237885294819062E-132
   472.953519709637      -1.092268597952058E-132  7.151994631364705E-133
   473.746400715018       2.292326410542334E-133  3.695554668228816E-133
   474.539281720398       1.256089240342697E-133 -7.149826966224270E-134
   475.332162725779      -2.166372498960187E-134 -4.291214461586385E-134
   476.125043731160      -1.473117576588839E-134  6.349442592253002E-135
   476.917924736541       1.785025908229811E-135  5.077755885081168E-135
   477.710805741921       1.755868461534248E-135 -4.736371897540885E-136
   478.503686747302      -1.147090638534997E-136 -6.085795466315068E-136
   479.296567752683      -2.112562794381622E-136  2.327988361532963E-137
   480.089448758064       2.720163143413601E-138  7.339331770023190E-137
   480.882329763445       2.549847636673524E-137  7.360755389258046E-139
   481.675210768825       7.583298499257145E-139 -8.849476709034886E-138
   482.468091774206      -3.063199050139411E-138 -4.038560362484997E-139
   483.260972779587      -1.755774163130107E-139  1.055069524621187E-138
   484.053853784968       3.604844103470347E-139  6.833636697204813E-140
   484.846734790349       2.468951011969332E-140 -1.217231764757573E-139
   485.639615795729      -4.046115859773962E-140 -8.463848230613795E-141
   486.432496801110      -2.808467815462646E-141  1.319315061905909E-140
   487.225377806491       4.209015206473516E-141  9.220567375756733E-142
   488.018258811872       3.062763281921840E-142 -1.312043552099776E-141
   488.811139817252      -3.995345073060094E-142 -1.045987344777040E-142
   489.604020822633      -3.686017220635424E-143  1.188929061476272E-142
   490.396901828014       3.457710649751768E-143  1.328901486955424E-143
   491.189782833395       4.833267909438444E-144 -9.815166022672352E-144
   491.982663838776      -2.708752128950423E-144 -1.750765053598346E-144
   492.775544844156      -6.260873104770193E-145  7.205787127629529E-145
   493.568425849537       1.816128505899536E-145  2.199403203750894E-145
   494.361306854918       7.571380772383833E-146 -4.178713444608323E-146
   495.154187860299      -7.938569579359113E-147 -2.551116457219528E-146
   495.947068865680      -8.406412125547011E-147  7.352963399811164E-148
   496.739949871060      -3.633766365173336E-148  2.706168094240223E-147
   497.532830876441       8.496123560419503E-148  3.145322998205133E-148
   498.325711881822       1.662510489062910E-148 -2.594418372846847E-148
   499.118592887203      -7.674952972752685E-149 -7.492392286730310E-149
   499.911473892583      -3.118950653331187E-149  2.187267945088407E-149
   500.704354897964       5.962316475004927E-150  1.238677889289506E-149
   501.497235903345       4.769424790859897E-150 -1.543152081187706E-150
   502.290116908726      -3.785822937820818E-151 -1.795553033880325E-150
   503.082997914107      -6.632636238236326E-151  9.019135789746728E-152
   503.875878919487       2.295824892776541E-152  2.402818373251516E-151
   504.668759924868       8.503065594979487E-152 -7.385713729381397E-153
   505.461640930249      -3.108065571960186E-153 -2.919821190214078E-152
   506.254521935630      -9.651247641714185E-153  1.444535812725535E-153
   507.047402941010       6.430027970508342E-154  3.047338097874867E-153
   507.840283946391       9.138274750225662E-154 -2.598496526165774E-154
   508.633164951772      -9.424689247590087E-155 -2.595369117445240E-154
   509.426045957153      -6.983608968639423E-155  3.073319538817313E-155
   510.218926962534       9.052859634882684E-156  1.785084258824424E-155
   511.011807967914       4.347451661810279E-156 -2.417466123922098E-156
   511.804688973295      -5.850509069175785E-157 -1.009113005446597E-156
   512.597569978676      -2.217890811819161E-157  1.273362102950288E-157
   513.390450984057       2.440697539791078E-158  4.526693076489791E-158
   514.183331989437       8.204873508882772E-159 -3.928093528451673E-159
   514.976212994818      -4.737829769980659E-160 -1.187677938034720E-159
   515.769094000199      -9.762952526457308E-161  2.988229892532858E-161
   516.561975005580       2.960995427627176E-188  1.439301218877532E-187
