  -516.561975005580      -4.746774117163791E-187  1.778339030771893E-187
  -515.769094000199       1.090301229313758E-160  3.215209937367336E-160
  -514.976212994818       3.727039780323102E-159 -1.136515817810663E-159
  -514.183331989437      -6.131975920219912E-159 -2.343798391255142E-158
  -513.390450984057      -1.127301441014290E-157  2.250784613733515E-158
  -512.597569978676       5.149408542529783E-158  4.627604676711258E-157
  -511.804688973295       1.701627317106996E-156  1.663918116720624E-158
  -511.011807967914       9.777242134621735E-157 -5.729864380490625E-156
  -510.218926962534      -1.776714807131592E-155 -6.849088506525962E-156
  -509.426045957153      -3.467871110278409E-155  5.021784214368556E-155
  -508.633164951772       1.247816711857012E-154  1.489455904036443E-154
  -507.840283946391       5.719113820486770E-154 -2.432065504135497E-154
  -507.047402941010      -1.763338973227330E-154 -2.004663463042028E-153
  -506.254521935630      -6.443932350380526E-153 -1.567119342192111E-153
  -505.461640930249      -1.203912178282461E-152  1.879004806745111E-152
  -504.668759924868       4.780608327011999E-152  6.013825408760974E-152
  -503.875878919487       2.542003894802148E-151 -9.312085438899905E-152
  -503.082997914107      -4.525515725109553E-152 -9.746618302150752E-151
  -502.290116908726      -3.489003066809237E-150 -8.381581755147359E-151
  -501.497235903345      -6.297746388337299E-150  1.183971454894617E-149
  -500.704354897964       3.848993057823832E-149  3.289823765409012E-149
  -499.911473892583       1.485402364412748E-148 -1.211355483128729E-148
  -499.118592887203      -3.742248696547933E-148 -6.161962564490265E-148
  -498.325711881822      -2.404762283430037E-147  1.156228073534061E-147
  -497.532830876441       3.643628055708986E-147  8.908580498170207E-147
  -496.739949871060       3.138939835728180E-146 -1.182583743150159E-146
  -495.947068865680      -3.912862009782245E-146 -1.050967129634972E-145
  -495.154187860299      -3.341029136112682E-145  1.283933115838225E-145
  -494.361306854918       4.045483917884415E-145  1.010038383393785E-144
  -493.568425849537       2.918310375375592E-144 -1.190874281905990E-144
  -492.775544844156      -3.202600444558280E-144 -8.122747486265743E-144
  -491.982663838776      -2.197241090291189E-143  7.667463214897186E-144
  -491.189782833395       1.549746047259996E-143  5.815858130811893E-143
  -490.396901828014       1.509834992508014E-142 -2.198513522229874E-143
  -489.604020822633       5.285928196544647E-144 -3.831518953849091E-142
  -488.811139817252      -9.414545541319014E-142 -2.046525690998224E-142
  -488.018258811872      -1.071744078926990E-141  2.201045471628406E-141
  -487.225377806491       4.738568564444808E-141  4.208985542280062E-141
  -486.432496801110       1.440634243312902E-140 -8.700776450670424E-141
  -485.639615795729      -1.010378290701200E-140 -4.496050390996071E-140
  -484.846734790349      -1.297545341901127E-139 -1.492319223766565E-140
  -484.053853784968      -1.687609577447175E-139  3.450329596817439E-139
  -483.260972779587       8.243785156074524E-139  8.339976777536483E-139
  -482.468091774206       3.331980811412537E-138 -1.636261392477533E-138
  -481.675210768825      -1.878897567240807E-138 -1.199584454228497E-137
  -480.882329763445      -4.054489558873687E-137 -4.712758940521311E-138
  -480.089448758064      -4.800715147877371E-137  1.315011446131668E-136
  -479.296567752683       4.157110972912959E-136  2.507110811501265E-136
  -478.503686747302       1.074001097001921E-135 -1.298625284231137E-135
  -477.710805741921      -4.058279804823726E-135 -4.135679169114517E-135
  -476.917924736541      -1.475665986587388E-134  1.279012516963785E-134
  -476.125043731160       4.063760965051130E-134  4.930450723746842E-134
  -475.332162725779       1.546909774030386E-133 -1.287965892016219E-133
  -474.539281720398      -4.001001711216222E-133 -4.562363796555341E-133
  -473.746400715018      -1.269076558890833E-132  1.196043326735190E-132
  -472.953519709637       3.392355048285743E-132  3.356373431653590E-132
  -472.160638704256       8.555197979691304E-132 -9.055228211701763E-132
  -471.367757698875      -2.267418516882072E-131 -2.137563774741368E-131
  -470.574876693494      -5.316511957091573E-131  5.318564877858691E-131
  -469.781995688114       1.163900072537657E-130  1.327647497767894E-130
  -468.989114682733       3.327473526579583E-130 -2.343492817395107E-130
  -468.196233677352      -4.172346105609440E-130 -8.307591206258318E-130
  -467.403352671971      -2.043116163936061E-129  5.775227374369018E-130
  -466.610471666591       2.225126208630415E-130  4.884668028527492E-129
  -465.817590661210       1.116837478995548E-128  2.511133459436157E-129
  -465.024709655829       1.362973667786439E-128 -2.381699956858790E-128
  -464.231828650448      -4.503992573485589E-128 -5.065590144251107E-128
  -463.438947645067      -1.607058167242505E-127  6.504053410220311E-128
  -462.646066639687       1.521182257908319E-128  4.602838641618371E-127
  -461.853185634306       1.207824113861141E-126  3.983909737214061E-127
  -461.060304628925       2.239414731635133E-126 -2.878678580819027E-126
  -460.267423623544      -5.976528776807730E-126 -9.024902941436226E-126
  -459.474542618163      -3.173543704597758E-125  9.320177838408104E-126
  -458.681661612783       1.867199016533941E-126  1.033311975418451E-124
  -457.888780607402       3.201252782799685E-124  6.936330752657678E-125
  -457.095899602021       4.124468992023107E-124 -9.588319439280302E-124
  -456.303018596640      -2.807166087100624E-123 -1.760603812901870E-123
  -455.510137591260      -6.506856201628453E-123  8.095346383275890E-123
  -454.717256585879       2.308857621540844E-122  2.198006961120666E-122
  -453.924375580498       6.938486541223267E-122 -6.508794796647761E-122
  -453.131494575117      -1.803926991296537E-121 -2.070420843516026E-121
  -452.338613569736      -5.887649868328828E-121  4.872553360711577E-121
  -451.545732564356       1.270141882847046E-120  1.608008607302709E-120
  -450.752851558975       4.252090646240886E-120 -3.166137963461525E-120
  -449.959970553594      -7.482922302193512E-120 -1.096923800979166E-119
  -449.167089548213      -2.776614088136304E-119  1.659421462941655E-119
  -448.374208542832       3.390868963501158E-119  6.917229629212788E-119
  -447.581327537452       1.696178692897205E-118 -6.129179760588126E-119
  -446.788446532071      -8.674882120214399E-119 -4.083586458277750E-118
  -445.995565526690      -9.605221918887715E-118  4.055010766218720E-119
  -445.202684521309      -3.416563717157579E-118  2.190442549089030E-117
  -444.409803515929       4.785183605370277E-117  1.911786874235845E-117
  -443.616922510548       7.167120321638590E-117 -9.808876670320873E-117
  -442.824041505167      -1.808315934417206E-116 -2.293668053510675E-116
  -442.031160499786      -6.679705436400501E-116  2.666192516926857E-116
  -441.238279494405       1.500610098050259E-116  1.812797508376693E-115
  -440.445398489025       4.620072876202375E-115  1.019078638438602E-115
  -439.652517483644       6.202345204758453E-115 -1.102557153906091E-114
  -438.859636478263      -2.426018961893969E-114 -2.481994661637181E-114
  -438.066755472882      -8.515166743329750E-114  4.723803380721205E-114
  -437.273874467502       7.172045406685448E-114  2.686976864398095E-113
  -436.480993462121       8.032684679576890E-113 -3.281881283086665E-114
  -435.688112456740       3.520541373155185E-113 -2.310662508515036E-112
  -434.895231451359      -6.455113278338935E-112 -2.100250838988435E-112
  -434.102350445978      -8.513550126071773E-112  1.761182583038046E-111
  -433.309469440598       4.706609873902384E-111  2.957862879815768E-111
  -432.516588435217       9.393198988654775E-111 -1.232673735844998E-110
  -431.723707429836      -3.158979725204183E-110 -2.803100885576066E-110
  -430.930826424455      -7.981628938947593E-110  7.896637432919161E-110
  -430.137945419075       1.917560629214914E-109  2.190375313575569E-109
  -429.345064413694       5.834476182739554E-109 -4.501681897609459E-109
  -428.552183408313      -1.015528653771428E-108 -1.515977025939449E-108
  -427.759302402932      -3.854458246969225E-108  2.181682390805133E-108
  -426.966421397551       4.393489628584326E-108  9.606321706386517E-108
  -426.173540392171       2.348162078938342E-107 -8.030224316978398E-108
  -425.380659386790      -1.226542239226698E-107 -5.627516692296706E-107
  -424.587778381409      -1.320494252264296E-106  1.092316612118527E-107
  -423.794897376028      -2.050717304232339E-107  3.026040504916191E-106
  -423.002016370648       6.743640310477260E-106  1.622299982436219E-106
  -422.209135365267       6.514252060766084E-106 -1.451583558845560E-105
  -421.416254359886      -2.984004019866760E-105 -2.144226732112298E-105
  -420.623373354505      -6.366109569917109E-105  5.738669279312312E-105
  -419.830492349124       9.880414030620300E-105  1.766462093714728E-104
  -419.037611343744       4.656979437835409E-104 -1.342239018962930E-104
  -418.244730338363      -5.831902489029800E-105 -1.175980450356061E-103
  -417.451849332982      -2.854388393577872E-103 -5.169813113000638E-104
  -416.658968327601      -2.830221837203533E-103  6.660886328484317E-103
  -415.866087322220       1.489904901234055E-102  1.052503193205329E-102
  -415.073206316840       3.374289396399243E-102 -3.171420985418917E-102
  -414.280325311459      -6.331046540005527E-102 -9.953927433086584E-102
  -413.487444306078      -2.775779275020620E-101  1.149146268973845E-101
  -412.694563300697       1.751145767439350E-101  7.416124900110641E-101
  -411.901682295317       1.912103450275102E-100 -1.591972027923609E-101
  -411.108801289936       2.687720768603320E-101 -4.776342762046527E-100
  -410.315920284555      -1.158141409044965E-099 -2.211195586697286E-100
  -409.523039279174      -8.948001383011106E-100  2.727190359596730E-099
  -408.730158273793       6.231599182993311E-099  2.963532368375158E-099
  -407.937277268413       8.864323498185127E-099 -1.378471820052611E-098
  -407.144396263032      -2.938656953547939E-098 -2.483372152479843E-098
  -406.351515257651      -6.628685478860452E-098  5.988591272279713E-098
  -405.558634252270       1.149313012496203E-097  1.701052682008199E-097
  -404.765753246890       4.217262127818615E-097 -2.015438692869641E-097
  -403.972872241509      -2.996595381913228E-097 -1.012448468282510E-096
  -403.179991236128      -2.354494349934955E-096  2.801065022129928E-097
  -402.387110230747      -3.365454270811823E-097  5.295652243092260E-096
  -401.594229225366       1.147391780842629E-095  3.034038694143636E-096
  -400.801348219986       1.197250663847515E-095 -2.376616027609810E-095
  -400.008467214605      -4.639113750558950E-095 -3.805729006972481E-095
  -399.215586209224      -1.083956296300664E-094  8.287959495513496E-095
  -398.422705203843       1.260570201927976E-094  2.872603974322906E-094
  -397.629824198462       7.201149394271594E-094 -1.227914247849708E-094
  -396.836943193082       1.340534673786527E-094 -1.719838781553791E-093
  -396.044062187701      -3.918788878525691E-093 -1.311560517377913E-093
  -395.251181182320      -5.357810143315922E-093  8.488107462691139E-093
  -394.458300176939       1.729613621609618E-092  1.761831412593374E-092
  -393.665419171558       5.211691139409535E-092 -3.239876925295682E-092
  -392.872538166178      -5.275370662437815E-092 -1.443705179553986E-091
  -392.079657160797      -3.817119326725501E-091  6.176437999088864E-092
  -391.286776155416      -1.223366411316840E-092  9.733289822264665E-091
  -390.493895150035       2.408103386229938E-090  4.098151150756410E-091
  -389.701014144655       1.848223491227528E-090 -5.800940827509979E-090
  -388.908133139274      -1.362987644454269E-089 -6.315057086355369E-090
  -388.115252133893      -1.903971455374862E-089  3.124890716228996E-089
  -387.322371128512       6.985485972632903E-089  5.323716092119174E-089
  -386.529490123131       1.412012731298711E-088 -1.519588341411776E-088
  -385.736609117751      -3.205682490491886E-088 -3.595543685712654E-088
  -384.943728112370      -8.852118712796759E-088  6.520712328853892E-088
  -384.150847106989       1.266665848711299E-087  2.116160190406729E-087
  -383.357966101608       4.924957311857061E-087 -2.309363858312697E-087
  -382.565085096228      -3.814627900528344E-087 -1.117451979316335E-086
  -381.772204090847      -2.472828722912769E-086  5.210208524032785E-087
  -380.979323085466       3.827496783732162E-087  5.332887364602474E-086
  -380.186442080085       1.118285435158007E-085  9.125378729426877E-087
  -379.393561074704       5.871778055143882E-086 -2.270183824303636E-085
  -378.600680069324      -4.426997653711396E-085 -2.105667479452266E-085
  -377.807799063943      -6.262158347652497E-085  8.177245210484159E-085
  -377.014918058562       1.391580062819594E-084  1.683963219980641E-084
  -376.222037053181       4.230148450280705E-084 -2.041434139840066E-084
  -375.429156047801      -2.021236128253339E-084 -1.007264257022527E-083
  -374.636275042420      -2.287729415771914E-083 -1.363288167221661E-084
  -373.843394037039      -1.631540162068174E-083  4.960300503239884E-083
  -373.050513031658       1.022419766490209E-082  6.569412323303137E-083
  -372.257632026277       2.097613154205040E-082 -1.981112897334970E-082
  -371.464751020897      -3.520850330453847E-082 -6.014046275534328E-082
  -370.671870015516      -1.617770596931432E-081  5.404766038348026E-082
  -369.878989010135       5.809152945463943E-082  4.169564662257781E-081
  -369.086108004754       1.041899808467016E-080  2.126097326096558E-082
  -368.293226999373       3.932119879142430E-081 -2.542611477781462E-080
  -367.500345993993      -6.086899614941857E-080 -1.627032062678984E-080
  -366.707464988612      -5.152340495838069E-080  1.432821229292168E-079
  -365.914583983231       3.317733241093933E-079  1.433154561682744E-079
  -365.121702977850       3.663198193870377E-079 -7.545541904369655E-079
  -364.328821972470      -1.680031884129661E-078 -8.783932960726101E-079
  -363.535940967089      -2.001154402135294E-078  3.645201374063145E-078
  -362.743059961708       7.667191149949045E-078  4.377974524972784E-078
  -361.950178956327       9.298904638292535E-078 -1.555466526320995E-077
  -361.157297950946      -3.029874396940169E-077 -1.939056597791322E-077
  -360.364416945566      -4.007002133983831E-077  5.641905971441336E-077
  -359.571535940185       9.986186677073383E-077  8.248454757130694E-077
  -358.778654934804       1.691030851060584E-076 -1.663316430273044E-076
  -357.985773929423      -2.552313055770792E-076 -3.435688134071200E-076
  -357.192892924042      -6.863304696620833E-076  3.426286443834880E-076
  -356.400011918662       3.389786670368460E-076  1.335200094575994E-075
  -355.607130913281       2.500478306111088E-075  7.277551970208248E-078
  -354.814249907900       1.314401739709090E-075 -4.435312394462076E-075
  -354.021368902519      -7.244069464417878E-075 -4.971949186742908E-075
  -353.228487897139      -1.387416744381336E-074  1.021752636817621E-074
  -352.435606891758       9.925634627200230E-075  3.358639191490828E-074
  -351.642725886377       7.375052296601533E-074  4.739922442471936E-075
  -350.849844880996       6.466196358322104E-074 -1.483396417395384E-073
  -350.056963875615      -2.695741793207628E-073 -2.487116562872408E-073
  -349.264082870235      -7.473947569659814E-073  4.195064092131217E-073
  -348.471201864854       4.545453510859441E-073  2.003079565788491E-072
  -347.678320859473       5.014935604880436E-072  1.744085136323252E-073
  -346.885439854092       3.178385894262256E-072 -1.200172157386015E-071
  -346.092558848712      -2.786134558191339E-071 -1.335350136015280E-071
  -345.299677843331      -4.319976378703074E-071  6.345723115479065E-071
  -344.506796837950       1.431520730820575E-070  1.233409641533488E-070
  -343.713915832569       3.243388222187272E-070 -3.219878044012749E-070
  -342.921034827188      -7.231819066558853E-070 -7.984863800555999E-070
  -342.128153821808      -1.852623103270467E-069  1.613002668672192E-069
  -341.335272816427       3.531353256664396E-069  4.065811742230873E-069
  -340.542391811046       8.478514715000730E-069 -7.480202934612725E-069
  -339.749510805665      -1.512656832953338E-068 -1.692639707789570E-068
  -338.956629800285      -3.269780995082186E-068  2.889818073044783E-068
  -338.163748794904       5.172138979018240E-068  6.185510451965379E-068
  -337.370867789523       1.157205611902314E-067 -8.587678886158125E-068
  -336.577986784142      -1.297866412770967E-067 -2.150828667277197E-067
  -335.785105778761      -3.964081777631676E-067  1.700920682640320E-067
  -334.992224773381       1.635508854575529E-067  7.191005510971962E-067
  -334.199343768000       1.268899880796956E-066  1.669834273213843E-069
  -333.406462762619       5.835422643235850E-067 -2.141621153524814E-066
  -332.613581757238      -3.364228156432285E-066 -2.130939115961202E-066
  -331.820700751857      -5.730639995062482E-066  4.646523207874401E-066
  -331.027819746477       4.714411253104359E-066  1.337244289743819E-065
  -330.234938741096       2.833481254317536E-065  3.311345246927826E-067
  -329.442057735715       2.082927531955778E-065 -5.509724891167636E-065
  -328.649176730334      -9.711755057821697E-065 -8.207710954134544E-065
  -327.856295724954      -2.428097039487793E-064  1.476570988737633E-064
  -327.063414719573       1.607842220230721E-064  6.346134740435747E-064
  -326.270533714192       1.545715155142043E-063  2.993866027130156E-065
  -325.477652708811       9.230668546695114E-064 -3.601590511299574E-063
  -324.684771703430      -8.166203184601877E-063 -3.867580758831716E-063
  -323.891890698050      -1.225508227744605E-062  1.826579148411105E-062
  -323.099009692669       4.075818321214492E-062  3.405834906859282E-062
  -322.306128687288       8.671318939723274E-062 -9.133711545408432E-062
  -321.513247681907      -2.053354250341059E-061 -2.053256261468300E-061
  -320.720366676527      -4.543473314662258E-061  4.585015133033330E-061
  -319.927485671146       1.000962992679922E-060  9.417115893233054E-061
  -319.134604665765       1.836489242035834E-060 -2.102121734674538E-060
  -318.341723660384      -4.195203366757337E-060 -3.402820843161140E-060
  -317.548842655003      -6.087335428610092E-060  7.903509632814928E-060
  -316.755961649623       1.402796249289615E-059  1.072694659928887E-059
  -315.963080644242       1.896584758333376E-059 -2.345898196061046E-059
  -315.170199638861      -3.690358521195980E-059 -3.398222525183368E-059
  -314.377318633480      -6.163147336392886E-059  5.414061337950719E-059
  -313.584437628099       7.217564031813622E-059  1.120835222567939E-058
  -312.791556622719       2.018372856860820E-058 -8.106556050546498E-059
  -311.998675617338      -5.514998769125426E-059 -3.553165969785107E-058
  -311.205794611957      -6.034014304186206E-058 -6.427053697020026E-059
  -310.412913606576      -4.013157743224157E-058  9.717640834759556E-058
  -309.620032601196       1.441696671122629E-057  1.202680597533432E-057
  -308.827151595815       2.931745174053666E-057 -1.843922241084939E-057
  -308.034270590434      -1.598863767104346E-057 -6.408937697705854E-057
  -307.241389585053      -1.298730916065913E-056 -8.808465164401881E-058
  -306.448508579672      -9.510276825414872E-057  2.468676210822239E-056
  -305.655627574292       4.404350643627041E-056  3.336685211894267E-056
  -304.862746568911       9.265221168895297E-056 -7.306555373018293E-056
  -304.069865563530      -1.099890825166256E-055 -2.310056936560021E-055
  -303.276984558149      -5.404071259898837E-055  1.414125905608747E-055
  -302.484103552769       1.259573558425555E-055  1.210019518441539E-054
  -301.691222547388       2.617590979319027E-054  3.578996379577824E-056
  -300.898341542007       5.520782612705557E-055 -5.489240824204645E-054
  -300.105460536626      -1.115450762884348E-053 -1.825483031084939E-054
  -299.312579531245      -4.613994865780955E-054  2.191019521656681E-053
  -298.519698525865       4.147562431344655E-053  1.038223571747769E-053
  -297.726817520484       2.210280314939762E-053 -7.547846542425678E-053
  -296.933936515103      -1.318433198340989E-052 -4.598498767881149E-053
  -296.141055509722      -9.486823164608214E-053  2.207767121447492E-052
  -295.348174504342       3.535299752414454E-052  1.942949764335830E-052
  -294.555293498961       3.925488775384101E-052 -5.379074376183493E-052
  -293.762412493580      -7.660402582457592E-052 -7.760360990353206E-052
  -292.969531488199      -1.490609906107037E-051  9.854394843267262E-052
  -292.176650482818       1.036409617236743E-051  2.765969195692108E-051
  -291.383769477438       4.930011163719306E-051 -5.254754030028929E-052
  -290.590888472057       1.417023500585739E-051 -8.374299355359249E-051
  -289.798007466676      -1.337256854710175E-050 -6.578609780216171E-051
  -289.005126461295      -1.842926777552961E-050  1.952458501040068E-050
  -288.212245455914       2.432360355797604E-050  4.336945467854296E-050
  -287.419364450534       9.261878052356491E-050 -1.977937717429933E-050
  -286.626483445153       1.512235443883082E-050 -1.847744219916116E-049
  -285.833602439772      -3.486578521135371E-049 -1.306506413907412E-049
  -285.040721434391      -4.403218752459289E-049  6.251663722632075E-049
  -284.247840429011       1.065385330785707E-048  1.190389187284657E-048
  -283.454959423630       2.898075149157741E-048 -1.720853056519088E-048
  -282.662078418249      -2.622888482384671E-048 -6.616523723785604E-048
  -281.869197412868      -1.441614631083278E-047  3.754829633932509E-048
  -281.076316407487       5.031845636405692E-048  3.019610480877773E-047
  -280.283435402107       6.092549493187783E-047 -6.289689596236064E-048
  -279.490554396726      -7.164303949940288E-048 -1.183348432178983E-046
  -278.697673391345      -2.209646812434562E-046  6.388052786768170E-048
  -277.904792385964      -6.495081333649662E-049  3.964361912738999E-046
  -277.111911380583       6.838748737250138E-046  2.813701612572701E-047
  -276.319030375203       1.128618771501987E-046 -1.136227240976017E-045
  -275.526149369822      -1.820800710103216E-045 -3.379637705176230E-046
  -274.733268364441      -8.727729632747689E-046  2.812379223585203E-045
  -273.940387359060       4.165163471397026E-045  2.036138633229277E-045
  -273.147506353680       4.392017904392088E-045 -5.835088372356543E-045
  -272.354625348299      -7.497820059974266E-045 -8.882392879476063E-045
  -271.561744342918      -1.698410526825775E-044  8.160864807878207E-045
  -270.768863337537       5.386251413032994E-045  3.082247566680043E-044
  -269.975982332156       5.304218185889648E-044  6.198461957718831E-045
  -269.183101326776       3.765045907701481E-044 -8.593377500251328E-044
  -268.390220321395      -1.286549206868741E-043 -1.106373737834728E-043
  -267.597339316014      -2.660382622934654E-043  1.699879090746445E-043
  -266.804458310633       1.711760423254207E-043  5.787124831262856E-043
  -266.011577305253       1.182849774969907E-042 -2.750150916029184E-044
  -265.218696299872       5.142383361234993E-043 -2.316739861075535E-042
  -264.425815294491      -4.407236854285623E-042 -2.026158399175482E-042
  -263.632934289110      -5.734194426613266E-042  8.243683846947206E-042
  -262.840053283729       1.535891862007076E-041  1.412875661811169E-041
  -262.047172278349       3.195243387938894E-041 -2.885824885849838E-041
  -261.254291272968      -5.506900633238033E-041 -6.750821836265931E-041
  -260.461410267587      -1.338377113609505E-040  1.062927234527174E-040
  -259.668529262206       2.041919048802518E-040  2.489012674606140E-040
  -258.875648256826       4.342879788303830E-040 -3.817535336014780E-040
  -258.082767251445      -6.803605041986445E-040 -7.141508182390366E-040
  -257.289886246064      -1.119193021616243E-039  1.139385602772041E-039
  -256.497005240683       1.779249778731255E-039  1.701023268620128E-039
  -255.704124235302       2.557093461531002E-039 -2.580831264814271E-039
  -254.911243229922      -3.459135660580229E-039 -3.858428447179403E-039
  -254.118362224541      -5.867238102619931E-039  4.218331256179880E-039
  -253.325481219160       4.466135564829996E-039  8.928769129579900E-039
  -252.532600213779       1.341180242469369E-038 -3.463424897440820E-039
  -251.739719208398       1.101811742415583E-040 -1.954348439909685E-038
  -250.946838203018      -2.702772624878870E-038 -8.478974554067829E-039
  -250.153957197637      -2.514337218640513E-038  3.424101281967226E-038
  -249.361076192256       3.664443429150761E-038  5.514996995732040E-038
  -248.568195186875       1.048399835399071E-037 -2.380179241565634E-038
  -247.775314181495       2.600175261388070E-038 -1.800673379819029E-037
  -246.982433176114      -2.806359298361674E-037 -1.551752350635876E-037
  -246.189552170733      -4.429517310427435E-037  3.861590936467438E-037
  -245.396671165352       4.234357847398408E-037  1.032853729240101E-036
  -244.603790159971       2.180361794937679E-036 -1.954894215283978E-037
  -243.810909154591       7.658521830265122E-037 -4.340296155118936E-036
  -243.018028149210      -8.341137796623152E-036 -3.491288249227469E-036
  -242.225147143829      -1.010925255810434E-035  1.576080835235037E-035
  -241.432266138448       2.975391809842474E-035  2.471416520924217E-035
  -240.639385133067       5.447753595792336E-035 -5.676102378845061E-035
  -239.846504127687      -1.095203640339559E-034 -1.104002464369732E-034
  -239.053623122306      -2.064033186768844E-034  2.110176072535613E-034
  -238.260742116925       3.969979222042143E-034  3.556340007274829E-034
  -237.467861111544       5.656152615980884E-034 -7.126535278330992E-034
  -236.674980106164      -1.200605393188630E-033 -8.386285285338215E-034
  -235.882099100783      -1.184990150510752E-033  1.883874705012223E-033
  -235.089218095402       2.752784692475498E-033  1.649316119298003E-033
  -234.296337090021       2.338486951048209E-033 -3.759151695818218E-033
  -233.503456084640      -4.806764517832555E-033 -3.437128407735022E-033
  -232.710575079260      -5.203681370197475E-033  5.718057391165331E-033
  -231.917694073879       6.160513597702104E-033  7.943906732087741E-033
  -231.124813068498       1.194698189481750E-032 -5.525709460322487E-033
  -230.331932063117      -2.761955620823843E-033 -1.734237239250716E-032
  -229.539051057737      -2.379679251601822E-032 -3.825816422125756E-033
  -228.746170052356      -1.675951543450874E-032  2.991596249159613E-032
  -227.953289046975       3.213449817948035E-032  3.941685566694576E-032
  -227.160408041594       7.557569009520073E-032 -2.275498353774539E-032
  -226.367527036213       1.338343233443393E-032 -1.277496471021798E-031
  -225.574646030833      -1.928052355988025E-031 -1.043969894946849E-031
  -224.781765025452      -3.002446428737456E-031  2.518061728631760E-031
  -223.988884020071       2.480392966504442E-031  6.871363103614646E-031
  -223.196003014690       1.411789448821940E-030 -4.154560010366961E-032
  -222.403122009309       6.814206565914113E-031 -2.725898323554649E-030
  -221.610241003929      -5.077412115976066E-030 -2.580290086220128E-030
  -220.817359998548      -6.962357090600404E-030  9.314094342666519E-030
  -220.024478993167       1.713921318130906E-029  1.624471448335293E-029
  -219.231597987786       3.448313797332565E-029 -3.204596519623054E-029
  -218.438716982406      -6.091126613241539E-029 -6.757631798843421E-029
  -217.645835977025      -1.224062809167254E-028  1.159417559718302E-028
  -216.852954971644       2.155878419785410E-028  2.044049668681884E-028
  -216.060073966263       3.146515122959412E-028 -3.822049664242562E-028
  -215.267192960882      -6.355086912615840E-028 -4.499848342482353E-028
  -214.474311955502      -6.096867255353262E-028  9.845941532897223E-028
  -213.681430950121       1.423612022779964E-027  8.078501782311303E-028
  -212.888549944740       1.085227359876031E-027 -1.932662267730436E-027
  -212.095668939359      -2.478460595686025E-027 -1.514493641545656E-027
  -211.302787933979      -2.198097484941272E-027  3.006317562784975E-027
  -210.509906928598       3.418186940280878E-027  3.260893140970054E-027
  -209.717025923217       4.836256855091963E-027 -3.535858822961542E-027
  -208.924144917836      -3.049723484404472E-027 -7.036744356210428E-027
  -208.131263912455      -9.891614918215630E-027  1.453609713886263E-027
  -207.338382907075      -2.030649596878294E-027  1.322299252232478E-026
  -206.545501901694       1.641675390452140E-026  8.525006313020691E-027
  -205.752620896313       1.952725904193960E-026 -1.801948151502964E-026
  -204.959739890932      -1.505385619294655E-026 -3.682511421331641E-026
  -204.166858885551      -6.213810617000500E-026  1.882555347988650E-027
  -203.373977880171      -3.165354506709312E-026  9.620355416386367E-026
  -202.581096874790       1.368159037351969E-025  1.032820873236211E-025
  -201.788215869409       2.433327349323735E-025 -1.750367860066327E-025
  -200.995334864028      -1.884823633199005E-025 -5.031900071351920E-025
  -200.202453858648      -9.696596038543511E-025  1.305434074790808E-025
  -199.409572853267      -8.470353356535752E-026  1.789135235533499E-024
  -198.616691847886       3.206115352150540E-024  5.991776055768972E-025
  -197.823810842505       1.620926860462501E-024 -5.617446654693328E-024
  -197.030929837124      -9.631803758770739E-024 -3.415154356091037E-024
  -196.238048831744      -6.270844183428161E-024  1.610231422243512E-023
  -195.445167826363       2.608287557099163E-023  1.046880926003420E-023
  -194.652286820982       1.632275252620242E-023 -4.067523303008855E-023
  -193.859405815601      -6.079515245051259E-023 -2.437730186750634E-023
  -193.066524810221      -3.577901252181519E-023  8.693856996049829E-023
  -192.273643804840       1.189882737533066E-022  5.272370002149690E-023
  -191.480762799459       7.883291436082587E-023 -1.559714595549621E-022
  -190.687881794078      -1.955732268919268E-022 -1.193589819990698E-022
  -189.895000788697      -1.811611964674090E-022  2.332109918790186E-022
  -189.102119783317       2.605321929789459E-022  2.723297975378617E-022
  -188.309238777936       4.011581119718333E-022 -2.632399416728964E-022
  -187.516357772555      -2.181923852746526E-022 -5.739152891841686E-022
  -186.723476767174      -7.905403570643702E-022  8.983828199425318E-023
  -185.930595761794      -1.736707526458979E-022  1.036905733742577E-021
  -185.137714756413       1.271618241386354E-021  6.438056471951313E-022
  -184.344833751032       1.412556744253886E-021 -1.404356923431724E-021
  -183.551952745651      -1.261357190209600E-021 -2.587365335451234E-021
  -182.759071740270      -4.273850992115215E-021  5.315994173545250E-022
  -181.966190734890      -1.315900060018782E-021  6.535990241249588E-021
  -181.173309729509       9.317714038682756E-021  5.158369606131322E-021
  -180.380428724128       1.241203886836156E-020 -1.230326423948982E-020
  -179.587547718747      -1.468890112223555E-020 -2.532687960367320E-020
  -178.794666713366      -4.743462457656315E-020  1.484266314165796E-020
  -178.001785707986       9.853442878568385E-021  8.421026468457284E-020
  -177.208904702605       1.439797592309478E-019  4.976180944103304E-021
  -176.416023697224       3.657924567721864E-020 -2.389910974814891E-019
  -175.623142691843      -3.863263553747702E-019 -9.442631131764781E-020
  -174.830261686463      -1.908412601915376E-019  6.080533946626644E-019
  -174.037380681082       9.299771270531612E-019  3.419814680334913E-019
  -173.244499675701       5.704766644654185E-019 -1.378810606973820E-018
  -172.451618670320      -1.978237609995334E-018 -9.102820028937417E-019
  -171.658737664939      -1.413058834982240E-018  2.744205797921069E-018
  -170.865856659559       3.678389400626270E-018  2.154494740036937E-018
  -170.072975654178       3.239425485583884E-018 -4.757273355282435E-018
  -169.280094648797      -5.914392723827664E-018 -4.805450214647774E-018
  -168.487213643416      -7.023822232376679E-018  7.014587571488146E-018
  -167.694332638036       7.819716143378064E-018  1.009336195231262E-017
  -166.901451632655       1.421968290500618E-017 -7.944437341581243E-018
  -166.108570627274      -6.800133696557648E-018 -1.956926149224099E-017
  -165.315689621893      -2.618483037019258E-017  3.526813703036558E-018
  -164.522808616512      -3.082439661091488E-018  3.384351354189621E-017
  -163.729927611132       4.183123374837827E-017  1.465226105858109E-017
  -162.937046605751       3.326763871845355E-017 -4.859627496142754E-017
  -162.144165600370      -5.123150105156444E-017 -6.144867591328193E-017
  -161.351284594989      -1.019943750492517E-016  4.471804865234584E-017
  -160.558403589608       2.084222597458907E-017  1.576006879899828E-016
  -159.765522584228       2.301191430385973E-016  3.332921145593761E-017
  -158.972641578847       1.375616478783429E-016 -3.192816514549254E-016
  -158.179760573466      -4.206874488303249E-016 -3.213287300291762E-016
  -157.386879568085      -6.276325248961853E-016  5.228499493341459E-016
  -156.593998562705       6.031522595956936E-016  1.117876121805054E-015
  -155.801117557324       1.877660877205743E-015 -6.226433805813784E-016
  -155.008236551943      -5.196223858706938E-016 -3.022896403845481E-015
  -154.215355546562      -4.704919440924229E-015  2.017153168247042E-016
  -153.422474541181      -4.644602932190283E-016  7.112731894982182E-015
  -152.629593535801       1.047048364132619E-014  1.667554349548431E-015
  -151.836712530420       3.670694536469689E-015 -1.502893152076496E-014
  -151.043831525039      -2.104935304917884E-014 -6.834148894676366E-015
  -150.250950519658      -1.163660899792556E-014  2.877493514421966E-014
  -149.458069514277       3.837814940170014E-014  1.869025900950747E-014
  -148.665188508897       2.875087022812502E-014 -4.986893485057596E-014
  -147.872307503516      -6.295539513172405E-014 -4.273085379581179E-014
  -147.079426498135      -6.171807765630751E-014  7.686506016650420E-014
  -146.286545492754       9.014668793290256E-014  8.698056624924386E-014
  -145.493664487374       1.199087012729101E-013 -1.004672189010213E-013
  -144.700783481993      -1.044013735964987E-013 -1.618315511799146E-013
  -143.907902476612      -2.136481792251562E-013  9.720357067343921E-014
  -143.115021471231       7.256914970482870E-014  2.752249470732862E-013
  -142.322140465850       3.445097968991630E-013 -2.243246263094434E-014
  -141.529259460470       6.309799440220960E-014 -4.163011225391504E-013
  -140.736378455089      -4.805916763894958E-013 -1.955086973841315E-013
  -139.943497449708      -3.871274958255390E-013  5.203991842031466E-013
  -139.150616444327       5.090030368367923E-013  6.495336973518934E-013
  -138.357735438947       9.907058199682904E-013 -4.065346037586718E-013
  -137.564854433566      -1.559196931102675E-013 -1.410339657089191E-012
  -136.771973428185      -1.892601231197694E-012 -3.217532108359373E-013
  -135.979092422804      -1.132267587673452E-012  2.395394270741205E-012
  -135.186211417423       2.835043277123825E-012  2.413432269708949E-012
  -134.393330412043       4.339957795008204E-012 -3.065168274876110E-012
  -133.600449406662      -2.848543966782191E-012 -7.127573478954484E-012
  -132.807568401281      -1.103586396940203E-011  1.821047578804131E-012
  -132.014687395900      -5.523423561348263E-013  1.636930227975797E-011
  -131.221806390520       2.347586890494464E-011  5.027748047383340E-012
  -130.428925385139       1.263384416506903E-011 -3.274205929118170E-011
  -129.636044379758      -4.458099561335170E-011 -2.471464343075495E-011
  -128.843163374377      -4.294756252327778E-011  5.940502706371071E-011
  -128.050282368996       7.756393959493764E-011  6.931630117193846E-011
  -127.257401363616       1.060212689507463E-010 -9.921597042738617E-011
  -126.464520358235      -1.240896508290136E-010 -1.553268664706268E-010
  -125.671639352854      -2.193717964364746E-010  1.511056544040521E-010
  -124.878758347473       1.778707878721131E-010  2.999861231409156E-010
  -124.085877342092       3.985386690975892E-010 -2.001198852970835E-010
  -123.292996336712      -2.112278452097665E-010 -5.157709008068753E-010
  -122.500115331331      -6.514900109918628E-010  2.019068304165280E-010
  -121.707234325950       1.601471573634618E-010  8.039504119689199E-010
  -120.914353320569       9.687818232874690E-010 -7.140548019596060E-011
  -120.121472315189       8.095408331582264E-011 -1.137403048656845E-009
  -119.328591309808      -1.294941753958754E-009 -3.148871542701606E-010
  -118.535710304427      -6.483724793489965E-010  1.417726331038931E-009
  -117.742829299046       1.470429665953789E-009  1.097287116926681E-009
  -116.949948293665       1.672058899469907E-009 -1.402954516855325E-009
  -116.157067288285      -1.147181459285218E-009 -2.372629585130197E-009
  -115.364186282904      -3.181193794564443E-009  6.137589695023528E-010
  -114.571305277523      -3.108135947621960E-010  4.052104793752932E-009
  -113.778424272142       4.898261799720607E-009  1.766508869931239E-009
  -112.985543266762       3.921224072075118E-009 -5.573237263083332E-009
  -112.192662261381      -5.848424845000705E-009 -6.971273351333366E-009
  -111.399781256000      -1.114129771044496E-008  5.384725370233987E-009
  -110.606900250619       3.699032661240468E-009  1.668484390037384E-008
  -109.814019245238       2.388813665133567E-008 -1.275977794459282E-010
  -109.021138239858       6.207876509193735E-009 -3.308075144804284E-008
  -108.228257234477      -4.465637572781693E-008 -1.641894003748341E-008
  -107.435376229096      -3.183233445859574E-008  5.910127228596642E-008
  -106.642495223715       7.701304424356323E-008  5.390629725685798E-008
  -105.849614218334       8.405757806322991E-008 -9.906683622378091E-008
  -105.056733212954      -1.258614381330714E-007 -1.234076947740150E-007
  -104.263852207573      -1.725191047863937E-007  1.575834334766789E-007
  -103.470971202192       1.934969567059298E-007  2.312525088396702E-007
  -102.678090196811       2.988680301745355E-007 -2.313936813281478E-007
  -101.885209191431      -2.672413043494794E-007 -3.743669978293422E-007
  -101.092328186050      -4.568792688766702E-007  2.952361721740440E-007
  -100.299447180669       3.082741187803455E-007  5.457944674627893E-007
  -99.5065661752882       6.404284637423983E-007 -2.986357746722272E-007
  -98.7136851699074      -2.586168501441029E-007 -7.392516718836952E-007
  -97.9208041645266      -8.389013851895644E-007  1.809638246827449E-007
  -97.1279231591459       5.917781436288213E-008  9.332323070224670E-007
  -96.3350421537651       1.012559577745094E-006  1.121251400025497E-007
  -95.5421611483843       3.366069529069499E-007 -1.063131821343235E-006
  -94.7492801430035      -1.066816844525448E-006 -6.152334781497033E-007
  -93.9563991376227      -9.448891754037681E-007  1.000993375889750E-006
  -93.1635181322419       8.386825613838966E-007  1.316585922300799E-006
  -92.3706371268612       1.713299960680350E-006 -5.489889034796522E-007
  -91.5777561214804      -9.793492562159712E-008 -2.107496591970837E-006
  -90.7848751160996      -2.458443730024300E-006 -5.502374018570927E-007
  -89.9919941107188      -1.431260267319877E-006  2.709490431542918E-006
  -89.1991131053380       2.785614858364592E-006  2.578537680555916E-006
  -88.4062320999573       4.020383895584866E-006 -2.591747344641732E-006
  -87.6133510945765      -2.012647243427824E-006 -5.776778951643283E-006
  -86.8204700891957      -7.855365994410809E-006  9.153854580442034E-007
  -86.0275890838149      -8.444513813853687E-007  1.024589778529117E-005
  -85.2347080784341       1.291168070585159E-005  3.412217441606662E-006
  -84.4418270730533       6.920053152807374E-006 -1.577629425024809E-005
  -83.6489460676726      -1.870487098552687E-005 -1.147175729895025E-005
  -82.8560650622918      -1.713051841354342E-005  2.148205863527782E-005
  -82.0631840569110       2.379253028163162E-005  2.391205512973851E-005
  -81.2703030515302       3.178149082414782E-005 -2.521190955238606E-005
  -80.4774220461494      -2.521378011779705E-005 -4.064748425383899E-005
  -79.6845410407687      -5.034572548991319E-005  2.319268098950805E-005
  -78.8916600353879       1.849767678071479E-005  6.060774720714464E-005
  -78.0987790300071       7.101766606662011E-005 -1.047014333221481E-005
  -77.3058980246263       1.517029358631047E-006 -8.096446725046516E-005
  -76.5130170192455      -8.959832095196237E-005 -1.801682528036214E-005
  -75.7201360138647      -3.945738360235931E-005  9.579717627529165E-005
  -74.9272550084840       9.814703636815313E-005  6.607878510302899E-005
  -74.1343740031032       9.785523097359667E-005 -9.493750629422908E-005
  -73.3414929977224      -8.417346181827062E-005 -1.344034080699058E-004
  -72.5486119923416      -1.748808979976339E-004  6.360320580153793E-005
  -71.7557309869608       3.076261458826663E-005  2.178822474191907E-004
  -70.9628499815800       2.613459678801897E-004  1.696617412861992E-005
  -70.1699689761993       8.228206525880928E-005 -3.024944058041267E-004
  -69.3770879708185      -3.378395729581959E-004 -1.678718432932616E-004
  -68.5842069654377      -2.762713261254979E-004  3.632962678598115E-004
  -67.7913259600569       3.744352856872253E-004  4.096229697478964E-004
  -66.9984449546761       5.692384162497939E-004 -3.668635810062184E-004
  -66.2055639492953      -3.366249450482732E-004 -7.548795094607471E-004
  -65.4126829439146      -9.637709735785608E-004  2.804099545665324E-004
  -64.6198019385338       1.953504190246374E-004  1.189566805342911E-003
  -63.8269209331530       1.421704254244540E-003 -7.836341122300269E-005
  -63.0340399277722       7.462310924421263E-005 -1.645578391301380E-003
  -62.2411589223914      -1.843622854192585E-003 -2.689415565999799E-004
  -61.4482779170106      -5.104312854132036E-004  1.996861809565597E-003
  -60.6553969116299       2.086219163162930E-003  8.036503782381074E-004
  -59.8625159062491       1.149593560225568E-003 -2.093089995279355E-003
  -59.0696349008683      -1.999209479804374E-003 -1.543628212827330E-003
  -58.2767538954875      -1.974092642678375E-003  1.786265234660734E-003
  -57.4838728901067       1.435741467377613E-003  2.421587473807966E-003
  -56.6909918847260       2.858738181878177E-003 -9.292456763624522E-004
  -55.8981108793452      -2.492846269856789E-004 -3.250195637821409E-003
  -55.1052298739644      -3.552773161422704E-003 -6.197241054551873E-004
  -54.3123488685836      -1.690482525015773E-003  3.715773299825708E-003
  -53.5194678632028       3.681683460433452E-003  2.972158611938571E-003
  -52.7265868578220       4.470286237082258E-003 -3.387523151314255E-003
  -51.9337058524413      -2.767222607304562E-003 -6.187379503053950E-003
  -51.1408248470605      -8.124281082322424E-003  1.755486956812523E-003
  -50.3479438416797       2.936060889763823E-004  1.028207309691906E-002
  -49.5550628362989       1.266423446350401E-002  1.662368949279686E-003
  -48.7621818309181       4.130464773033881E-003 -1.527865026638862E-002
  -47.9693008255373      -1.813842006875574E-002 -7.087145607677274E-003
  -47.1764198201566      -1.044487028468981E-002  2.125736116994156E-002
  -46.3835388147758       2.462975028677791E-002  1.402405899988336E-002
  -45.5906578093950       1.753493961695347E-002 -2.818077923619263E-002
  -44.7977768040142      -3.169117542038648E-002 -2.060490578303612E-002
  -44.0048957986334      -2.288315949083652E-002  3.474270769311952E-002
  -43.2120147932526       3.676179342150417E-002  2.419644610820178E-002
  -42.4191337878719       2.465231834695354E-002 -3.719185094363350E-002
  -41.6262527824911      -3.571124550141244E-002 -2.458839511914278E-002
  -40.8333717771103      -2.438161896011214E-002  3.235150906235416E-002
  -40.0404907717295       2.744519268217263E-002  2.424825244795492E-002
  -39.2476097663487       2.415803922199254E-002 -2.146691465985638E-002
  -38.4547287609680      -1.488622674702907E-002 -2.387939408543745E-002
  -37.6618477555872      -2.308764686733238E-002  8.100423094274929E-003
  -36.8689667502064       1.440267142089468E-003  2.146438855009469E-002
  -36.0760857448256       1.875751387733443E-002  4.792066189595849E-003
  -35.2832047394448       1.028584499601447E-002 -1.480652895923037E-002
  -34.4903237340640      -9.548882399471208E-003 -1.469847319515452E-002
  -33.6974427286833      -1.764538603951060E-002  3.019378505928120E-003
  -32.9045617233025      -4.652259158250619E-003  1.869746823740005E-002
  -32.1116807179217       1.737984598111901E-002  1.324588190388191E-002
  -31.3187997125409       2.246123027614531E-002 -1.316661115143124E-002
  -30.5259187071601      -5.466837713721379E-003 -3.194140361538574E-002
  -29.7330377017793      -4.132231824123700E-002 -6.400901146965955E-003
  -28.9401566963986      -2.324222049036209E-002  5.032989452469026E-002
  -28.1472756910178       5.895866310918260E-002  4.600824885646904E-002
  -27.3543946856370       7.574249356827284E-002 -6.777271177580260E-002
  -26.5615136802562      -7.834101357168936E-002 -0.113309338849691     
  -25.7686326748754      -0.158655171126902       9.367274026163651E-002
  -24.9757516694946       0.118150588444324       0.209387142621734     
  -24.1828706641139       0.259028912017900      -0.156013620550900     
  -23.3899896587331      -0.207775172956418      -0.296623251941971     
  -22.5971086533523      -0.310110342705555       0.266171241713313     
  -21.8042276479715       0.316008843628571       0.293446694230315     
  -21.0113466425907       0.252245531667008      -0.340872094737376     
  -20.2184656372100      -0.332670671160619      -0.201634703392660     
  -19.4255846318292      -0.157180512803662       0.295653573486537     
  -18.6327036264484       0.241894310725488       0.126902684100753     
  -17.8398226210676       0.110141110518888      -0.183615907145323     
  -17.0469416156868      -0.128680714285007      -0.101542656352288     
  -16.2540606103060      -9.535331220838980E-002  8.046609795986001E-002
  -15.4611796049253       3.975025497892260E-002  8.752585956402567E-002
  -14.6682985995445       7.596326671316865E-002 -6.432955823063453E-003
  -13.8754175941637       1.957517551296232E-002 -6.002531261789267E-002
  -13.0825365887829      -4.000673956101686E-002 -3.808762365805970E-002
  -12.2896555834021      -4.866013403546415E-002  1.679605260161704E-002
  -11.4967745780213      -8.303596195738051E-003  5.068067514770207E-002
  -10.7038935726406       4.343844215028156E-002  3.365363231716921E-002
  -9.91101256725978       5.730472805832616E-002 -2.613253885350006E-002
  -9.11813156187900       2.212674614414721E-003 -7.699379497222013E-002
  -8.32525055649822      -9.014202612714299E-002 -4.298165879460021E-002
  -7.53236955111743      -9.845210535564701E-002  9.392772744169545E-002
  -6.73948854573665       8.564836983804824E-002  0.172675768043882     
  -5.94660754035587       0.272839626686441      -6.391493755371111E-002
  -5.15372653497509      -3.176723587458155E-002 -0.410671100360020     
  -4.36084552959430      -0.601785570183771       3.036335133782434E-003
  -3.56796452421352       1.113782722321678E-002  0.857897778854951     
  -2.77508351883274        1.16617339664279      -0.111819853559293     
  -1.98220251345196      -0.361581321531987       -1.46166277089071     
  -1.18932150807117       -1.62529666905361       0.762916358471488     
 -0.396440502690391        1.21513280325915        1.54532149243709     
  0.396440502690391        1.21513280325915       -1.54532149243709     
   1.18932150807117       -1.62529666905361      -0.762916358471488     
   1.98220251345196      -0.361581321531987        1.46166277089071     
   2.77508351883274        1.16617339664279       0.111819853559293     
   3.56796452421352       1.113782722321678E-002 -0.857897778854951     
   4.36084552959430      -0.601785570183771      -3.036335133782434E-003
   5.15372653497509      -3.176723587458155E-002  0.410671100360020     
   5.94660754035587       0.272839626686441       6.391493755371111E-002
   6.73948854573665       8.564836983804824E-002 -0.172675768043882     
   7.53236955111743      -9.845210535564701E-002 -9.392772744169545E-002
   8.32525055649822      -9.014202612714299E-002  4.298165879460021E-002
   9.11813156187900       2.212674614414721E-003  7.699379497222013E-002
   9.91101256725978       5.730472805832616E-002  2.613253885350006E-002
   10.7038935726406       4.343844215028156E-002 -3.365363231716921E-002
   11.4967745780213      -8.303596195738051E-003 -5.068067514770207E-002
   12.2896555834021      -4.866013403546415E-002 -1.679605260161704E-002
   13.0825365887829      -4.000673956101686E-002  3.808762365805970E-002
   13.8754175941637       1.957517551296232E-002  6.002531261789267E-002
   14.6682985995445       7.596326671316865E-002  6.432955823063453E-003
   15.4611796049253       3.975025497892260E-002 -8.752585956402567E-002
   16.2540606103060      -9.535331220838980E-002 -8.046609795986001E-002
   17.0469416156868      -0.128680714285007       0.101542656352288     
   17.8398226210676       0.110141110518888       0.183615907145323     
   18.6327036264484       0.241894310725488      -0.126902684100753     
   19.4255846318292      -0.157180512803662      -0.295653573486537     
   20.2184656372100      -0.332670671160619       0.201634703392660     
   21.0113466425907       0.252245531667008       0.340872094737376     
   21.8042276479715       0.316008843628571      -0.293446694230315     
   22.5971086533523      -0.310110342705555      -0.266171241713313     
   23.3899896587331      -0.207775172956418       0.296623251941971     
   24.1828706641139       0.259028912017900       0.156013620550900     
   24.9757516694946       0.118150588444324      -0.209387142621734     
   25.7686326748754      -0.158655171126902      -9.367274026163651E-002
   26.5615136802562      -7.834101357168936E-002  0.113309338849691     
   27.3543946856370       7.574249356827284E-002  6.777271177580260E-002
   28.1472756910178       5.895866310918260E-002 -4.600824885646904E-002
   28.9401566963986      -2.324222049036209E-002 -5.032989452469026E-002
   29.7330377017793      -4.132231824123700E-002  6.400901146965955E-003
   30.5259187071601      -5.466837713721379E-003  3.194140361538574E-002
   31.3187997125409       2.246123027614531E-002  1.316661115143124E-002
   32.1116807179217       1.737984598111901E-002 -1.324588190388191E-002
   32.9045617233025      -4.652259158250619E-003 -1.869746823740005E-002
   33.6974427286833      -1.764538603951060E-002 -3.019378505928120E-003
   34.4903237340640      -9.548882399471208E-003  1.469847319515452E-002
   35.2832047394448       1.028584499601447E-002  1.480652895923037E-002
   36.0760857448256       1.875751387733443E-002 -4.792066189595849E-003
   36.8689667502064       1.440267142089468E-003 -2.146438855009469E-002
   37.6618477555872      -2.308764686733238E-002 -8.100423094274929E-003
   38.4547287609680      -1.488622674702907E-002  2.387939408543745E-002
   39.2476097663487       2.415803922199254E-002  2.146691465985638E-002
   40.0404907717295       2.744519268217263E-002 -2.424825244795492E-002
   40.8333717771103      -2.438161896011214E-002 -3.235150906235416E-002
   41.6262527824911      -3.571124550141244E-002  2.458839511914278E-002
   42.4191337878719       2.465231834695354E-002  3.719185094363350E-002
   43.2120147932526       3.676179342150417E-002 -2.419644610820178E-002
   44.0048957986334      -2.288315949083652E-002 -3.474270769311952E-002
   44.7977768040142      -3.169117542038648E-002  2.060490578303612E-002
   45.5906578093950       1.753493961695347E-002  2.818077923619263E-002
   46.3835388147758       2.462975028677791E-002 -1.402405899988336E-002
   47.1764198201566      -1.044487028468981E-002 -2.125736116994156E-002
   47.9693008255373      -1.813842006875574E-002  7.087145607677274E-003
   48.7621818309181       4.130464773033881E-003  1.527865026638862E-002
   49.5550628362989       1.266423446350401E-002 -1.662368949279686E-003
   50.3479438416797       2.936060889763823E-004 -1.028207309691906E-002
   51.1408248470605      -8.124281082322424E-003 -1.755486956812523E-003
   51.9337058524412      -2.767222607304562E-003  6.187379503053950E-003
   52.7265868578220       4.470286237082258E-003  3.387523151314255E-003
   53.5194678632028       3.681683460433452E-003 -2.972158611938571E-003
   54.3123488685836      -1.690482525015773E-003 -3.715773299825708E-003
   55.1052298739644      -3.552773161422704E-003  6.197241054551873E-004
   55.8981108793452      -2.492846269856789E-004  3.250195637821409E-003
   56.6909918847259       2.858738181878177E-003  9.292456763624522E-004
   57.4838728901067       1.435741467377613E-003 -2.421587473807966E-003
   58.2767538954875      -1.974092642678375E-003 -1.786265234660734E-003
   59.0696349008683      -1.999209479804374E-003  1.543628212827330E-003
   59.8625159062491       1.149593560225568E-003  2.093089995279355E-003
   60.6553969116299       2.086219163162930E-003 -8.036503782381074E-004
   61.4482779170106      -5.104312854132036E-004 -1.996861809565597E-003
   62.2411589223914      -1.843622854192585E-003  2.689415565999799E-004
   63.0340399277722       7.462310924421263E-005  1.645578391301380E-003
   63.8269209331530       1.421704254244540E-003  7.836341122300269E-005
   64.6198019385338       1.953504190246374E-004 -1.189566805342911E-003
   65.4126829439146      -9.637709735785608E-004 -2.804099545665324E-004
   66.2055639492953      -3.366249450482732E-004  7.548795094607471E-004
   66.9984449546761       5.692384162497939E-004  3.668635810062184E-004
   67.7913259600569       3.744352856872253E-004 -4.096229697478964E-004
   68.5842069654377      -2.762713261254979E-004 -3.632962678598115E-004
   69.3770879708185      -3.378395729581959E-004  1.678718432932616E-004
   70.1699689761992       8.228206525880928E-005  3.024944058041267E-004
   70.9628499815800       2.613459678801897E-004 -1.696617412861992E-005
   71.7557309869608       3.076261458826663E-005 -2.178822474191907E-004
   72.5486119923416      -1.748808979976339E-004 -6.360320580153793E-005
   73.3414929977224      -8.417346181827062E-005  1.344034080699058E-004
   74.1343740031032       9.785523097359667E-005  9.493750629422908E-005
   74.9272550084840       9.814703636815313E-005 -6.607878510302899E-005
   75.7201360138647      -3.945738360235931E-005 -9.579717627529165E-005
   76.5130170192455      -8.959832095196237E-005  1.801682528036214E-005
   77.3058980246263       1.517029358631047E-006  8.096446725046516E-005
   78.0987790300071       7.101766606662011E-005  1.047014333221481E-005
   78.8916600353879       1.849767678071479E-005 -6.060774720714464E-005
   79.6845410407687      -5.034572548991319E-005 -2.319268098950805E-005
   80.4774220461494      -2.521378011779705E-005  4.064748425383899E-005
   81.2703030515302       3.178149082414782E-005  2.521190955238606E-005
   82.0631840569110       2.379253028163162E-005 -2.391205512973851E-005
   82.8560650622918      -1.713051841354342E-005 -2.148205863527782E-005
   83.6489460676726      -1.870487098552687E-005  1.147175729895025E-005
   84.4418270730533       6.920053152807374E-006  1.577629425024809E-005
   85.2347080784341       1.291168070585159E-005 -3.412217441606662E-006
   86.0275890838149      -8.444513813853687E-007 -1.024589778529117E-005
   86.8204700891957      -7.855365994410809E-006 -9.153854580442034E-007
   87.6133510945765      -2.012647243427824E-006  5.776778951643283E-006
   88.4062320999573       4.020383895584866E-006  2.591747344641732E-006
   89.1991131053380       2.785614858364592E-006 -2.578537680555916E-006
   89.9919941107188      -1.431260267319877E-006 -2.709490431542918E-006
   90.7848751160996      -2.458443730024300E-006  5.502374018570927E-007
   91.5777561214804      -9.793492562159712E-008  2.107496591970837E-006
   92.3706371268612       1.713299960680350E-006  5.489889034796522E-007
   93.1635181322419       8.386825613838966E-007 -1.316585922300799E-006
   93.9563991376227      -9.448891754037681E-007 -1.000993375889750E-006
   94.7492801430035      -1.066816844525448E-006  6.152334781497033E-007
   95.5421611483843       3.366069529069499E-007  1.063131821343235E-006
   96.3350421537651       1.012559577745094E-006 -1.121251400025497E-007
   97.1279231591459       5.917781436288213E-008 -9.332323070224670E-007
   97.9208041645266      -8.389013851895644E-007 -1.809638246827449E-007
   98.7136851699074      -2.586168501441029E-007  7.392516718836952E-007
   99.5065661752882       6.404284637423983E-007  2.986357746722272E-007
   100.299447180669       3.082741187803455E-007 -5.457944674627893E-007
   101.092328186050      -4.568792688766702E-007 -2.952361721740440E-007
   101.885209191431      -2.672413043494794E-007  3.743669978293422E-007
   102.678090196811       2.988680301745355E-007  2.313936813281478E-007
   103.470971202192       1.934969567059298E-007 -2.312525088396702E-007
   104.263852207573      -1.725191047863937E-007 -1.575834334766789E-007
   105.056733212954      -1.258614381330714E-007  1.234076947740150E-007
   105.849614218334       8.405757806322991E-008  9.906683622378091E-008
   106.642495223715       7.701304424356323E-008 -5.390629725685798E-008
   107.435376229096      -3.183233445859574E-008 -5.910127228596642E-008
   108.228257234477      -4.465637572781693E-008  1.641894003748341E-008
   109.021138239858       6.207876509193735E-009  3.308075144804284E-008
   109.814019245238       2.388813665133567E-008  1.275977794459282E-010
   110.606900250619       3.699032661240468E-009 -1.668484390037384E-008
   111.399781256000      -1.114129771044496E-008 -5.384725370233987E-009
   112.192662261381      -5.848424845000705E-009  6.971273351333366E-009
   112.985543266762       3.921224072075118E-009  5.573237263083332E-009
   113.778424272142       4.898261799720607E-009 -1.766508869931239E-009
   114.571305277523      -3.108135947621960E-010 -4.052104793752932E-009
   115.364186282904      -3.181193794564443E-009 -6.137589695023528E-010
   116.157067288285      -1.147181459285218E-009  2.372629585130197E-009
   116.949948293665       1.672058899469907E-009  1.402954516855325E-009
   117.742829299046       1.470429665953789E-009 -1.097287116926681E-009
   118.535710304427      -6.483724793489965E-010 -1.417726331038931E-009
   119.328591309808      -1.294941753958754E-009  3.148871542701606E-010
   120.121472315189       8.095408331582264E-011  1.137403048656845E-009
   120.914353320569       9.687818232874690E-010  7.140548019596060E-011
   121.707234325950       1.601471573634618E-010 -8.039504119689199E-010
   122.500115331331      -6.514900109918628E-010 -2.019068304165280E-010
   123.292996336712      -2.112278452097665E-010  5.157709008068753E-010
   124.085877342092       3.985386690975892E-010  2.001198852970835E-010
   124.878758347473       1.778707878721131E-010 -2.999861231409156E-010
   125.671639352854      -2.193717964364746E-010 -1.511056544040521E-010
   126.464520358235      -1.240896508290136E-010  1.553268664706268E-010
   127.257401363616       1.060212689507463E-010  9.921597042738617E-011
   128.050282368996       7.756393959493764E-011 -6.931630117193846E-011
   128.843163374377      -4.294756252327778E-011 -5.940502706371071E-011
   129.636044379758      -4.458099561335170E-011  2.471464343075495E-011
   130.428925385139       1.263384416506903E-011  3.274205929118170E-011
   131.221806390520       2.347586890494464E-011 -5.027748047383340E-012
   132.014687395900      -5.523423561348263E-013 -1.636930227975797E-011
   132.807568401281      -1.103586396940203E-011 -1.821047578804131E-012
   133.600449406662      -2.848543966782191E-012  7.127573478954484E-012
   134.393330412043       4.339957795008204E-012  3.065168274876110E-012
   135.186211417423       2.835043277123825E-012 -2.413432269708949E-012
   135.979092422804      -1.132267587673452E-012 -2.395394270741205E-012
   136.771973428185      -1.892601231197694E-012  3.217532108359373E-013
   137.564854433566      -1.559196931102675E-013  1.410339657089191E-012
   138.357735438947       9.907058199682904E-013  4.065346037586718E-013
   139.150616444327       5.090030368367923E-013 -6.495336973518934E-013
   139.943497449708      -3.871274958255390E-013 -5.203991842031466E-013
   140.736378455089      -4.805916763894958E-013  1.955086973841315E-013
   141.529259460470       6.309799440220960E-014  4.163011225391504E-013
   142.322140465850       3.445097968991630E-013  2.243246263094434E-014
   143.115021471231       7.256914970482870E-014 -2.752249470732862E-013
   143.907902476612      -2.136481792251562E-013 -9.720357067343921E-014
   144.700783481993      -1.044013735964987E-013  1.618315511799146E-013
   145.493664487374       1.199087012729101E-013  1.004672189010213E-013
   146.286545492754       9.014668793290256E-014 -8.698056624924386E-014
   147.079426498135      -6.171807765630751E-014 -7.686506016650420E-014
   147.872307503516      -6.295539513172405E-014  4.273085379581179E-014
   148.665188508897       2.875087022812502E-014  4.986893485057596E-014
   149.458069514277       3.837814940170014E-014 -1.869025900950747E-014
   150.250950519658      -1.163660899792556E-014 -2.877493514421966E-014
   151.043831525039      -2.104935304917884E-014  6.834148894676366E-015
   151.836712530420       3.670694536469689E-015  1.502893152076496E-014
   152.629593535801       1.047048364132619E-014 -1.667554349548431E-015
   153.422474541181      -4.644602932190283E-016 -7.112731894982182E-015
   154.215355546562      -4.704919440924229E-015 -2.017153168247042E-016
   155.008236551943      -5.196223858706938E-016  3.022896403845481E-015
   155.801117557324       1.877660877205743E-015  6.226433805813784E-016
   156.593998562705       6.031522595956936E-016 -1.117876121805054E-015
   157.386879568085      -6.276325248961853E-016 -5.228499493341459E-016
   158.179760573466      -4.206874488303249E-016  3.213287300291762E-016
   158.972641578847       1.375616478783429E-016  3.192816514549254E-016
   159.765522584228       2.301191430385973E-016 -3.332921145593761E-017
   160.558403589608       2.084222597458907E-017 -1.576006879899828E-016
   161.351284594989      -1.019943750492517E-016 -4.471804865234584E-017
   162.144165600370      -5.123150105156444E-017  6.144867591328193E-017
   162.937046605751       3.326763871845355E-017  4.859627496142754E-017
   163.729927611132       4.183123374837827E-017 -1.465226105858109E-017
   164.522808616512      -3.082439661091488E-018 -3.384351354189621E-017
   165.315689621893      -2.618483037019258E-017 -3.526813703036558E-018
   166.108570627274      -6.800133696557648E-018  1.956926149224099E-017
   166.901451632655       1.421968290500618E-017  7.944437341581243E-018
   167.694332638036       7.819716143378064E-018 -1.009336195231262E-017
   168.487213643416      -7.023822232376679E-018 -7.014587571488146E-018
   169.280094648797      -5.914392723827664E-018  4.805450214647774E-018
   170.072975654178       3.239425485583884E-018  4.757273355282435E-018
   170.865856659559       3.678389400626270E-018 -2.154494740036937E-018
   171.658737664939      -1.413058834982240E-018 -2.744205797921069E-018
   172.451618670320      -1.978237609995334E-018  9.102820028937417E-019
   173.244499675701       5.704766644654185E-019  1.378810606973820E-018
   174.037380681082       9.299771270531612E-019 -3.419814680334913E-019
   174.830261686463      -1.908412601915376E-019 -6.080533946626644E-019
   175.623142691843      -3.863263553747702E-019  9.442631131764781E-020
   176.416023697224       3.657924567721864E-020  2.389910974814891E-019
   177.208904702605       1.439797592309478E-019 -4.976180944103304E-021
   178.001785707986       9.853442878568385E-021 -8.421026468457284E-020
   178.794666713366      -4.743462457656315E-020 -1.484266314165796E-020
   179.587547718747      -1.468890112223555E-020  2.532687960367320E-020
   180.380428724128       1.241203886836156E-020  1.230326423948982E-020
   181.173309729509       9.317714038682756E-021 -5.158369606131322E-021
   181.966190734890      -1.315900060018782E-021 -6.535990241249588E-021
   182.759071740270      -4.273850992115215E-021 -5.315994173545250E-022
   183.551952745651      -1.261357190209600E-021  2.587365335451234E-021
   184.344833751032       1.412556744253886E-021  1.404356923431724E-021
   185.137714756413       1.271618241386354E-021 -6.438056471951313E-022
   185.930595761794      -1.736707526458979E-022 -1.036905733742577E-021
   186.723476767174      -7.905403570643702E-022 -8.983828199425318E-023
   187.516357772555      -2.181923852746526E-022  5.739152891841686E-022
   188.309238777936       4.011581119718333E-022  2.632399416728964E-022
   189.102119783317       2.605321929789459E-022 -2.723297975378617E-022
   189.895000788697      -1.811611964674090E-022 -2.332109918790186E-022
   190.687881794078      -1.955732268919268E-022  1.193589819990698E-022
   191.480762799459       7.883291436082587E-023  1.559714595549621E-022
   192.273643804840       1.189882737533066E-022 -5.272370002149690E-023
   193.066524810221      -3.577901252181519E-023 -8.693856996049829E-023
   193.859405815601      -6.079515245051259E-023  2.437730186750634E-023
   194.652286820982       1.632275252620242E-023  4.067523303008855E-023
   195.445167826363       2.608287557099163E-023 -1.046880926003420E-023
   196.238048831744      -6.270844183428161E-024 -1.610231422243512E-023
   197.030929837124      -9.631803758770739E-024  3.415154356091037E-024
   197.823810842505       1.620926860462501E-024  5.617446654693328E-024
   198.616691847886       3.206115352150540E-024 -5.991776055768972E-025
   199.409572853267      -8.470353356535752E-026 -1.789135235533499E-024
   200.202453858648      -9.696596038543511E-025 -1.305434074790808E-025
   200.995334864028      -1.884823633199005E-025  5.031900071351920E-025
   201.788215869409       2.433327349323735E-025  1.750367860066327E-025
   202.581096874790       1.368159037351969E-025 -1.032820873236211E-025
   203.373977880171      -3.165354506709312E-026 -9.620355416386367E-026
   204.166858885551      -6.213810617000500E-026 -1.882555347988650E-027
   204.959739890932      -1.505385619294655E-026  3.682511421331641E-026
   205.752620896313       1.952725904193960E-026  1.801948151502964E-026
   206.545501901694       1.641675390452140E-026 -8.525006313020691E-027
   207.338382907075      -2.030649596878294E-027 -1.322299252232478E-026
   208.131263912455      -9.891614918215630E-027 -1.453609713886263E-027
   208.924144917836      -3.049723484404472E-027  7.036744356210428E-027
   209.717025923217       4.836256855091963E-027  3.535858822961542E-027
   210.509906928598       3.418186940280878E-027 -3.260893140970054E-027
   211.302787933979      -2.198097484941272E-027 -3.006317562784975E-027
   212.095668939359      -2.478460595686025E-027  1.514493641545656E-027
   212.888549944740       1.085227359876031E-027  1.932662267730436E-027
   213.681430950121       1.423612022779964E-027 -8.078501782311303E-028
   214.474311955502      -6.096867255353262E-028 -9.845941532897223E-028
   215.267192960882      -6.355086912615840E-028  4.499848342482353E-028
   216.060073966263       3.146515122959412E-028  3.822049664242562E-028
   216.852954971644       2.155878419785410E-028 -2.044049668681884E-028
   217.645835977025      -1.224062809167254E-028 -1.159417559718302E-028
   218.438716982406      -6.091126613241539E-029  6.757631798843421E-029
   219.231597987786       3.448313797332565E-029  3.204596519623054E-029
   220.024478993167       1.713921318130906E-029 -1.624471448335293E-029
   220.817359998548      -6.962357090600404E-030 -9.314094342666519E-030
   221.610241003929      -5.077412115976066E-030  2.580290086220128E-030
   222.403122009309       6.814206565914113E-031  2.725898323554649E-030
   223.196003014690       1.411789448821940E-030  4.154560010366961E-032
   223.988884020071       2.480392966504442E-031 -6.871363103614646E-031
   224.781765025452      -3.002446428737456E-031 -2.518061728631760E-031
   225.574646030833      -1.928052355988025E-031  1.043969894946849E-031
   226.367527036213       1.338343233443393E-032  1.277496471021798E-031
   227.160408041594       7.557569009520073E-032  2.275498353774539E-032
   227.953289046975       3.213449817948035E-032 -3.941685566694576E-032
   228.746170052356      -1.675951543450874E-032 -2.991596249159613E-032
   229.539051057737      -2.379679251601822E-032  3.825816422125756E-033
   230.331932063117      -2.761955620823843E-033  1.734237239250716E-032
   231.124813068498       1.194698189481750E-032  5.525709460322487E-033
   231.917694073879       6.160513597702104E-033 -7.943906732087741E-033
   232.710575079260      -5.203681370197475E-033 -5.718057391165331E-033
   233.503456084640      -4.806764517832555E-033  3.437128407735022E-033
   234.296337090021       2.338486951048209E-033  3.759151695818218E-033
   235.089218095402       2.752784692475498E-033 -1.649316119298003E-033
   235.882099100783      -1.184990150510752E-033 -1.883874705012223E-033
   236.674980106164      -1.200605393188630E-033  8.386285285338215E-034
   237.467861111544       5.656152615980884E-034  7.126535278330992E-034
   238.260742116925       3.969979222042143E-034 -3.556340007274829E-034
   239.053623122306      -2.064033186768844E-034 -2.110176072535613E-034
   239.846504127687      -1.095203640339559E-034  1.104002464369732E-034
   240.639385133067       5.447753595792336E-035  5.676102378845061E-035
   241.432266138448       2.975391809842474E-035 -2.471416520924217E-035
   242.225147143829      -1.010925255810434E-035 -1.576080835235037E-035
   243.018028149210      -8.341137796623152E-036  3.491288249227469E-036
   243.810909154591       7.658521830265122E-037  4.340296155118936E-036
   244.603790159971       2.180361794937679E-036  1.954894215283978E-037
   245.396671165352       4.234357847398408E-037 -1.032853729240101E-036
   246.189552170733      -4.429517310427435E-037 -3.861590936467438E-037
   246.982433176114      -2.806359298361674E-037  1.551752350635876E-037
   247.775314181495       2.600175261388070E-038  1.800673379819029E-037
   248.568195186875       1.048399835399071E-037  2.380179241565634E-038
   249.361076192256       3.664443429150761E-038 -5.514996995732040E-038
   250.153957197637      -2.514337218640513E-038 -3.424101281967226E-038
   250.946838203018      -2.702772624878870E-038  8.478974554067829E-039
   251.739719208398       1.101811742415583E-040  1.954348439909685E-038
   252.532600213779       1.341180242469369E-038  3.463424897440820E-039
   253.325481219160       4.466135564829996E-039 -8.928769129579900E-039
   254.118362224541      -5.867238102619931E-039 -4.218331256179880E-039
   254.911243229922      -3.459135660580229E-039  3.858428447179403E-039
   255.704124235302       2.557093461531002E-039  2.580831264814271E-039
   256.497005240683       1.779249778731255E-039 -1.701023268620128E-039
   257.289886246064      -1.119193021616243E-039 -1.139385602772041E-039
   258.082767251445      -6.803605041986445E-040  7.141508182390366E-040
   258.875648256826       4.342879788303830E-040  3.817535336014780E-040
   259.668529262206       2.041919048802518E-040 -2.489012674606140E-040
   260.461410267587      -1.338377113609505E-040 -1.062927234527174E-040
   261.254291272968      -5.506900633238033E-041  6.750821836265931E-041
   262.047172278349       3.195243387938894E-041  2.885824885849838E-041
   262.840053283729       1.535891862007076E-041 -1.412875661811169E-041
   263.632934289110      -5.734194426613266E-042 -8.243683846947206E-042
   264.425815294491      -4.407236854285623E-042  2.026158399175482E-042
   265.218696299872       5.142383361234993E-043  2.316739861075535E-042
   266.011577305253       1.182849774969907E-042  2.750150916029184E-044
   266.804458310633       1.711760423254207E-043 -5.787124831262856E-043
   267.597339316014      -2.660382622934654E-043 -1.699879090746445E-043
   268.390220321395      -1.286549206868741E-043  1.106373737834728E-043
   269.183101326776       3.765045907701481E-044  8.593377500251328E-044
   269.975982332156       5.304218185889648E-044 -6.198461957718831E-045
   270.768863337537       5.386251413032994E-045 -3.082247566680043E-044
   271.561744342918      -1.698410526825775E-044 -8.160864807878207E-045
   272.354625348299      -7.497820059974266E-045  8.882392879476063E-045
   273.147506353680       4.392017904392088E-045  5.835088372356543E-045
   273.940387359060       4.165163471397026E-045 -2.036138633229277E-045
   274.733268364441      -8.727729632747689E-046 -2.812379223585203E-045
   275.526149369822      -1.820800710103216E-045  3.379637705176230E-046
   276.319030375203       1.128618771501987E-046  1.136227240976017E-045
   277.111911380583       6.838748737250138E-046 -2.813701612572701E-047
   277.904792385964      -6.495081333649662E-049 -3.964361912738999E-046
   278.697673391345      -2.209646812434562E-046 -6.388052786768170E-048
   279.490554396726      -7.164303949940288E-048  1.183348432178983E-046
   280.283435402107       6.092549493187783E-047  6.289689596236064E-048
   281.076316407487       5.031845636405692E-048 -3.019610480877773E-047
   281.869197412868      -1.441614631083278E-047 -3.754829633932509E-048
   282.662078418249      -2.622888482384671E-048  6.616523723785604E-048
   283.454959423630       2.898075149157741E-048  1.720853056519088E-048
   284.247840429011       1.065385330785707E-048 -1.190389187284657E-048
   285.040721434391      -4.403218752459289E-049 -6.251663722632075E-049
   285.833602439772      -3.486578521135371E-049  1.306506413907412E-049
   286.626483445153       1.512235443883082E-050  1.847744219916116E-049
   287.419364450534       9.261878052356491E-050  1.977937717429933E-050
   288.212245455914       2.432360355797604E-050 -4.336945467854296E-050
   289.005126461295      -1.842926777552961E-050 -1.952458501040068E-050
   289.798007466676      -1.337256854710175E-050  6.578609780216171E-051
   290.590888472057       1.417023500585739E-051  8.374299355359249E-051
   291.383769477438       4.930011163719306E-051  5.254754030028929E-052
   292.176650482818       1.036409617236743E-051 -2.765969195692108E-051
   292.969531488199      -1.490609906107037E-051 -9.854394843267262E-052
   293.762412493580      -7.660402582457592E-052  7.760360990353206E-052
   294.555293498961       3.925488775384101E-052  5.379074376183493E-052
   295.348174504342       3.535299752414454E-052 -1.942949764335830E-052
   296.141055509722      -9.486823164608214E-053 -2.207767121447492E-052
   296.933936515103      -1.318433198340989E-052  4.598498767881149E-053
   297.726817520484       2.210280314939762E-053  7.547846542425678E-053
   298.519698525865       4.147562431344655E-053 -1.038223571747769E-053
   299.312579531245      -4.613994865780955E-054 -2.191019521656681E-053
   300.105460536626      -1.115450762884348E-053  1.825483031084939E-054
   300.898341542007       5.520782612705557E-055  5.489240824204645E-054
   301.691222547388       2.617590979319027E-054 -3.578996379577824E-056
   302.484103552769       1.259573558425555E-055 -1.210019518441539E-054
   303.276984558149      -5.404071259898837E-055 -1.414125905608747E-055
   304.069865563530      -1.099890825166256E-055  2.310056936560021E-055
   304.862746568911       9.265221168895297E-056  7.306555373018293E-056
   305.655627574292       4.404350643627041E-056 -3.336685211894267E-056
   306.448508579672      -9.510276825414872E-057 -2.468676210822239E-056
   307.241389585053      -1.298730916065913E-056  8.808465164401881E-058
   308.034270590434      -1.598863767104346E-057  6.408937697705854E-057
   308.827151595815       2.931745174053666E-057  1.843922241084939E-057
   309.620032601196       1.441696671122629E-057 -1.202680597533432E-057
   310.412913606576      -4.013157743224157E-058 -9.717640834759556E-058
   311.205794611957      -6.034014304186206E-058  6.427053697020026E-059
   311.998675617338      -5.514998769125426E-059  3.553165969785107E-058
   312.791556622719       2.018372856860820E-058  8.106556050546498E-059
   313.584437628099       7.217564031813622E-059 -1.120835222567939E-058
   314.377318633480      -6.163147336392886E-059 -5.414061337950719E-059
   315.170199638861      -3.690358521195980E-059  3.398222525183368E-059
   315.963080644242       1.896584758333376E-059  2.345898196061046E-059
   316.755961649623       1.402796249289615E-059 -1.072694659928887E-059
   317.548842655003      -6.087335428610092E-060 -7.903509632814928E-060
   318.341723660384      -4.195203366757337E-060  3.402820843161140E-060
   319.134604665765       1.836489242035834E-060  2.102121734674538E-060
   319.927485671146       1.000962992679922E-060 -9.417115893233054E-061
   320.720366676527      -4.543473314662258E-061 -4.585015133033330E-061
   321.513247681907      -2.053354250341059E-061  2.053256261468300E-061
   322.306128687288       8.671318939723274E-062  9.133711545408432E-062
   323.099009692669       4.075818321214492E-062 -3.405834906859282E-062
   323.891890698050      -1.225508227744605E-062 -1.826579148411105E-062
   324.684771703430      -8.166203184601877E-063  3.867580758831716E-063
   325.477652708811       9.230668546695114E-064  3.601590511299574E-063
   326.270533714192       1.545715155142043E-063 -2.993866027130156E-065
   327.063414719573       1.607842220230721E-064 -6.346134740435747E-064
   327.856295724954      -2.428097039487793E-064 -1.476570988737633E-064
   328.649176730334      -9.711755057821697E-065  8.207710954134544E-065
   329.442057735715       2.082927531955778E-065  5.509724891167636E-065
   330.234938741096       2.833481254317536E-065 -3.311345246927826E-067
   331.027819746477       4.714411253104359E-066 -1.337244289743819E-065
   331.820700751857      -5.730639995062482E-066 -4.646523207874401E-066
   332.613581757238      -3.364228156432285E-066  2.130939115961202E-066
   333.406462762619       5.835422643235850E-067  2.141621153524814E-066
   334.199343768000       1.268899880796956E-066 -1.669834273213843E-069
   334.992224773381       1.635508854575529E-067 -7.191005510971962E-067
   335.785105778761      -3.964081777631676E-067 -1.700920682640320E-067
   336.577986784142      -1.297866412770967E-067  2.150828667277197E-067
   337.370867789523       1.157205611902314E-067  8.587678886158125E-068
   338.163748794904       5.172138979018240E-068 -6.185510451965379E-068
   338.956629800285      -3.269780995082186E-068 -2.889818073044783E-068
   339.749510805665      -1.512656832953338E-068  1.692639707789570E-068
   340.542391811046       8.478514715000730E-069  7.480202934612725E-069
   341.335272816427       3.531353256664396E-069 -4.065811742230873E-069
   342.128153821808      -1.852623103270467E-069 -1.613002668672192E-069
   342.921034827188      -7.231819066558853E-070  7.984863800555999E-070
   343.713915832569       3.243388222187272E-070  3.219878044012749E-070
   344.506796837950       1.431520730820575E-070 -1.233409641533488E-070
   345.299677843331      -4.319976378703074E-071 -6.345723115479065E-071
   346.092558848712      -2.786134558191339E-071  1.335350136015280E-071
   346.885439854092       3.178385894262256E-072  1.200172157386015E-071
   347.678320859473       5.014935604880436E-072 -1.744085136323252E-073
   348.471201864854       4.545453510859441E-073 -2.003079565788491E-072
   349.264082870235      -7.473947569659814E-073 -4.195064092131217E-073
   350.056963875615      -2.695741793207628E-073  2.487116562872408E-073
   350.849844880996       6.466196358322104E-074  1.483396417395384E-073
   351.642725886377       7.375052296601533E-074 -4.739922442471936E-075
   352.435606891758       9.925634627200230E-075 -3.358639191490828E-074
   353.228487897139      -1.387416744381336E-074 -1.021752636817621E-074
   354.021368902519      -7.244069464417878E-075  4.971949186742908E-075
   354.814249907900       1.314401739709090E-075  4.435312394462076E-075
   355.607130913281       2.500478306111088E-075 -7.277551970208248E-078
   356.400011918662       3.389786670368460E-076 -1.335200094575994E-075
   357.192892924042      -6.863304696620833E-076 -3.426286443834880E-076
   357.985773929423      -2.552313055770792E-076  3.435688134071200E-076
   358.778654934804       1.691030851060584E-076  1.663316430273044E-076
   359.571535940185       9.986186677073383E-077 -8.248454757130694E-077
   360.364416945566      -4.007002133983831E-077 -5.641905971441336E-077
   361.157297950946      -3.029874396940169E-077  1.939056597791322E-077
   361.950178956327       9.298904638292535E-078  1.555466526320995E-077
   362.743059961708       7.667191149949045E-078 -4.377974524972784E-078
   363.535940967089      -2.001154402135294E-078 -3.645201374063145E-078
   364.328821972470      -1.680031884129661E-078  8.783932960726101E-079
   365.121702977850       3.663198193870377E-079  7.545541904369655E-079
   365.914583983231       3.317733241093933E-079 -1.433154561682744E-079
   366.707464988612      -5.152340495838069E-080 -1.432821229292168E-079
   367.500345993993      -6.086899614941857E-080  1.627032062678984E-080
   368.293226999373       3.932119879142430E-081  2.542611477781462E-080
   369.086108004754       1.041899808467016E-080 -2.126097326096558E-082
   369.878989010135       5.809152945463943E-082 -4.169564662257781E-081
   370.671870015516      -1.617770596931432E-081 -5.404766038348026E-082
   371.464751020897      -3.520850330453847E-082  6.014046275534328E-082
   372.257632026277       2.097613154205040E-082  1.981112897334970E-082
   373.050513031658       1.022419766490209E-082 -6.569412323303137E-083
   373.843394037039      -1.631540162068174E-083 -4.960300503239884E-083
   374.636275042420      -2.287729415771914E-083  1.363288167221661E-084
   375.429156047801      -2.021236128253339E-084  1.007264257022527E-083
   376.222037053181       4.230148450280705E-084  2.041434139840066E-084
   377.014918058562       1.391580062819594E-084 -1.683963219980641E-084
   377.807799063943      -6.262158347652497E-085 -8.177245210484159E-085
   378.600680069324      -4.426997653711396E-085  2.105667479452266E-085
   379.393561074704       5.871778055143882E-086  2.270183824303636E-085
   380.186442080085       1.118285435158007E-085 -9.125378729426877E-087
   380.979323085466       3.827496783732162E-087 -5.332887364602474E-086
   381.772204090847      -2.472828722912769E-086 -5.210208524032785E-087
   382.565085096228      -3.814627900528344E-087  1.117451979316335E-086
   383.357966101608       4.924957311857061E-087  2.309363858312697E-087
   384.150847106989       1.266665848711299E-087 -2.116160190406729E-087
   384.943728112370      -8.852118712796759E-088 -6.520712328853892E-088
   385.736609117751      -3.205682490491886E-088  3.595543685712654E-088
   386.529490123131       1.412012731298711E-088  1.519588341411776E-088
   387.322371128512       6.985485972632903E-089 -5.323716092119174E-089
   388.115252133893      -1.903971455374862E-089 -3.124890716228996E-089
   388.908133139274      -1.362987644454269E-089  6.315057086355369E-090
   389.701014144655       1.848223491227528E-090  5.800940827509979E-090
   390.493895150035       2.408103386229938E-090 -4.098151150756410E-091
   391.286776155416      -1.223366411316840E-092 -9.733289822264665E-091
   392.079657160797      -3.817119326725501E-091 -6.176437999088864E-092
   392.872538166178      -5.275370662437815E-092  1.443705179553986E-091
   393.665419171558       5.211691139409535E-092  3.239876925295682E-092
   394.458300176939       1.729613621609618E-092 -1.761831412593374E-092
   395.251181182320      -5.357810143315922E-093 -8.488107462691139E-093
   396.044062187701      -3.918788878525691E-093  1.311560517377913E-093
   396.836943193082       1.340534673786527E-094  1.719838781553791E-093
   397.629824198462       7.201149394271594E-094  1.227914247849708E-094
   398.422705203843       1.260570201927976E-094 -2.872603974322906E-094
   399.215586209224      -1.083956296300664E-094 -8.287959495513496E-095
   400.008467214605      -4.639113750558950E-095  3.805729006972481E-095
   400.801348219986       1.197250663847515E-095  2.376616027609810E-095
   401.594229225366       1.147391780842629E-095 -3.034038694143636E-096
   402.387110230747      -3.365454270811823E-097 -5.295652243092260E-096
   403.179991236128      -2.354494349934955E-096 -2.801065022129928E-097
   403.972872241509      -2.996595381913228E-097  1.012448468282510E-096
   404.765753246890       4.217262127818615E-097  2.015438692869641E-097
   405.558634252270       1.149313012496203E-097 -1.701052682008199E-097
   406.351515257651      -6.628685478860452E-098 -5.988591272279713E-098
   407.144396263032      -2.938656953547939E-098  2.483372152479843E-098
   407.937277268413       8.864323498185127E-099  1.378471820052611E-098
   408.730158273793       6.231599182993311E-099 -2.963532368375158E-099
   409.523039279174      -8.948001383011106E-100 -2.727190359596730E-099
   410.315920284555      -1.158141409044965E-099  2.211195586697286E-100
   411.108801289936       2.687720768603320E-101  4.776342762046527E-100
   411.901682295317       1.912103450275102E-100  1.591972027923609E-101
   412.694563300697       1.751145767439350E-101 -7.416124900110641E-101
   413.487444306078      -2.775779275020620E-101 -1.149146268973845E-101
   414.280325311459      -6.331046540005527E-102  9.953927433086584E-102
   415.073206316840       3.374289396399243E-102  3.171420985418917E-102
   415.866087322220       1.489904901234055E-102 -1.052503193205329E-102
   416.658968327601      -2.830221837203533E-103 -6.660886328484317E-103
   417.451849332982      -2.854388393577872E-103  5.169813113000638E-104
   418.244730338363      -5.831902489029800E-105  1.175980450356061E-103
   419.037611343744       4.656979437835409E-104  1.342239018962930E-104
   419.830492349124       9.880414030620300E-105 -1.766462093714728E-104
   420.623373354505      -6.366109569917109E-105 -5.738669279312312E-105
   421.416254359886      -2.984004019866760E-105  2.144226732112298E-105
   422.209135365267       6.514252060766084E-106  1.451583558845560E-105
   423.002016370648       6.743640310477260E-106 -1.622299982436219E-106
   423.794897376028      -2.050717304232339E-107 -3.026040504916191E-106
   424.587778381409      -1.320494252264296E-106 -1.092316612118527E-107
   425.380659386790      -1.226542239226698E-107  5.627516692296706E-107
   426.173540392171       2.348162078938342E-107  8.030224316978398E-108
   426.966421397551       4.393489628584326E-108 -9.606321706386517E-108
   427.759302402932      -3.854458246969225E-108 -2.181682390805133E-108
   428.552183408313      -1.015528653771428E-108  1.515977025939449E-108
   429.345064413694       5.834476182739554E-109  4.501681897609459E-109
   430.137945419075       1.917560629214914E-109 -2.190375313575569E-109
   430.930826424455      -7.981628938947593E-110 -7.896637432919161E-110
   431.723707429836      -3.158979725204183E-110  2.803100885576066E-110
   432.516588435217       9.393198988654775E-111  1.232673735844998E-110
   433.309469440598       4.706609873902384E-111 -2.957862879815768E-111
   434.102350445978      -8.513550126071773E-112 -1.761182583038046E-111
   434.895231451359      -6.455113278338935E-112  2.100250838988435E-112
   435.688112456740       3.520541373155185E-113  2.310662508515036E-112
   436.480993462121       8.032684679576890E-113  3.281881283086665E-114
   437.273874467502       7.172045406685448E-114 -2.686976864398095E-113
   438.066755472882      -8.515166743329750E-114 -4.723803380721205E-114
   438.859636478263      -2.426018961893969E-114  2.481994661637181E-114
   439.652517483644       6.202345204758453E-115  1.102557153906091E-114
   440.445398489025       4.620072876202375E-115 -1.019078638438602E-115
   441.238279494405       1.500610098050259E-116 -1.812797508376693E-115
   442.031160499786      -6.679705436400501E-116 -2.666192516926857E-116
   442.824041505167      -1.808315934417206E-116  2.293668053510675E-116
   443.616922510548       7.167120321638590E-117  9.808876670320873E-117
   444.409803515929       4.785183605370277E-117 -1.911786874235845E-117
   445.202684521309      -3.416563717157579E-118 -2.190442549089030E-117
   445.995565526690      -9.605221918887715E-118 -4.055010766218720E-119
   446.788446532071      -8.674882120214399E-119  4.083586458277750E-118
   447.581327537452       1.696178692897205E-118  6.129179760588126E-119
   448.374208542832       3.390868963501158E-119 -6.917229629212788E-119
   449.167089548213      -2.776614088136304E-119 -1.659421462941655E-119
   449.959970553594      -7.482922302193512E-120  1.096923800979166E-119
   450.752851558975       4.252090646240886E-120  3.166137963461525E-120
   451.545732564356       1.270141882847046E-120 -1.608008607302709E-120
   452.338613569736      -5.887649868328828E-121 -4.872553360711577E-121
   453.131494575117      -1.803926991296537E-121  2.070420843516026E-121
   453.924375580498       6.938486541223267E-122  6.508794796647761E-122
   454.717256585879       2.308857621540844E-122 -2.198006961120666E-122
   455.510137591260      -6.506856201628453E-123 -8.095346383275890E-123
   456.303018596640      -2.807166087100624E-123  1.760603812901870E-123
   457.095899602021       4.124468992023107E-124  9.588319439280302E-124
   457.888780607402       3.201252782799685E-124 -6.936330752657678E-125
   458.681661612783       1.867199016533941E-126 -1.033311975418451E-124
   459.474542618163      -3.173543704597758E-125 -9.320177838408104E-126
   460.267423623544      -5.976528776807730E-126  9.024902941436226E-126
   461.060304628925       2.239414731635133E-126  2.878678580819027E-126
   461.853185634306       1.207824113861141E-126 -3.983909737214061E-127
   462.646066639687       1.521182257908319E-128 -4.602838641618371E-127
   463.438947645067      -1.607058167242505E-127 -6.504053410220311E-128
   464.231828650448      -4.503992573485589E-128  5.065590144251107E-128
   465.024709655829       1.362973667786439E-128  2.381699956858790E-128
   465.817590661210       1.116837478995548E-128 -2.511133459436157E-129
   466.610471666591       2.225126208630415E-130 -4.884668028527492E-129
   467.403352671971      -2.043116163936061E-129 -5.775227374369018E-130
   468.196233677352      -4.172346105609440E-130  8.307591206258318E-130
   468.989114682733       3.327473526579583E-130  2.343492817395107E-130
   469.781995688114       1.163900072537657E-130 -1.327647497767894E-130
   470.574876693494      -5.316511957091573E-131 -5.318564877858691E-131
   471.367757698875      -2.267418516882072E-131  2.137563774741368E-131
   472.160638704256       8.555197979691304E-132  9.055228211701763E-132
   472.953519709637       3.392355048285743E-132 -3.356373431653590E-132
   473.746400715018      -1.269076558890833E-132 -1.196043326735190E-132
   474.539281720398      -4.001001711216222E-133  4.562363796555341E-133
   475.332162725779       1.546909774030386E-133  1.287965892016219E-133
   476.125043731160       4.063760965051130E-134 -4.930450723746842E-134
   476.917924736541      -1.475665986587388E-134 -1.279012516963785E-134
   477.710805741921      -4.058279804823726E-135  4.135679169114517E-135
   478.503686747302       1.074001097001921E-135  1.298625284231137E-135
   479.296567752683       4.157110972912959E-136 -2.507110811501265E-136
   480.089448758064      -4.800715147877371E-137 -1.315011446131668E-136
   480.882329763445      -4.054489558873687E-137  4.712758940521311E-138
   481.675210768825      -1.878897567240807E-138  1.199584454228497E-137
   482.468091774206       3.331980811412537E-138  1.636261392477533E-138
   483.260972779587       8.243785156074524E-139 -8.339976777536483E-139
   484.053853784968      -1.687609577447175E-139 -3.450329596817439E-139
   484.846734790349      -1.297545341901127E-139  1.492319223766565E-140
   485.639615795729      -1.010378290701200E-140  4.496050390996071E-140
   486.432496801110       1.440634243312902E-140  8.700776450670424E-141
   487.225377806491       4.738568564444808E-141 -4.208985542280062E-141
   488.018258811872      -1.071744078926990E-141 -2.201045471628406E-141
   488.811139817252      -9.414545541319014E-142  2.046525690998224E-142
   489.604020822633       5.285928196544647E-144  3.831518953849091E-142
   490.396901828014       1.509834992508014E-142  2.198513522229874E-143
   491.189782833395       1.549746047259996E-143 -5.815858130811893E-143
   491.982663838776      -2.197241090291189E-143 -7.667463214897186E-144
   492.775544844156      -3.202600444558280E-144  8.122747486265743E-144
   493.568425849537       2.918310375375592E-144  1.190874281905990E-144
   494.361306854918       4.045483917884415E-145 -1.010038383393785E-144
   495.154187860299      -3.341029136112682E-145 -1.283933115838225E-145
   495.947068865680      -3.912862009782245E-146  1.050967129634972E-145
   496.739949871060       3.138939835728180E-146  1.182583743150159E-146
   497.532830876441       3.643628055708986E-147 -8.908580498170207E-147
   498.325711881822      -2.404762283430037E-147 -1.156228073534061E-147
   499.118592887203      -3.742248696547933E-148  6.161962564490265E-148
   499.911473892583       1.485402364412748E-148  1.211355483128729E-148
   500.704354897964       3.848993057823832E-149 -3.289823765409012E-149
   501.497235903345      -6.297746388337299E-150 -1.183971454894617E-149
   502.290116908726      -3.489003066809237E-150  8.381581755147359E-151
   503.082997914107      -4.525515725109553E-152  9.746618302150752E-151
   503.875878919487       2.542003894802148E-151  9.312085438899905E-152
   504.668759924868       4.780608327011999E-152 -6.013825408760974E-152
   505.461640930249      -1.203912178282461E-152 -1.879004806745111E-152
   506.254521935630      -6.443932350380526E-153  1.567119342192111E-153
   507.047402941010      -1.763338973227330E-154  2.004663463042028E-153
   507.840283946391       5.719113820486770E-154  2.432065504135497E-154
   508.633164951772       1.247816711857012E-154 -1.489455904036443E-154
   509.426045957153      -3.467871110278409E-155 -5.021784214368556E-155
   510.218926962534      -1.776714807131592E-155  6.849088506525962E-156
   511.011807967914       9.777242134621735E-157  5.729864380490625E-156
   511.804688973295       1.701627317106996E-156 -1.663918116720624E-158
   512.597569978676       5.149408542529783E-158 -4.627604676711258E-157
   513.390450984057      -1.127301441014290E-157 -2.250784613733515E-158
   514.183331989437      -6.131975920219912E-159  2.343798391255142E-158
   514.976212994818       3.727039780323102E-159  1.136515817810663E-159
   515.769094000199       1.090301229313758E-160 -3.215209937367336E-160
   516.561975005580      -4.746774117163791E-187 -1.778339030771893E-187
