   -0.448128559E-13   -0.300500639E-13   -0.547222880E+00
   -0.448128559E-13   -0.300500639E-13   -0.547222880E+00
    0.204762435E-13   -0.158552750E-13    0.403735523E+00
   -0.136644929E-13    0.279309436E-14    0.310365211E-01
    0.567698760E+00   -0.324093469E+00   -0.128212385E-14
   -0.550052785E-13    0.326380985E-13   -0.387068882E-01
    0.138116927E-14    0.537135295E-14   -0.738391280E-02
    0.370975917E-01    0.166680993E-02    0.382861267E-14
    0.371451375E-13   -0.160262630E-13   -0.118085224E+00
    0.381614556E-14   -0.172514948E-14   -0.571465210E-02
   -0.152410869E+00    0.145602214E+00    0.114897066E-13
   -0.158140314E-13    0.168392170E-13    0.385791142E-01
    0.227851734E-13    0.656460075E-14    0.650173495E-02
    0.617620585E+00   -0.425660501E+00   -0.342046034E-13
   -0.653947145E-13    0.379859624E-13   -0.176224895E+00
   -0.866865190E-13    0.414209836E-13   -0.830887615E-01
    0.714516475E+00   -0.352221707E+00    0.500759975E-14
    0.375368733E-13   -0.313692157E-13    0.265067325E-01
   -0.295163714E-13    0.225964695E-13    0.619501345E-01
   -0.231010173E+00    0.122293739E+00   -0.343982364E-15
    0.234552663E-13   -0.886386815E-14    0.121826550E+00
   -0.341461748E-13    0.932621620E-14    0.938399770E-01
   -0.671559520E+00    0.450428689E+00    0.461592558E-14
    0.821004640E-13   -0.411233839E-13   -0.138423378E+00
    0.908676840E-13   -0.291810638E-13    0.220903509E-02
    0.212737517E+01   -0.156228177E+01    0.765557060E-14
   -0.149884087E-12    0.833558770E-13    0.163161384E-01
   -0.217720130E-13    0.130574135E-13   -0.601677300E-01
    0.214834407E-01    0.308850994E-01   -0.201847650E-14
    0.262045398E-13   -0.115570298E-13   -0.581545450E-03
    0.128189520E-13   -0.324000943E-14    0.106518329E+00
   -0.255044213E+00    0.178656497E+00    0.736733290E-14
   -0.813128715E-14   -0.309072981E-14   -0.307314188E+00
    0.474267891E-13   -0.640161850E-13   -0.178708436E+00
   -0.185985475E+01    0.129965634E+01    0.839716650E-14
   -0.207109125E-14    0.203447815E-14    0.281063377E-02
   -0.243987561E-14    0.187552346E-14    0.133766367E-01
   -0.723932540E-02   -0.269147128E-01   -0.407486518E-14
   -0.109237737E-13    0.697844520E-14    0.273708388E-01
    0.221860922E-13   -0.140319768E-13    0.412484275E-02
   -0.382884620E+00    0.219982300E+00    0.173790083E-14
    0.369918309E-13   -0.235807463E-13    0.234589958E-01
    0.474467176E-14   -0.297457105E-14   -0.651026210E-03
   -0.296655529E+00    0.183321502E+00   -0.403126007E-14
    0.496150071E-13   -0.283406263E-13    0.688875635E-02
   -0.184408650E-13    0.924179650E-14   -0.584378160E-02
   -0.137885224E+00    0.975594080E-01   -0.146552820E-15
   -0.630109940E-14    0.387584105E-14    0.491969432E-03
   -0.326114654E-14    0.292150475E-14    0.115905777E-02
    0.201030715E-01   -0.180384059E-01   -0.399795128E-14
