     4.00000    -0.25193830E-11
     4.00400    -0.32261935E-11
     4.00800    -0.32594016E-11
     4.01200    -0.30434155E-11
     4.01600    -0.22643795E-11
     4.02000    -0.29782378E-11
     4.02400    -0.31545330E-11
     4.02800    -0.31311199E-11
     4.03200    -0.18950430E-11
     4.03600    -0.25056698E-11
     4.04000    -0.31242035E-11
     4.04400    -0.21521234E-11
     4.04800    -0.28292420E-11
     4.05200    -0.18188754E-11
     4.05600    -0.30244381E-11
     4.06000    -0.30789622E-11
     4.06400    -0.23290118E-11
     4.06800    -0.18809776E-11
     4.07200    -0.30144635E-11
     4.07600    -0.37189770E-11
     4.08000    -0.30061371E-11
     4.08400    -0.25689421E-11
     4.08800    -0.23478082E-11
     4.09200    -0.22756937E-11
     4.09600    -0.22177987E-11
     4.10000    -0.27495164E-11
     4.10400    -0.18858316E-11
     4.10800    -0.12613172E-11
     4.11200    -0.12992148E-11
     4.11600    -0.10516294E-11
     4.12000    -0.17372125E-11
     4.12400    -0.94858719E-12
     4.12800     0.57542919E-14
     4.13200    -0.17005927E-12
     4.13600    -0.48302920E-13
     4.14000    -0.23871794E-12
     4.14400    -0.34677433E-12
     4.14800    -0.95871779E-12
     4.15200     0.11920929E-11
     4.15600     0.10198817E-11
     4.16000     0.97412731E-12
     4.16400    -0.13015948E-12
     4.16800    -0.12222210E-12
     4.17200     0.82442548E-12
     4.17600     0.74820759E-12
     4.18000     0.93134875E-12
     4.18400     0.97482755E-13
     4.18800    -0.62847511E-12
     4.19200     0.18070973E-12
     4.19600     0.50416341E-12
     4.20000    -0.11433856E-13
     4.20400     0.92261029E-13
     4.20800     0.29727318E-12
     4.21200    -0.79839880E-12
     4.21600    -0.71479524E-12
     4.22000    -0.54196191E-12
     4.22400    -0.53567058E-12
     4.22800    -0.95570497E-12
     4.23200    -0.88364017E-12
     4.23600    -0.19179872E-11
     4.24000    -0.86644131E-12
     4.24400    -0.14301645E-11
     4.24800    -0.12423411E-11
     4.25200    -0.45660279E-12
     4.25600    -0.72500675E-12
     4.26000    -0.77788761E-12
     4.26400    -0.14346880E-11
     4.26800    -0.85867506E-13
     4.27200    -0.42501798E-12
     4.27600    -0.20490478E-13
     4.28000    -0.20224307E-13
     4.28400    -0.65329133E-12
     4.28800    -0.49744965E-12
     4.29200    -0.41008314E-12
     4.29600    -0.53926649E-12
     4.30000    -0.65022326E-13
     4.30400     0.17352148E-12
     4.30800     0.19417034E-12
     4.31200     0.19821525E-12
     4.31600     0.93817298E-12
     4.32000    -0.32507089E-12
     4.32400     0.36575543E-12
     4.32800     0.65280625E-12
     4.33200     0.82155239E-12
     4.33600     0.26558612E-12
     4.34000     0.88196560E-12
     4.34400     0.22805925E-13
     4.34800     0.54834602E-12
     4.35200     0.75976925E-12
     4.35600     0.59247014E-12
     4.36000     0.12442298E-11
     4.36400     0.84583291E-12
     4.36800     0.13601809E-11
     4.37200     0.46716912E-12
     4.37600     0.11435637E-11
     4.38000    -0.29594046E-12
     4.38400     0.74351310E-13
     4.38800     0.10668992E-11
     4.39200     0.89057532E-12
     4.39600     0.10731764E-11
     4.40000     0.13116421E-11
     4.40400     0.39695841E-12
     4.40800    -0.64779819E-13
     4.41200    -0.28058814E-14
     4.41600     0.60282136E-12
     4.42000     0.70043594E-12
     4.42400     0.13424030E-11
     4.42800     0.26847087E-12
     4.43200     0.34744709E-13
     4.43600     0.15332536E-12
     4.44000     0.42401940E-12
     4.44400     0.73906412E-12
     4.44800     0.13585964E-11
     4.45200     0.14818711E-11
     4.45600     0.53358055E-12
     4.46000     0.44798433E-12
     4.46400     0.57281569E-12
     4.46800     0.86624423E-12
     4.47200     0.71875999E-12
     4.47600     0.11508910E-11
     4.48000     0.15831350E-11
     4.48400     0.17131514E-11
     4.48800     0.17129421E-11
     4.49200     0.18835769E-11
     4.49600     0.17936329E-11
     4.50000     0.19434264E-11
     4.50400     0.16040723E-11
     4.50800     0.17875263E-11
     4.51200     0.17217554E-11
     4.51600     0.16608410E-11
     4.52000     0.12934485E-11
     4.52400     0.19697056E-11
     4.52800     0.14508796E-11
     4.53200     0.17239586E-11
     4.53600     0.57158195E-12
     4.54000     0.46446874E-12
     4.54400     0.70640566E-12
     4.54800     0.32745113E-12
     4.55200     0.71345968E-12
     4.55600     0.23662996E-11
     4.56000     0.52529160E-11
     4.56400     0.10999151E-10
     4.56800     0.27573872E-10
     4.57200     0.69769969E-10
     4.57600     0.17823365E-09
     4.58000     0.44581043E-09
     4.58400     0.10984879E-08
     4.58800     0.26695428E-08
     4.59200     0.64012697E-08
     4.59600     0.15136390E-07
     4.60000     0.35301275E-07
     4.60400     0.81196239E-07
     4.60800     0.18419751E-06
     4.61200     0.41213858E-06
     4.61600     0.90952738E-06
     4.62000     0.19797194E-05
     4.62400     0.42501706E-05
     4.62800     0.89996245E-05
     4.63200     0.18795676E-04
     4.63600     0.38717494E-04
     4.64000     0.78663361E-04
     4.64400     0.15763547E-03
     4.64800     0.31156725E-03
     4.65200     0.60738814E-03
     4.65600     0.11678785E-02
     4.66000     0.22148594E-02
     4.66400     0.41429722E-02
     4.66800     0.76435568E-02
     4.67200     0.13909031E-01
     4.67600     0.24964130E-01
     4.68000     0.44193104E-01
     4.68400     0.77163413E-01
     4.68800     0.13288855    
     4.69200     0.22572690    
     4.69600     0.37818051    
     4.70000     0.62493597    
     4.70400      1.0185751    
     4.70800      1.6374661    
     4.71200      2.5964146    
     4.71600      4.0606830    
     4.72000      6.2639514    
     4.72400      9.5306606    
     4.72800      14.302905    
     4.73200      21.171596    
     4.73600      30.910983    
     4.74000      44.514752    
     4.74400      63.230916    
     4.74800      88.591540    
     4.75200      122.43223    
     4.75600      166.89531    
     4.76000      224.41005    
     4.76400      297.64340    
     4.76800      389.41544    
     4.77200      502.57596    
     4.77600      639.84148    
     4.78000      803.59637    
     4.78400      995.66667    
     4.78800      1217.0805    
     4.79200      1467.8345    
     4.79600      1746.6888    
     4.80000      2051.0168    
     4.80400      2376.7335    
     4.80800      2718.3244    
     4.81200      3068.9885    
     4.81600      3420.9006    
     4.82000      3765.5844    
     4.82400      4094.3770    
     4.82800      4398.9507    
     4.83200      4671.8510    
     4.83600      4907.0017    
     4.84000      5100.1285    
     4.84400      5249.0578    
     4.84800      5353.8566    
     4.85200      5416.7960    
     4.85600      5442.1385    
     4.86000      5435.7676    
     4.86400      5404.6945    
     4.86800      5356.4913    
     4.87200      5298.7074    
     4.87600      5238.3255    
     4.88000      5181.3089    
     4.88400      5132.2805    
     4.88800      5094.3578    
     4.89200      5069.1486    
     4.89600      5056.8954    
     4.90000      5056.7407    
     4.90400      5067.0717    
     4.90800      5085.8996    
     4.91200      5111.2248    
     4.91600      5141.3491    
     4.92000      5175.1024    
     4.92400      5211.9666    
     4.92800      5252.0941    
     4.93200      5296.2319    
     4.93600      5345.5720    
     4.94000      5401.5599    
     4.94400      5465.6907    
     4.94800      5539.3255    
     4.95200      5623.5507    
     4.95600      5719.0959    
     4.96000      5826.3132    
     4.96400      5945.2137    
     4.96800      6075.5434    
     4.97200      6216.8785    
     4.97600      6368.7154    
     4.98000      6530.5345    
     4.98400      6701.8198    
     4.98800      6882.0270    
     4.99200      7070.5009    
     4.99600      7266.3538    
     5.00000      7468.3238    
     5.00400      7674.6380    
     5.00800      7882.9087    
     5.01200      8090.0862    
     5.01600      8292.4870    
     5.02000      8485.9085    
     5.02400      8665.8261    
     5.02800      8827.6616    
     5.03200      8967.0979    
     5.03600      9080.4089    
     5.04000      9164.7684    
     5.04400      9218.5040    
     5.04800      9241.2655    
     5.05200      9234.0856    
     5.05600      9199.3255    
     5.06000      9140.5066    
     5.06400      9062.0474    
     5.06800      8968.9292    
     5.07200      8866.3282    
     5.07600      8759.2491    
     5.08000      8652.1972    
     5.08400      8548.9196    
     5.08800      8452.2366    
     5.09200      8363.9741    
     5.09600      8284.9954    
     5.10000      8215.3192    
     5.10400      8154.3046    
     5.10800      8100.8731    
     5.11200      8053.7414    
     5.11600      8011.6353    
     5.12000      7973.4629    
     5.12400      7938.4321    
     5.12800      7906.1038    
     5.13200      7876.3848    
     5.13600      7849.4675    
     5.14000      7825.7342    
     5.14400      7805.6415    
     5.14800      7789.6062    
     5.15200      7777.9081    
     5.15600      7770.6222    
     5.16000      7767.5877    
     5.16400      7768.4140    
     5.16800      7772.5187    
     5.17200      7779.1889    
     5.17600      7787.6522    
     5.18000      7797.1465    
     5.18400      7806.9746    
     5.18800      7816.5378    
     5.19200      7825.3415    
     5.19600      7832.9753    
     5.20000      7839.0711    
     5.20400      7843.2482    
     5.20800      7845.0558    
     5.21200      7843.9246    
     5.21600      7839.1371    
     5.22000      7829.8235    
     5.22400      7814.9881    
     5.22800      7793.5641    
     5.23200      7764.4924    
     5.23600      7726.8149    
     5.24000      7679.7725    
     5.24400      7622.8946    
     5.24800      7556.0686    
     5.25200      7479.5814    
     5.25600      7394.1258    
     5.26000      7300.7707    
     5.26400      7200.8980    
     5.26800      7096.1120    
     5.27200      6988.1309    
     5.27600      6878.6725    
     5.28000      6769.3449    
     5.28400      6661.5532    
     5.28800      6556.4302    
     5.29200      6454.7969    
     5.29600      6357.1543    
     5.30000      6263.7034    
     5.30400      6174.3904    
     5.30800      6088.9679    
     5.31200      6007.0645    
     5.31600      5928.2546    
     5.32000      5852.1187    
     5.32400      5778.2912    
     5.32800      5706.4897    
     5.33200      5636.5259    
     5.33600      5568.3002    
     5.34000      5501.7815    
     5.34400      5436.9799    
     5.34800      5373.9146    
     5.35200      5312.5850    
     5.35600      5252.9472    
     5.36000      5194.9004    
     5.36400      5138.2828    
     5.36800      5082.8782    
     5.37200      5028.4305    
     5.37600      4974.6636    
     5.38000      4921.3022    
     5.38400      4868.0922    
     5.38800      4814.8151    
     5.39200      4761.2973    
     5.39600      4707.4106    
     5.40000      4653.0670    
     5.40400      4598.2071    
     5.40800      4542.7856    
     5.41200      4486.7567    
     5.41600      4430.0612    
     5.42000      4372.6178    
     5.42400      4314.3217    
     5.42800      4255.0477    
     5.43200      4194.6619    
     5.43600      4133.0362    
     5.44000      4070.0670    
     5.44400      4005.6931    
     5.44800      3939.9127    
     5.45200      3872.7941    
     5.45600      3804.4820    
     5.46000      3735.1953    
     5.46400      3665.2184    
     5.46800      3594.8862    
     5.47200      3524.5637    
     5.47600      3454.6244    
     5.48000      3385.4271    
     5.48400      3317.2953    
     5.48800      3250.5006    
     5.49200      3185.2517    
     5.49600      3121.6890    
     5.50000      3059.8856    
     5.50400      2999.8538    
     5.50800      2941.5557    
     5.51200      2884.9165    
     5.51600      2829.8382    
     5.52000      2776.2138    
     5.52400      2723.9380    
     5.52800      2672.9159    
     5.53200      2623.0678    
     5.53600      2574.3304    
     5.54000      2526.6555    
     5.54400      2480.0062    
     5.54800      2434.3514    
     5.55200      2389.6608    
     5.55600      2345.9004    
     5.56000      2303.0287    
     5.56400      2260.9956    
     5.56800      2219.7426    
     5.57200      2179.2043    
     5.57600      2139.3125    
     5.58000      2099.9992    
     5.58400      2061.2008    
     5.58800      2022.8614    
     5.59200      1984.9352    
     5.59600      1947.3875    
     5.60000      1910.1941    
     5.60400      1873.3403    
     5.60800      1836.8182    
     5.61200      1800.6240    
     5.61600      1764.7554    
     5.62000      1729.2091    
     5.62400      1693.9796    
     5.62800      1659.0582    
     5.63200      1624.4343    
     5.63600      1590.0963    
     5.64000      1556.0340    
     5.64400      1522.2415    
     5.64800      1488.7191    
     5.65200      1455.4758    
     5.65600      1422.5304    
     5.66000      1389.9116    
     5.66400      1357.6578    
     5.66800      1325.8147    
     5.67200      1294.4334    
     5.67600      1263.5666    
     5.68000      1233.2659    
     5.68400      1203.5781    
     5.68800      1174.5430    
     5.69200      1146.1908    
     5.69600      1118.5411    
     5.70000      1091.6028    
     5.70400      1065.3746    
     5.70800      1039.8460    
     5.71200      1014.9997    
     5.71600      990.81289    
     5.72000      967.26014    
     5.72400      944.31482    
     5.72800      921.95083    
     5.73200      900.14364    
     5.73600      878.87094    
     5.74000      858.11271    
     5.74400      837.85096    
     5.74800      818.06925    
     5.75200      798.75205    
     5.75600      779.88406    
     5.76000      761.44975    
     5.76400      743.43308    
     5.76800      725.81736    
     5.77200      708.58549    
     5.77600      691.72027    
     5.78000      675.20488    
     5.78400      659.02341    
     5.78800      643.16133    
     5.79200      627.60582    
     5.79600      612.34603    
     5.80000      597.37308    
     5.80400      582.67990    
     5.80800      568.26097    
     5.81200      554.11193    
     5.81600      540.22913    
     5.82000      526.60931    
     5.82400      513.24923    
     5.82800      500.14549    
     5.83200      487.29446    
     5.83600      474.69238    
     5.84000      462.33549    
     5.84400      450.22027    
     5.84800      438.34378    
     5.85200      426.70382    
     5.85600      415.29918    
     5.86000      404.12967    
     5.86400      393.19616    
     5.86800      382.50038    
     5.87200      372.04469    
     5.87600      361.83174    
     5.88000      351.86411    
     5.88400      342.14394    
     5.88800      332.67258    
     5.89200      323.45033    
     5.89600      314.47625    
     5.90000      305.74809    
     5.90400      297.26234    
     5.90800      289.01431    
     5.91200      280.99835    
     5.91600      273.20810    
     5.92000      265.63669    
     5.92400      258.27705    
     5.92800      251.12210    
     5.93200      244.16487    
     5.93600      237.39871    
     5.94000      230.81724    
     5.94400      224.41445    
     5.94800      218.18460    
     5.95200      212.12221    
     5.95600      206.22198    
     5.96000      200.47876    
     5.96400      194.88747    
     5.96800      189.44312    
     5.97200      184.14082    
     5.97600      178.97576    
     5.98000      173.94331    
     5.98400      169.03903    
     5.98800      164.25875    
     5.99200      159.59858    
     5.99600      155.05495    
     6.00000      150.62459    
     6.00400      146.30458    
     6.00800      142.09223    
     6.01200      137.98512    
     6.01600      133.98097    
     6.02000      130.07765    
     6.02400      126.27314    
     6.02800      122.56541    
     6.03200      118.95252    
     6.03600      115.43251    
     6.04000      112.00346    
     6.04400      108.66349    
     6.04800      105.41077    
     6.05200      102.24356    
     6.05600      99.160229    
     6.06000      96.159240    
     6.06400      93.239180    
     6.06800      90.398734    
     6.07200      87.636670    
     6.07600      84.951811    
     6.08000      82.343002    
     6.08400      79.809072    
     6.08800      77.348803    
     6.09200      74.960902    
     6.09600      72.643981    
     6.10000      70.396546    
     6.10400      68.216996    
     6.10800      66.103634    
     6.11200      64.054682    
     6.11600      62.068301    
     6.12000      60.142620    
     6.12400      58.275757    
     6.12800      56.465844    
     6.13200      54.711046    
     6.13600      53.009575    
     6.14000      51.359699    
     6.14400      49.759744    
     6.14800      48.208098    
     6.15200      46.703208    
     6.15600      45.243569    
     6.16000      43.827729    
     6.16400      42.454278    
     6.16800      41.121848    
     6.17200      39.829112    
     6.17600      38.574787    
     6.18000      37.357633    
     6.18400      36.176458    
     6.18800      35.030124    
     6.19200      33.917545    
     6.19600      32.837689    
     6.20000      31.789582    
     6.20400      30.772302    
     6.20800      29.784975    
     6.21200      28.826773    
     6.21600      27.896908    
     6.22000      26.994623    
     6.22400      26.119190    
     6.22800      25.269904    
     6.23200      24.446078    
     6.23600      23.647044    
     6.24000      22.872148    
     6.24400      22.120753    
     6.24800      21.392238    
     6.25200      20.685998    
     6.25600      20.001449    
     6.26000      19.338023    
     6.26400      18.695175    
     6.26800      18.072375    
     6.27200      17.469110    
     6.27600      16.884884    
     6.28000      16.319211    
     6.28400      15.771612    
     6.28800      15.241618    
     6.29200      14.728761    
     6.29600      14.232573    
     6.30000      13.752591    
     6.30400      13.288346    
     6.30800      12.839375    
     6.31200      12.405212    
     6.31600      11.985395    
     6.32000      11.579469    
     6.32400      11.186983    
     6.32800      10.807497    
     6.33200      10.440578    
     6.33600      10.085807    
     6.34000      9.7427783    
     6.34400      9.4110964    
     6.34800      9.0903804    
     6.35200      8.7802619    
     6.35600      8.4803846    
     6.36000      8.1904044    
     6.36400      7.9099888    
     6.36800      7.6388161    
     6.37200      7.3765759    
     6.37600      7.1229682    
     6.38000      6.8777038    
     6.38400      6.6405041    
     6.38800      6.4111013    
     6.39200      6.1892382    
     6.39600      5.9746680    
     6.40000      5.7671543    
     6.40400      5.5664705    
     6.40800      5.3723997    
     6.41200      5.1847335    
     6.41600      5.0032718    
     6.42000      4.8278220    
     6.42400      4.6581985    
     6.42800      4.4942217    
     6.43200      4.3357177    
     6.43600      4.1825181    
     6.44000      4.0344595    
     6.44400      3.8913829    
     6.44800      3.7531345    
     6.45200      3.6195647    
     6.45600      3.4905284    
     6.46000      3.3658850    
     6.46400      3.2454984    
     6.46800      3.1292364    
     6.47200      3.0169710    
     6.47600      2.9085779    
     6.48000      2.8039363    
     6.48400      2.7029289    
     6.48800      2.6054410    
     6.49200      2.5113610    
     6.49600      2.4205795    
     6.50000      2.3329899    
     6.50400      2.2484874    
     6.50800      2.1669697    
     6.51200      2.0883368    
     6.51600      2.0124908    
     6.52000      1.9393364    
     6.52400      1.8687806    
     6.52800      1.8007329    
     6.53200      1.7351057    
     6.53600      1.6718139    
     6.54000      1.6107750    
     6.54400      1.5519096    
     6.54800      1.4951405    
     6.55200      1.4403934    
     6.55600      1.3875968    
     6.56000      1.3366812    
     6.56400      1.2875800    
     6.56800      1.2402286    
     6.57200      1.1945650    
     6.57600      1.1505292    
     6.58000      1.1080636    
     6.58400      1.0671124    
     6.58800      1.0276222    
     6.59200     0.98954158    
     6.59600     0.95282094    
     6.60000     0.91741271    
     6.60400     0.88327114    
     6.60800     0.85035223    
     6.61200     0.81861369    
     6.61600     0.78801478    
     6.62000     0.75851630    
     6.62400     0.73008045    
     6.62800     0.70267078    
     6.63200     0.67625210    
     6.63600     0.65079042    
     6.64000     0.62625286    
     6.64400     0.60260768    
     6.64800     0.57982416    
     6.65200     0.55787260    
     6.65600     0.53672427    
     6.66000     0.51635140    
     6.66400     0.49672715    
     6.66800     0.47782554    
     6.67200     0.45962148    
     6.67600     0.44209068    
     6.68000     0.42520964    
     6.68400     0.40895563    
     6.68800     0.39330661    
     6.69200     0.37824125    
     6.69600     0.36373886    
     6.70000     0.34977940    
     6.70400     0.33634341    
     6.70800     0.32341206    
     6.71200     0.31096707    
     6.71600     0.29899073    
     6.72000     0.28746590    
     6.72400     0.27637598    
     6.72800     0.26570492    
     6.73200     0.25543720    
     6.73600     0.24555786    
     6.74000     0.23605242    
     6.74400     0.22690694    
     6.74800     0.21810797    
     6.75200     0.20964254    
     6.75600     0.20149817    
     6.76000     0.19366282    
     6.76400     0.18612491    
     6.76800     0.17887327    
     6.77200     0.17189715    
     6.77600     0.16518623    
     6.78000     0.15873055    
     6.78400     0.15252052    
     6.78800     0.14654696    
     6.79200     0.14080099    
     6.79600     0.13527410    
     6.80000     0.12995812    
     6.80400     0.12484517    
     6.80800     0.11992768    
     6.81200     0.11519839    
     6.81600     0.11065029    
     6.82000     0.10627666    
     6.82400     0.10207102    
     6.82800     0.98027133E-01
     6.83200     0.94138996E-01
     6.83600     0.90400825E-01
     6.84000     0.86807047E-01
     6.84400     0.83352291E-01
     6.84800     0.80031379E-01
     6.85200     0.76839322E-01
     6.85600     0.73771308E-01
     6.86000     0.70822700E-01
     6.86400     0.67989028E-01
     6.86800     0.65265981E-01
     6.87200     0.62649405E-01
     6.87600     0.60135292E-01
     6.88000     0.57719781E-01
     6.88400     0.55399147E-01
     6.88800     0.53169796E-01
     6.89200     0.51028264E-01
     6.89600     0.48971207E-01
     6.90000     0.46995400E-01
     6.90400     0.45097733E-01
     6.90800     0.43275204E-01
     6.91200     0.41524919E-01
     6.91600     0.39844086E-01
     6.92000     0.38230013E-01
     6.92400     0.36680108E-01
     6.92800     0.35191870E-01
     6.93200     0.33762892E-01
     6.93600     0.32390858E-01
     6.94000     0.31073535E-01
     6.94400     0.29808777E-01
     6.94800     0.28594518E-01
     6.95200     0.27428773E-01
     6.95600     0.26309632E-01
     6.96000     0.25235256E-01
     6.96400     0.24203882E-01
     6.96800     0.23213813E-01
     6.97200     0.22263417E-01
     6.97600     0.21351129E-01
     6.98000     0.20475441E-01
     6.98400     0.19634909E-01
     6.98800     0.18828144E-01
     6.99200     0.18053811E-01
     6.99600     0.17310628E-01
     7.00000     0.16597367E-01
     7.00400     0.15912846E-01
     7.00800     0.15255931E-01
     7.01200     0.14625531E-01
     7.01600     0.14020602E-01
     7.02000     0.13440137E-01
     7.02400     0.12883173E-01
     7.02800     0.12348781E-01
     7.03200     0.11836071E-01
     7.03600     0.11344186E-01
     7.04000     0.10872303E-01
     7.04400     0.10419630E-01
     7.04800     0.99854077E-02
     7.05200     0.95689040E-02
     7.05600     0.91694161E-02
     7.06000     0.87862681E-02
     7.06400     0.84188100E-02
     7.06800     0.80664172E-02
     7.07200     0.77284888E-02
     7.07600     0.74044474E-02
     7.08000     0.70937376E-02
     7.08400     0.67958254E-02
     7.08800     0.65101975E-02
     7.09200     0.62363602E-02
     7.09600     0.59738389E-02
     7.10000     0.57221772E-02
     7.10400     0.54809362E-02
     7.10800     0.52496941E-02
     7.11200     0.50280453E-02
     7.11600     0.48155999E-02
     7.12000     0.46119832E-02
     7.12400     0.44168353E-02
     7.12800     0.42298101E-02
     7.13200     0.40505754E-02
     7.13600     0.38788121E-02
     7.14000     0.37142136E-02
     7.14400     0.35564857E-02
     7.14800     0.34053459E-02
     7.15200     0.32605232E-02
     7.15600     0.31217573E-02
     7.16000     0.29887985E-02
     7.16400     0.28614074E-02
     7.16800     0.27393539E-02
     7.17200     0.26224178E-02
     7.17600     0.25103875E-02
     7.18000     0.24030601E-02
     7.18400     0.23002411E-02
     7.18800     0.22017441E-02
     7.19200     0.21073900E-02
     7.19600     0.20170075E-02
     7.20000     0.19304321E-02
     7.20400     0.18475060E-02
     7.20800     0.17680782E-02
     7.21200     0.16920036E-02
     7.21600     0.16191434E-02
     7.22000     0.15493643E-02
     7.22400     0.14825385E-02
     7.22800     0.14185435E-02
     7.23200     0.13572618E-02
     7.23600     0.12985808E-02
     7.24000     0.12423923E-02
     7.24400     0.11885927E-02
     7.24800     0.11370826E-02
     7.25200     0.10877666E-02
     7.25600     0.10405532E-02
     7.26000     0.99535464E-03
     7.26400     0.95208685E-03
     7.26800     0.91066904E-03
     7.27200     0.87102378E-03
     7.27600     0.83307679E-03
     7.28000     0.79675683E-03
     7.28400     0.76199555E-03
     7.28800     0.72872742E-03
     7.29200     0.69688955E-03
     7.29600     0.66642165E-03
     7.30000     0.63726589E-03
     7.30400     0.60936679E-03
     7.30800     0.58267118E-03
     7.31200     0.55712805E-03
     7.31600     0.53268848E-03
     7.32000     0.50930559E-03
     7.32400     0.48693442E-03
     7.32800     0.46553188E-03
     7.33200     0.44505667E-03
     7.33600     0.42546921E-03
     7.34000     0.40673156E-03
     7.34400     0.38880737E-03
     7.34800     0.37166184E-03
     7.35200     0.35526158E-03
     7.35600     0.33957465E-03
     7.36000     0.32457044E-03
     7.36400     0.31021963E-03
     7.36800     0.29649416E-03
     7.37200     0.28336712E-03
     7.37600     0.27081279E-03
     7.38000     0.25880650E-03
     7.38400     0.24732465E-03
     7.38800     0.23634466E-03
     7.39200     0.22584489E-03
     7.39600     0.21580464E-03
     7.40000     0.20620407E-03
     7.40400     0.19702422E-03
     7.40800     0.18824692E-03
     7.41200     0.17985479E-03
     7.41600     0.17183118E-03
     7.42000     0.16416017E-03
     7.42400     0.15682651E-03
     7.42800     0.14981560E-03
     7.43200     0.14311346E-03
     7.43600     0.13670674E-03
     7.44000     0.13058261E-03
     7.44400     0.12472883E-03
     7.44800     0.11913366E-03
     7.45200     0.11378587E-03
     7.45600     0.10867470E-03
     7.46000     0.10378987E-03
     7.46400     0.99121527E-04
     7.46800     0.94660233E-04
     7.47200     0.90396954E-04
     7.47600     0.86323058E-04
     7.48000     0.82430263E-04
     7.48400     0.78710657E-04
     7.48800     0.75156657E-04
     7.49200     0.71761007E-04
     7.49600     0.68516763E-04
     7.50000     0.65417279E-04
     7.50400     0.62456198E-04
     7.50800     0.59627427E-04
     7.51200     0.56925145E-04
     7.51600     0.54343774E-04
     7.52000     0.51877985E-04
     7.52400     0.49522672E-04
     7.52800     0.47272953E-04
     7.53200     0.45124156E-04
     7.53600     0.43071816E-04
     7.54000     0.41111656E-04
     7.54400     0.39239592E-04
     7.54800     0.37451712E-04
     7.55200     0.35744281E-04
     7.55600     0.34113718E-04
     7.56000     0.32556610E-04
     7.56400     0.31069687E-04
     7.56800     0.29649822E-04
     7.57200     0.28294031E-04
     7.57600     0.26999455E-04
     7.58000     0.25763364E-04
     7.58400     0.24583148E-04
     7.58800     0.23456312E-04
     7.59200     0.22380475E-04
     7.59600     0.21353354E-04
     7.60000     0.20372771E-04
     7.60400     0.19436644E-04
     7.60800     0.18542984E-04
     7.61200     0.17689891E-04
     7.61600     0.16875545E-04
     7.62000     0.16098212E-04
     7.62400     0.15356231E-04
     7.62800     0.14648016E-04
     7.63200     0.13972051E-04
     7.63600     0.13326890E-04
     7.64000     0.12711144E-04
     7.64400     0.12123494E-04
     7.64800     0.11562674E-04
     7.65200     0.11027479E-04
     7.65600     0.10516752E-04
     7.66000     0.10029391E-04
     7.66400     0.95643389E-05
     7.66800     0.91205961E-05
     7.67200     0.86971905E-05
     7.67600     0.82932105E-05
     7.68000     0.79077708E-05
     7.68400     0.75400387E-05
     7.68800     0.71892056E-05
     7.69200     0.68545083E-05
     7.69600     0.65352158E-05
     7.70000     0.62306248E-05
     7.70400     0.59400688E-05
     7.70800     0.56629110E-05
     7.71200     0.53985394E-05
     7.71600     0.51463718E-05
     7.72000     0.49058514E-05
     7.72400     0.46764477E-05
     7.72800     0.44576531E-05
     7.73200     0.42489814E-05
     7.73600     0.40499715E-05
     7.74000     0.38601802E-05
     7.74400     0.36791848E-05
     7.74800     0.35065835E-05
     7.75200     0.33419887E-05
     7.75600     0.31850374E-05
     7.76000     0.30353747E-05
     7.76400     0.28926686E-05
     7.76800     0.27565971E-05
     7.77200     0.26268577E-05
     7.77600     0.25031573E-05
     7.78000     0.23852170E-05
     7.78400     0.22727726E-05
     7.78800     0.21655707E-05
     7.79200     0.20633706E-05
     7.79600     0.19659398E-05
     7.80000     0.18730593E-05
     7.80400     0.17845188E-05
     7.80800     0.17001170E-05
     7.81200     0.16196616E-05
     7.81600     0.15429742E-05
     7.82000     0.14698765E-05
     7.82400     0.14002057E-05
     7.82800     0.13337977E-05
     7.83200     0.12705094E-05
     7.83600     0.12101878E-05
     7.84000     0.11527018E-05
     7.84400     0.10979126E-05
     7.84800     0.10457063E-05
     7.85200     0.99594898E-06
     7.85600     0.94853979E-06
     7.86000     0.90335855E-06
     7.86400     0.86031049E-06
     7.86800     0.81929096E-06
     7.87200     0.78020564E-06
     7.87600     0.74296919E-06
     7.88000     0.70748596E-06
     7.88400     0.67368603E-06
     7.88800     0.64147857E-06
     7.89200     0.61079950E-06
     7.89600     0.58157155E-06
     7.90000     0.55372682E-06
     7.90400     0.52720414E-06
     7.90800     0.50193739E-06
     7.91200     0.47787095E-06
     7.91600     0.45494662E-06
     7.92000     0.43310963E-06
     7.92400     0.41231460E-06
     7.92800     0.39250376E-06
     7.93200     0.37363607E-06
     7.93600     0.35566697E-06
     7.94000     0.33855679E-06
     7.94400     0.32225715E-06
     7.94800     0.30673669E-06
     7.95200     0.29195676E-06
     7.95600     0.27788318E-06
     7.96000     0.26447867E-06
     7.96400     0.25171835E-06
     7.96800     0.23956204E-06
     7.97200     0.22799290E-06
     7.97600     0.21697406E-06
     7.98000     0.20648377E-06
     7.98400     0.19649485E-06
     7.98800     0.18698469E-06
     7.99200     0.17793027E-06
     7.99600     0.16930999E-06
     8.00000     0.16110501E-06
     8.00400     0.15329097E-06
     8.00800     0.14585367E-06
     8.01200     0.13877526E-06
     8.01600     0.13203346E-06
     8.02000     0.12561969E-06
     8.02400     0.11951167E-06
     8.02800     0.11370071E-06
     8.03200     0.10816656E-06
     8.03600     0.10290204E-06
     8.04000     0.97888867E-07
     8.04400     0.93120148E-07
     8.04800     0.88580836E-07
     8.05200     0.84259234E-07
     8.05600     0.80147270E-07
     8.06000     0.76234414E-07
     8.06400     0.72511581E-07
     8.06800     0.68968138E-07
     8.07200     0.65596771E-07
     8.07600     0.62386433E-07
     8.08000     0.59335518E-07
     8.08400     0.56426873E-07
     8.08800     0.53667672E-07
     8.09200     0.51034405E-07
     8.09600     0.48533470E-07
     8.10000     0.46151452E-07
     8.10400     0.43890053E-07
     8.10800     0.41732438E-07
     8.11200     0.39684242E-07
     8.11600     0.37733275E-07
     8.12000     0.35879771E-07
     8.12400     0.34115148E-07
     8.12800     0.32436374E-07
     8.13200     0.30842031E-07
     8.13600     0.29320740E-07
     8.14000     0.27879509E-07
     8.14400     0.26505807E-07
     8.14800     0.25198553E-07
     8.15200     0.23958399E-07
     8.15600     0.22774396E-07
     8.16000     0.21651588E-07
     8.16400     0.20583837E-07
     8.16800     0.19566660E-07
     8.17200     0.18599033E-07
     8.17600     0.17678240E-07
     8.18000     0.16806261E-07
     8.18400     0.15973470E-07
     8.18800     0.15183276E-07
     8.19200     0.14430643E-07
     8.19600     0.13716925E-07
     8.20000     0.13034874E-07
     8.20400     0.12392225E-07
     8.20800     0.11773609E-07
     8.21200     0.11190443E-07
     8.21600     0.10636649E-07
     8.22000     0.10105010E-07
     8.22400     0.96064652E-08
     8.22800     0.91275162E-08
     8.23200     0.86737561E-08
     8.23600     0.82419020E-08
     8.24000     0.78309321E-08
     8.24400     0.74406709E-08
     8.24800     0.70721959E-08
     8.25200     0.67196022E-08
     8.25600     0.63866275E-08
     8.26000     0.60653836E-08
     8.26400     0.57624407E-08
     8.26800     0.54765304E-08
     8.27200     0.52024735E-08
     8.27600     0.49428568E-08
     8.28000     0.46930183E-08
     8.28400     0.44617971E-08
     8.28800     0.42374944E-08
     8.29200     0.40239469E-08
     8.29600     0.38260458E-08
     8.30000     0.36319859E-08
     8.30400     0.34528178E-08
     8.30800     0.32786903E-08
     8.31200     0.31140518E-08
     8.31600     0.29576944E-08
     8.32000     0.28110766E-08
     8.32400     0.26693554E-08
     8.32800     0.25348033E-08
     8.33200     0.24093051E-08
     8.33600     0.22872608E-08
     8.34000     0.21725566E-08
     8.34400     0.20640960E-08
     8.34800     0.19617810E-08
     8.35200     0.18625735E-08
     8.35600     0.17688207E-08
     8.36000     0.16802080E-08
     8.36400     0.15954454E-08
     8.36800     0.15138178E-08
     8.37200     0.14381757E-08
     8.37600     0.13663455E-08
     8.38000     0.12969144E-08
     8.38400     0.12335258E-08
     8.38800     0.11691981E-08
     8.39200     0.11119030E-08
     8.39600     0.10538538E-08
     8.40000     0.10020100E-08
     8.40400     0.95106396E-09
     8.40800     0.90230273E-09
     8.41200     0.86011557E-09
     8.41600     0.81197366E-09
     8.42000     0.77584201E-09
     8.42400     0.73466985E-09
     8.42800     0.69610563E-09
     8.43200     0.66350255E-09
     8.43600     0.62793322E-09
     8.44000     0.59633589E-09
     8.44400     0.56706531E-09
     8.44800     0.53841041E-09
     8.45200     0.51082787E-09
     8.45600     0.48578292E-09
     8.46000     0.46185139E-09
     8.46400     0.43815502E-09
     8.46800     0.41371952E-09
     8.47200     0.39492742E-09
     8.47600     0.37451259E-09
     8.48000     0.35593303E-09
     8.48400     0.33867767E-09
     8.48800     0.31947681E-09
     8.49200     0.30409340E-09
     8.49600     0.28953235E-09
     8.50000     0.27499740E-09
     8.50400     0.26114519E-09
     8.50800     0.24706296E-09
     8.51200     0.23526825E-09
     8.51600     0.22336435E-09
     8.52000     0.21178505E-09
     8.52400     0.20128548E-09
     8.52800     0.19072884E-09
     8.53200     0.18150844E-09
     8.53600     0.17076804E-09
     8.54000     0.16318447E-09
     8.54400     0.15658186E-09
     8.54800     0.14747609E-09
     8.55200     0.13890417E-09
     8.55600     0.13381008E-09
     8.56000     0.12588131E-09
     8.56400     0.11881343E-09
     8.56800     0.11343977E-09
     8.57200     0.10728845E-09
     8.57600     0.10141976E-09
     8.58000     0.96143605E-10
     8.58400     0.91877085E-10
     8.58800     0.86388838E-10
     8.59200     0.81894783E-10
     8.59600     0.78764610E-10
     8.60000     0.72926764E-10
     8.60400     0.68616229E-10
     8.60800     0.67297612E-10
     8.61200     0.62823147E-10
     8.61600     0.58025187E-10
     8.62000     0.57021259E-10
     8.62400     0.53070754E-10
     8.62800     0.48378885E-10
     8.63200     0.46593516E-10
     8.63600     0.44948711E-10
     8.64000     0.40566424E-10
     8.64400     0.38898080E-10
     8.64800     0.37567975E-10
     8.65200     0.33749358E-10
     8.65600     0.31677399E-10
     8.66000     0.31864429E-10
     8.66400     0.29612835E-10
     8.66800     0.27643640E-10
     8.67200     0.26310687E-10
     8.67600     0.25791775E-10
     8.68000     0.24238225E-10
     8.68400     0.23145945E-10
     8.68800     0.19993612E-10
     8.69200     0.18993775E-10
     8.69600     0.19465679E-10
     8.70000     0.16220630E-10
     8.70400     0.17265325E-10
     8.70800     0.17223547E-10
     8.71200     0.12592252E-10
     8.71600     0.13360645E-10
     8.72000     0.13049008E-10
     8.72400     0.11559262E-10
     8.72800     0.10190500E-10
     8.73200     0.96174593E-11
     8.73600     0.83485199E-11
     8.74000     0.81725660E-11
     8.74400     0.69733518E-11
     8.74800     0.55369634E-11
     8.75200     0.72538708E-11
     8.75600     0.74854564E-11
     8.76000     0.52701153E-11
     8.76400     0.63425646E-11
     8.76800     0.52590469E-11
     8.77200     0.52292998E-11
     8.77600     0.44324938E-11
     8.78000     0.52811904E-11
     8.78400     0.47616827E-11
     8.78800     0.51411748E-11
     8.79200     0.46288927E-11
     8.79600     0.34498794E-11
     8.80000     0.40152586E-11
     8.80400     0.32687982E-11
     8.80800     0.48181776E-11
     8.81200     0.52074672E-11
     8.81600     0.42605922E-11
     8.82000     0.37590551E-11
     8.82400     0.59041687E-11
     8.82800     0.44294224E-11
     8.83200     0.29645868E-11
     8.83600     0.42836103E-11
     8.84000     0.49134364E-11
     8.84400     0.38439728E-11
     8.84800     0.32276632E-11
     8.85200     0.56206234E-11
     8.85600     0.47398769E-11
     8.86000     0.56439274E-11
     8.86400     0.77452833E-11
     8.86800     0.70329086E-11
     8.87200     0.65998879E-11
     8.87600     0.82278530E-11
     8.88000     0.78304059E-11
     8.88400     0.55293500E-11
     8.88800     0.90315339E-11
     8.89200     0.83950945E-11
     8.89600     0.80942581E-11
     8.90000     0.91243333E-11
     8.90400     0.82362339E-11
     8.90800     0.81853158E-11
     8.91200     0.79967689E-11
     8.91600     0.87239925E-11
     8.92000     0.77276191E-11
     8.92400     0.82994324E-11
     8.92800     0.10155396E-10
     8.93200     0.71601163E-11
     8.93600     0.86319013E-11
     8.94000     0.87278774E-11
     8.94400     0.67353956E-11
     8.94800     0.78916049E-11
     8.95200     0.98639431E-11
     8.95600     0.64186088E-11
     8.96000     0.69497187E-11
     8.96400     0.91770664E-11
     8.96800     0.11061064E-10
     8.97200     0.89679448E-11
     8.97600     0.70824916E-11
     8.98000     0.76986668E-11
     8.98400     0.72846545E-11
     8.98800     0.66751880E-11
     8.99200     0.53824107E-11
     8.99600     0.58574982E-11
     9.00000     0.60881911E-11
