  -516.561975005580      -5.148983475559615E-189  8.886925277059272E-189
  -515.769094000199       2.031662143830011E-162  5.344019798266901E-162
  -514.976212994818       5.558048939214578E-161  1.981588694113638E-161
  -514.183331989437       3.128956783587126E-160 -1.745861331773879E-160
  -513.390450984057       3.816130639230017E-160 -1.759709026456793E-159
  -512.597569978676      -4.983954756907268E-159 -6.663255990356874E-159
  -511.804688973295      -3.688920862348258E-158 -2.043305716152824E-159
  -511.011807967914      -1.067454094279376E-157  1.201268176514540E-157
  -510.218926962534       1.415741148915857E-157  6.750607067557869E-157
  -509.426045957153       2.700446529407399E-156  1.117289876120144E-156
  -508.633164951772       9.909119389354304E-156 -7.082562618414724E-156
  -507.840283946391      -5.133596244174996E-156 -4.938450155963139E-155
  -507.047402941010      -1.830076710913597E-154 -7.206781235128548E-155
  -506.254521935630      -5.505622982691687E-154  5.129945833149900E-154
  -505.461640930249       8.981061109419769E-154  2.616718740492559E-153
  -504.668759924868       9.715284288936396E-153  6.941455245549669E-154
  -503.875878919487       1.471249224424010E-152 -2.930959442009341E-152
  -503.082997914107      -6.890229929508713E-152 -8.016195256240957E-152
  -502.290116908726      -3.122763027301111E-151  9.776416787678000E-152
  -501.497235903345      -1.196342165241661E-151  9.708327437117589E-151
  -500.704354897964       2.387202610590720E-150  1.546665039868538E-150
  -499.911473892583       7.074540555636183E-150 -3.979988296289825E-150
  -499.118592887203       1.090375224198049E-151 -2.295494985945429E-149
  -498.325711881822      -5.520472655346285E-149 -3.428616900497227E-149
  -497.532830876441      -1.688514713859866E-148  7.798814091720947E-149
  -496.739949871060      -9.508007179423290E-149  5.346145214691176E-148
  -495.947068865680       1.130515322652421E-147  1.173087803646517E-147
  -495.154187860299       5.008392719355242E-147 -6.487971761537353E-148
  -494.361306854918       7.909324794752158E-147 -1.416215509078206E-146
  -493.568425849537      -2.270008539701870E-146 -4.898568981561043E-146
  -492.775544844156      -1.829435584962216E-145 -3.186338602728948E-146
  -491.982663838776      -4.465436615733740E-145  4.811262673111165E-145
  -491.189782833395       6.664681663675669E-145  2.270088272309965E-144
  -490.396901828014       8.425378063465111E-144  1.771658112670928E-144
  -489.604020822633       1.900176126095227E-143 -2.485141453834515E-143
  -488.811139817252      -5.572600179763764E-143 -9.736091553115689E-143
  -488.018258811872      -3.870664690857920E-142  6.492564101570429E-143
  -487.225377806491      -1.963796779615549E-142  1.311007824409149E-141
  -486.432496801110       3.889059052202290E-141  1.797714998605441E-141
  -485.639615795729       8.448503247565866E-141 -1.009248320029928E-140
  -484.846734790349      -2.219416918854380E-140 -3.118418097437963E-140
  -484.053853784968      -9.851653390948200E-140  3.702789188170858E-140
  -483.260972779587       2.308649123017165E-140  2.731515529041763E-139
  -482.468091774206       6.633665756610812E-139  1.475173310393987E-139
  -481.675210768825       8.584899292907430E-139 -1.368511821835548E-138
  -480.882329763445      -2.168076239439479E-138 -3.021571031323321E-138
  -480.089448758064      -8.248837712338066E-138  1.515659439023650E-138
  -479.296567752683      -5.804499167796438E-138  1.784645153479244E-137
  -478.503686747302       2.735285543622223E-137  3.215549752128273E-137
  -477.710805741921       9.619580014673297E-137 -9.791606275457043E-138
  -476.917924736541       1.187735279479106E-136 -1.947722652964812E-136
  -476.125043731160      -1.853845251276057E-136 -5.282361237433754E-136
  -475.332162725779      -1.339863323403404E-135 -5.254560802437974E-136
  -474.539281720398      -3.465995383379817E-135  1.772188608014393E-135
  -473.746400715018      -2.763574932716723E-135  1.073982330791353E-134
  -472.953519709637       1.894239446615952E-134  2.726820038786147E-134
  -472.160638704256       1.035936815216824E-133  8.322596051273323E-135
  -471.367757698875       2.257672524917524E-133 -2.507891263173966E-133
  -470.574876693494      -2.535724843811655E-133 -1.096223963307277E-132
  -469.781995688114      -3.595955870748874E-132 -1.256039246535179E-132
  -468.989114682733      -9.718330058828050E-132  8.532504947744980E-132
  -468.196233677352       1.094471010960696E-131  4.210665387696734E-131
  -467.403352671971       1.413528022420694E-130  2.395997012798075E-131
  -466.610471666591       2.405799055488993E-130 -3.899883777232168E-130
  -465.817590661210      -8.659541991205256E-130 -1.111681889944424E-129
  -465.024709655829      -3.931428501830199E-129  1.318780977304609E-129
  -464.231828650448      -8.994891059249350E-131  1.164433928767159E-128
  -463.438947645067       2.938182071721624E-128  1.052603890240332E-128
  -462.646066639687       5.137063554720429E-128 -6.143689796177754E-128
  -461.853185634306      -9.413458851846353E-128 -1.740327435168161E-127
  -461.060304628925      -4.728775560739513E-127  3.925432525720019E-128
  -460.267423623544      -4.039987135017329E-127  1.039775599345765E-126
  -459.474542618163       1.680637006564972E-126  1.982727542787965E-126
  -458.681661612783       5.992191129338334E-126 -9.793435880549259E-127
  -457.888780607402       5.871042222196554E-126 -1.312555792624341E-125
  -457.095899602021      -1.766829209052969E-125 -3.006190512174648E-125
  -456.303018596640      -8.673187112267996E-125 -1.011760378661428E-125
  -455.510137591260      -1.602338203073116E-124  1.610563315283357E-124
  -454.717256585879       6.923781434250807E-125  6.123944248418094E-124
  -453.924375580498       1.477588731462692E-123  9.272752470167099E-124
  -453.131494575117       4.829327325260554E-123 -1.765339794632974E-123
  -452.338613569736       4.439605284787449E-123 -1.507014487225578E-122
  -451.545732564356      -3.102284029426949E-122 -3.847085287908368E-122
  -450.752851558975      -1.577271093796776E-121  1.750986656048831E-122
  -449.959970553594      -2.081184327662888E-121  4.712167425443439E-121
  -449.167089548213       1.040842942118489E-120  1.309634934634951E-120
  -448.374208542832       5.237294527872806E-120 -1.227378607300964E-120
  -447.581327537452       2.913844690018561E-120 -1.670958486757355E-119
  -446.788446532071      -4.453047006173202E-119 -2.685959658887025E-119
  -445.995565526690      -1.194315583710040E-118  9.718895503728065E-119
  -445.202684521309       1.520183195767681E-118  4.110242400152920E-118
  -444.409803515929       1.195464689303422E-117 -3.796555456556814E-119
  -443.616922510548       9.086960638813029E-118 -2.996132747845288E-117
  -442.824041505167      -6.349212164306977E-117 -4.668754712435222E-117
  -442.031160499786      -1.608468483830460E-116  1.042798357675346E-116
  -441.238279494405       8.324082905029737E-117  4.459273226142602E-116
  -440.445398489025       1.022826385786546E-115  2.506590526726908E-116
  -439.652517483644       1.563588177512301E-115 -1.847616153299010E-115
  -438.859636478263      -2.004639010837971E-115 -5.186531659488598E-115
  -438.066755472882      -1.270752085477342E-114 -2.137763934517712E-115
  -437.273874467502      -2.034940134708294E-114  2.255444158720127E-114
  -436.480993462121       1.766915585229892E-114  7.120040631060345E-114
  -435.688112456740       1.701567733594325E-113  6.584209509844978E-114
  -434.895231451359       3.926629546301566E-113 -2.562890450980214E-113
  -434.102350445978       5.913657155675499E-114 -1.245505232806536E-112
  -433.309469440598      -2.693308560690510E-112 -2.121374517956531E-112
  -432.516588435217      -9.293666483137204E-112  2.851690727345838E-112
  -431.723707429836      -8.027237445308941E-112  2.714275122433771E-111
  -430.930826424455       5.574788490485854E-111  6.303195615284419E-111
  -430.137945419075       2.489169302694134E-110 -4.920935458173281E-111
  -429.345064413694       2.287273267635195E-110 -7.356762191462554E-110
  -428.552183408313      -1.686269522000103E-109 -1.619581721829574E-109
  -427.759302402932      -6.556727099867389E-109  2.568039927123506E-109
  -426.966421397551      -6.341049114903531E-110  2.090140155484507E-108
  -426.173540392171       5.585908784054498E-108  2.424953315671319E-108
  -425.380659386790       1.205266517524840E-107 -1.243668730503155E-107
  -424.587778381409      -2.104306432770269E-107 -4.311453248379968E-107
  -423.794897376028      -1.284768436414257E-106  1.470493729246192E-107
  -423.002016370648      -7.580065794913122E-107  3.307577148190103E-106
  -422.209135365267       7.315921667297508E-106  4.680881643025158E-106
  -421.416254359886       1.733667159819321E-105 -1.313521200464894E-105
  -420.623373354505      -1.490409379338306E-105 -5.139318780155942E-105
  -419.830492349124      -1.292782006613421E-104 -1.285396543077970E-105
  -419.037611343744      -1.490585753593733E-104  2.749529411819836E-104
  -418.244730338363       4.599908251071071E-104  5.924705405007728E-104
  -417.451849332982       1.751746111137182E-103 -4.127757964169793E-104
  -416.658968327601       9.044055200719696E-104 -4.240733651979287E-103
  -415.866087322220      -8.301158552118665E-103 -6.463301851441279E-103
  -415.073206316840      -2.317958023681718E-102  1.123253375996661E-102
  -414.280325311459      -6.189210605859163E-104  6.370294528424769E-102
  -413.487444306078       1.419381245095127E-101  7.209839576191176E-102
  -412.694563300697       3.210802437187946E-101 -2.414047873944192E-101
  -411.901682295317      -1.988993382092603E-101 -1.002475740201456E-100
  -411.108801289936      -2.539384166631116E-100 -6.295414512156861E-101
  -410.315920284555      -4.173298799239361E-100  5.268610439042829E-100
  -409.523039279174       8.090199529742405E-100  1.526644452542392E-099
  -408.730158273793       4.413392310704695E-099 -3.878104603999065E-100
  -407.937277268413       3.319439477448715E-099 -1.079904722486839E-098
  -407.144396263032      -2.237297378629714E-098 -1.776408465044508E-098
  -406.351515257651      -6.133623688854758E-098  3.664353696493349E-098
  -405.558634252270       3.281842361323239E-098  1.732917942347569E-097
  -404.765753246890       4.237900192096235E-097  6.683974564307554E-098
  -403.972872241509       4.875385819710142E-097 -9.041961555805686E-097
  -403.179991236128      -1.634066448056215E-096 -1.784384248838096E-096
  -402.387110230747      -5.145249298247822E-096  2.222028521702823E-096
  -401.594229225366       9.292736478358257E-097  1.273459001296922E-095
  -400.801348219986       2.762132156212378E-095  7.494721707967163E-096
  -400.008467214605       3.604914392910435E-095 -5.184848985400329E-095
  -399.215586209224      -7.909600159065814E-095 -1.121721613169009E-094
  -398.422705203843      -2.844571212582845E-094  7.474620488624771E-095
  -397.629824198462      -6.822665274426760E-095  6.182260043348835E-094
  -396.836943193082       1.148015920838605E-093  6.092978094635085E-094
  -396.044062187701       2.068680791665909E-093 -1.715435674857029E-093
  -395.251181182320      -1.564727525776533E-093 -5.281148555318553E-093
  -394.458300176939      -1.111604542543160E-092 -1.463966583930509E-093
  -393.665419171558      -1.216905510574655E-092  1.918142515216058E-092
  -392.872538166178       2.420707958413138E-092  3.901580804021807E-092
  -392.079657160797       9.244639672025285E-092 -8.298442257301323E-093
  -391.286776155416       7.176118741708721E-092 -1.738945458024489E-091
  -390.493895150035      -2.422558644425975E-091 -2.968928675681731E-091
  -389.701014144655      -7.739758035169667E-091  1.382626150199861E-091
  -388.908133139274      -5.453245918160853E-091  1.534180560964509E-090
  -388.115252133893       2.203074577636967E-090  2.601352196821840E-090
  -387.322371128512       7.118902799351613E-090 -1.226183970568369E-090
  -386.529490123131       5.519813009352760E-090 -1.448705555283950E-089
  -385.736609117751      -2.099975451411319E-089 -2.634891624387067E-089
  -384.943728112370      -7.334027648538865E-089  1.056372150026644E-089
  -384.150847106989      -6.100938652080360E-089  1.528983112947363E-088
  -383.357966101608       2.312962971810229E-088  2.870031567740191E-088
  -382.565085096228       8.161783671889058E-088 -1.465280290315977E-088
  -381.772204090847       5.687620684721832E-088 -1.778565095337440E-087
  -380.979323085466      -2.972127830729511E-087 -2.955760994242623E-087
  -380.186442080085      -8.840552631937161E-087  3.012717347771778E-087
  -379.393561074704      -2.454875236549019E-087  2.042443053686194E-086
  -378.600680069324       3.783348625641828E-086  2.366104525481590E-086
  -377.807799063943       7.962912385758079E-086 -5.189450166503548E-086
  -377.014918058562      -2.837216838908499E-086 -1.963628510925765E-085
  -376.222037053181      -3.879906234554072E-085 -1.181170191731466E-085
  -375.429156047801      -5.507107625227277E-085  5.972378218324005E-085
  -374.636275042420       5.641618404354135E-085  1.494810806999964E-084
  -373.843394037039       3.071573727922108E-084  3.847250540902456E-085
  -373.050513031658       3.518833329406952E-084 -4.780120972521461E-084
  -372.257632026277      -4.399237804536325E-084 -1.043778950076653E-083
  -371.464751020897      -2.134671205280966E-083 -3.607195901599194E-084
  -370.671870015516      -2.882514354092353E-083  3.016859617144708E-083
  -369.878989010135       1.506809248864120E-083  8.024872557778111E-083
  -369.086108004754       1.462381794130641E-082  7.263760932808512E-083
  -368.293226999373       3.030874220570559E-082 -1.441607527090952E-082
  -367.500345993993       1.657160891086329E-082 -6.928230326308896E-082
  -366.707464988612      -9.500306248657052E-082 -1.245221210558966E-081
  -365.914583983231      -3.570557270175691E-081 -1.068597671742227E-082
  -365.121702977850      -5.444059693139750E-081  6.457728244192850E-081
  -364.328821972470       4.493111349946273E-081  2.015620434112464E-080
  -363.535940967089       4.777539068226015E-080  2.045582471082808E-080
  -362.743059961708       1.121794989682320E-079 -7.286244662407249E-080
  -361.950178956327      -8.523207144977848E-081 -3.492622743906227E-079
  -361.157297950946      -8.115369276298781E-079 -4.284021401332803E-079
  -360.364416945566      -1.958135986753334E-078  1.389890547495708E-078
  -359.571535940185       1.172524822407943E-078  6.088555712019401E-078
  -358.778654934804       1.534745595630774E-077  3.106705934983997E-078
  -357.985773929423       2.033297373172748E-077 -3.254583079067704E-077
  -357.192892924042      -5.685281288803964E-077 -7.066652448237081E-077
  -356.400011918662      -1.928094499215178E-076  7.205975477766474E-077
  -355.607130913281       1.940314537154588E-077  4.472074951826487E-076
  -354.814249907900       8.979232141736774E-076  2.534975137234621E-076
  -354.021368902519       1.066364554033792E-075 -1.534630351235547E-075
  -353.228487897139      -2.068138267099947E-075 -2.963382366115722E-075
  -352.435606891758      -6.619035931786404E-075  1.521443146500719E-075
  -351.642725886377      -2.384868436909859E-075  1.227758481395340E-074
  -350.849844880996       1.817085577812383E-074  1.373161336504637E-074
  -350.056963875615       3.763754350976064E-074 -1.726967565742725E-074
  -349.264082870235       7.559855429563940E-075 -7.551233670196159E-074
  -348.471201864854      -1.115247406382500E-073 -8.694635376413797E-074
  -347.678320859473      -2.562291188166451E-073  8.488020240394912E-074
  -346.885439854092      -1.504016704750251E-073  5.089591269293043E-073
  -346.092558848712       6.669683133197308E-073  8.475418718443541E-073
  -345.299677843331       2.264490536701614E-072 -1.133754489102720E-073
  -344.506796837950       2.603355217038780E-072 -4.178398670783151E-072
  -343.713915832569      -4.529340084175866E-072 -1.001956040639673E-071
  -342.921034827188      -2.486452417678619E-071 -3.478105959053202E-072
  -342.128153821808      -3.617610085316933E-071  4.551440785199330E-071
  -341.335272816427       5.277992464563691E-071  1.245903760644213E-070
  -340.542391811046       3.128052108196518E-070  1.975925539182246E-071
  -339.749510805665       3.394492001245869E-070 -6.301457386028952E-070
  -338.956629800285      -9.969211742259286E-070 -1.248083237684732E-069
  -338.163748794904      -3.310850922313828E-069  9.987917126193633E-070
  -337.370867789523      -5.391935615880244E-070  7.203497061462711E-069
  -336.577986784142       1.313852452112086E-068  6.165663525028909E-069
  -335.785105778761       2.029303975065583E-068 -1.933943144211722E-068
  -334.992224773381      -1.905014512655507E-068 -4.856350481916550E-068
  -334.199343768000      -9.390513593636410E-068 -3.756868529671836E-069
  -333.406462762619      -7.742943869186134E-068  1.458065928807465E-067
  -332.613581757238       1.597157153784439E-067  2.365050670284405E-067
  -331.820700751857       4.897273845057236E-067 -3.000252665158973E-068
  -331.027819746477       4.191305594691783E-067 -7.378551441137404E-067
  -330.234938741096      -6.273476693581855E-067 -1.355349850823584E-066
  -329.442057735715      -2.635626773015963E-066 -6.036887510168470E-067
  -328.649176730334      -4.026001557664072E-066  3.103050604365532E-066
  -327.856295724954      -5.267069706875923E-067  9.981571010681755E-066
  -327.063414719573       1.481739585337654E-065  1.439270793058952E-065
  -326.270533714192       4.477786572392957E-065 -3.844140290268701E-066
  -325.477652708811       5.905219608516682E-065 -8.413477248126623E-065
  -324.684771703430      -7.036844924611772E-065 -2.357236993488736E-064
  -323.891890698050      -5.766604559512914E-064 -2.032340813118729E-064
  -323.099009692669      -1.242297715438105E-063  9.475021770097247E-064
  -322.306128687288       5.093342863250300E-064  4.023563139490527E-063
  -321.513247681907       9.942887600638568E-063  3.538822758098003E-063
  -320.720366676527       1.855424273803526E-062 -1.983079589257825E-062
  -319.927485671146      -3.042850037117102E-062 -6.101939939345260E-062
  -319.134604665765      -1.630614788552590E-061  2.532572041714138E-062
  -318.341723660384      -4.417929212473999E-062  3.784125292287112E-061
  -317.548842655003       7.792113747670958E-061  2.932504338512486E-061
  -316.755961649623       9.538823584520500E-061 -1.423748342232233E-060
  -315.963080644242      -2.260050506221308E-060 -2.428434584086529E-060
  -315.170199638861      -5.298244982483431E-060  2.920460113589791E-060
  -314.377318633480       2.382393317845610E-060  1.017201741862887E-059
  -313.584437628099       1.716342535322954E-059  1.433249547250870E-060
  -312.791556622719       1.181253001184041E-059 -2.472108659920028E-059
  -311.998675617338      -2.766524482473625E-059 -3.238432082085726E-059
  -311.205794611957      -6.387950902695416E-059  1.495480195427925E-059
  -310.412913606576      -3.058194184690669E-059  9.685024102507878E-059
  -309.620032601196       9.995984028260902E-059  1.251844756432155E-058
  -308.827151595815       2.605049263701979E-058 -8.894151214773332E-060
  -308.034270590434       2.656516899188557E-058 -3.533120566874403E-058
  -307.241389585053      -1.715758072420645E-058 -7.684193416574492E-058
  -306.448508579672      -1.297584098923086E-057 -7.111046736638040E-058
  -305.655627574292      -2.762242823879243E-057  1.000266298135444E-057
  -304.862746568911      -2.179748989461985E-057  5.750445164563197E-057
  -304.069865563530       6.748077270667965E-057  1.169623787635145E-056
  -303.276984558149       3.060927337681461E-056  3.901065531662026E-057
  -302.484103552769       4.863443439091284E-056 -5.396473448086800E-056
  -301.691222547388      -4.802254936766850E-056 -1.674191778548150E-055
  -300.898341542007      -4.091580784162236E-055 -9.470687092715517E-056
  -300.105460536626      -6.354534068726295E-055  7.796946285906391E-055
  -299.312579531245       1.086328149513402E-054  2.100347499800132E-054
  -298.519698525865       5.368826636147526E-054 -5.816731149992923E-055
  -297.726817520484       2.708213775107143E-054 -1.156758427140684E-053
  -296.933936515103      -2.138022844397887E-053 -1.301539866073027E-053
  -296.141055509722      -3.796406466588242E-053  3.307361016605793E-053
  -295.348174504342       3.829147281589425E-053  8.879285680855547E-053
  -294.555293498961       1.771889296643451E-052 -1.493831324167917E-053
  -293.762412493580       8.172900146929174E-053 -3.040758681281866E-052
  -292.969531488199      -4.336928048727455E-052 -3.236990604941466E-052
  -292.176650482818      -7.942465492286411E-052  4.475580013026576E-052
  -291.383769477438       8.454400725739929E-053  1.519386654771749E-051
  -290.590888472057       2.299105545348538E-051  1.092026546379346E-051
  -289.798007466676       3.585108864464457E-051 -2.397230769153788E-051
  -289.005126461295      -1.313383905209534E-052 -7.474948439555023E-051
  -288.212245455914      -1.117660247923097E-050 -7.333487032600573E-051
  -287.419364450534      -2.308448419650160E-050  9.075269510749640E-051
  -286.626483445153      -1.176370244958674E-050  4.646661182829782E-050
  -285.833602439772       6.250471173790977E-050  7.359062323794613E-050
  -285.040721434391       2.013737847287902E-049 -2.017042266850044E-050
  -284.247840429011       2.030533125632745E-049 -3.898356863805680E-049
  -283.454959423630      -5.080567932079407E-049 -8.413084969945222E-049
  -282.662078418249      -2.242419487886010E-048  7.918132375636659E-050
  -281.869197412868      -2.154668130871466E-048  4.711824843111563E-048
  -281.076316407487       7.928875050460472E-048  8.976233239926164E-048
  -280.283435402107       2.576252323537138E-047 -9.419385562197988E-048
  -279.490554396726      -1.235776651611385E-048 -6.162443785162148E-047
  -278.697673391345      -1.297018306504766E-046 -3.630952341611998E-047
  -277.904792385964      -1.449747394283406E-046  2.443829466634116E-046
  -277.111911380583       4.109913687914523E-046  4.030840714019420E-046
  -276.319030375203       9.412335728226671E-046 -6.004299728511500E-046
  -275.526149369822      -6.984799662795510E-046 -1.949654766596836E-045
  -274.733268364441      -3.655817202033877E-045  4.200257591487099E-046
  -273.940387359060      -8.114420997251302E-046  6.232828175164450E-045
  -273.147506353680       9.577794086029715E-045  3.989382991461283E-045
  -272.354625348299       1.056423427800107E-044 -1.288639085557765E-044
  -271.561744342918      -1.397385341947829E-044 -2.220434551265358E-044
  -270.768863337537      -3.994324563934284E-044  8.405627968929182E-045
  -269.975982332156      -1.121962329347004E-044  6.224358695874439E-044
  -269.183101326776       8.150360141092315E-044  5.495976414458123E-044
  -268.390220321395       1.324902266199855E-043 -7.891347086697970E-044
  -267.597339316014      -1.875902354011845E-044 -2.446354602750601E-043
  -266.804458310633      -3.660869148555313E-043 -1.541746601324542E-043
  -266.011577305253      -5.060345454917555E-043  4.166977207935050E-043
  -265.218696299872       2.230420849906612E-043  1.079907082196303E-042
  -264.425815294491       1.815764740981520E-042  5.172241972846697E-043
  -263.632934289110       2.234938304747316E-042 -2.401698752804555E-042
  -262.840053283729      -2.045250974544927E-042 -5.387474368299376E-042
  -262.047172278349      -1.015043961602995E-041 -8.068309449098567E-043
  -261.254291272968      -8.686357572247318E-042  1.576868660681995E-041
  -260.461410267587       1.945060466550488E-041  2.499886481984693E-041
  -259.668529262206       5.313706909673925E-041 -1.482090708685333E-041
  -258.875648256826       9.720851800048111E-042 -9.416029007524193E-041
  -258.082767251445      -1.423499044425142E-040 -7.177468545082724E-041
  -257.289886246064      -1.929868201640631E-040  1.783444167623528E-040
  -256.497005240683       1.607776323040005E-040  3.915265377745868E-040
  -255.704124235302       6.656745420891447E-040 -1.979547261522847E-041
  -254.911243229922       3.403668293552268E-040 -9.663694777222018E-040
  -254.118362224541      -1.161061948715113E-039 -1.018114662646885E-039
  -253.325481219160      -2.056122645284114E-039  1.000899466390802E-039
  -252.532600213779       1.188720271419002E-040  3.337044487416150E-039
  -251.739719208398       4.439620066930482E-039  1.894547438666426E-039
  -250.946838203018       5.278924236928381E-039 -4.500127635063393E-039
  -250.153957197637      -2.187890096806870E-039 -9.708013772722307E-039
  -249.361076192256      -1.373273370665870E-038 -4.018191379134893E-039
  -248.568195186875      -1.501174299856245E-038  1.424364396834677E-038
  -247.775314181495       6.397391961746372E-039  2.951373905806022E-038
  -246.982433176114       4.190544674575786E-038  1.522527723433655E-038
  -246.189552170733       5.325032350950684E-038 -4.021744759417993E-038
  -245.396671165352      -6.169993282432764E-039 -1.012086553431730E-037
  -244.603790159971      -1.348692134617799E-037 -7.948362071345072E-038
  -243.810909154591      -2.222161426688398E-037  1.047184221840478E-037
  -243.018028149210      -6.203470946044547E-038  3.867475059962214E-037
  -242.225147143829       4.608127584263947E-037  4.356761114870652E-037
  -241.432266138448       1.016635602029321E-036 -2.258320855446311E-037
  -240.639385133067       6.276111423161399E-037 -1.614600493587559E-036
  -239.846504127687      -1.688365196798513E-036 -2.375203982504556E-036
  -239.053623122306      -4.944575748838184E-036  2.199257169830703E-037
  -238.260742116925      -4.205235286295568E-036  7.355137871483295E-036
  -237.467861111544       6.970868940248756E-036  1.281815372265934E-035
  -236.674980106164       2.521075716229320E-035  1.112739708424655E-036
  -235.882099100783       2.378442217142500E-035 -3.671987945486033E-035
  -235.089218095402      -3.484739033862456E-035 -6.741259969399251E-035
  -234.296337090021      -1.313792448371241E-034 -3.957863919475689E-036
  -233.503456084640      -1.138935826776543E-034  1.962057227750671E-034
  -232.710575079260       2.067673073731577E-034  3.299923575879812E-034
  -231.917694073879       6.610855505492686E-034 -5.582456497610415E-035
  -231.124813068498       4.186120562799902E-034 -1.038560154894708E-033
  -230.331932063117      -1.241619411631540E-033 -1.397537557989867E-033
  -229.539051057737      -2.972803946854000E-033  8.192639443219412E-034
  -228.746170052356      -9.359023405829936E-034  4.934584656473381E-033
  -227.953289046975       6.452858231377725E-033  4.859535769769882E-033
  -227.160408041594       1.148801365011105E-032 -5.731457599493404E-033
  -226.367527036213       1.404839962746438E-034 -2.019001990975447E-032
  -225.574646030833      -2.783670354766319E-032 -1.471196979873991E-032
  -224.781765025452      -4.045073366588748E-032  2.732092398184280E-032
  -223.988884020071       6.853865577317129E-033  7.515710694673046E-032
  -223.196003014690       1.063664695494565E-031  4.815342410732980E-032
  -222.403122009309       1.479446688498887E-031 -1.049674594497746E-031
  -221.610241003929      -2.189755041083885E-032 -2.831615484902412E-031
  -220.817359998548      -4.004267963532776E-031 -2.043299458828244E-031
  -220.024478993167      -6.173202182436079E-031  3.732700367482103E-031
  -219.231597987786      -1.599401526509890E-032  1.175944701113948E-030
  -218.438716982406       1.642792592697474E-030  1.050601829542052E-030
  -217.645835977025       2.956630737356795E-030 -1.440281317167325E-030
  -216.852954971644       4.696903804042960E-031 -5.615779359955338E-030
  -216.060073966263      -8.057050882344081E-030 -5.555884630315140E-030
  -215.267192960882      -1.532112139832352E-029  7.735530555105070E-030
  -214.474311955502      -2.414798213026328E-031  3.024589042949009E-029
  -213.681430950121       4.778494637327206E-029  2.351932701788443E-029
  -212.888549944740       7.175888126046122E-029 -5.932731704208662E-029
  -212.095668939359      -4.655209016408661E-029 -1.536467879579330E-028
  -211.302787933979      -2.704514783822764E-028 -2.144383936498348E-029
  -210.509906928598      -1.875534130663868E-028  4.054615402995130E-028
  -209.717025923217       5.102917597702428E-028  4.985779485025668E-028
  -208.924144917836       9.851140886808552E-028 -4.921950103392585E-028
  -208.131263912455      -2.110967642136421E-028 -1.626525498535795E-027
  -207.338382907075      -2.303643655454553E-027 -5.000643482488065E-028
  -206.545501901694      -1.775787949327389E-027  2.752587887876399E-027
  -205.752620896313       2.548735214814941E-027  3.608409750007281E-027
  -204.959739890932       5.696140938719354E-027 -1.166411213985032E-027
  -204.166858885551       1.832558092965723E-027 -7.293369938762080E-027
  -203.373977880171      -7.161948961614888E-027 -6.446543684178692E-027
  -202.581096874790      -1.174872560142804E-026  3.778910279790583E-027
  -201.788215869409      -4.020338072494014E-027  1.542953051915574E-026
  -200.995334864028       1.371840653045341E-026  1.585461198814575E-026
  -200.202453858648       2.819869087135433E-026 -2.235019408519275E-027
  -199.409572853267       2.160278392401456E-026 -3.298565100809344E-026
  -198.616691847886      -1.772405513695727E-026 -5.425253552281518E-026
  -197.823810842505      -8.033699842308774E-026 -3.080882261820994E-026
  -197.030929837124      -1.168993030731097E-025  6.786266225744840E-026
  -196.238048831744      -3.066421880475379E-026  2.187147308044878E-025
  -195.445167826363       2.651521330713127E-025  2.633014782953428E-025
  -194.652286820982       6.402740440786124E-025 -1.145034634621676E-025
  -193.859405815601       4.478150040413004E-025 -1.064708024827703E-024
  -193.066524810221      -1.234941004119903E-024 -1.664460840987237E-024
  -192.273643804840      -3.679428329815035E-024  5.418351206635289E-025
  -191.480762799459      -1.982438392879006E-024  6.300805493259949E-024
  -190.687881794078       8.656233000021723E-024  7.568060405427643E-024
  -189.895000788697       1.733801235142695E-023 -8.812930975193780E-024
  -189.102119783317      -3.542029971677733E-024 -3.155139592971666E-023
  -188.309238777936      -4.844282764847083E-023 -1.146456101270808E-023
  -187.516357772555      -4.052035840600225E-023  6.286680055938109E-023
  -186.723476767174       6.532209871853990E-023  8.564305327425398E-023
  -185.930595761794       1.429581474241372E-022 -4.237384573200498E-023
  -185.137714756413       2.017777949844918E-023 -1.984546266370283E-022
  -184.344833751032      -2.249194932705754E-022 -1.301516422647259E-022
  -183.551952745651      -2.776683186437278E-022  1.833314594570432E-022
  -182.759071740270       3.310838095287069E-023  4.218897905195654E-022
  -181.966190734890       4.820255182027363E-022  2.447783791521619E-022
  -181.173309729509       6.113228899724531E-022 -3.437354878632966E-022
  -180.380428724128       1.040904634616603E-022 -9.274712768345549E-022
  -179.587547718747      -9.283270638861423E-022 -8.883042587229837E-022
  -178.794666713366      -1.824069395152086E-021  2.530540915268138E-022
  -178.001785707986      -1.414815150929581E-021  2.367373117534425E-021
  -177.208904702605       1.522697504676329E-021  4.041737199742835E-021
  -176.416023697224       6.751650885165290E-021  2.053806181264534E-021
  -175.623142691843       9.552392615622726E-021 -7.212922522390873E-021
  -174.830261686463      -1.126598206165702E-021 -2.088399452886785E-020
  -174.037380681082      -3.278562876173671E-020 -1.775007018057494E-020
  -173.244499675701      -5.639923868730373E-020  3.626732162578172E-020
  -172.451618670320       1.400287185958014E-020  1.194216476901457E-019
  -171.658737664939       2.034790296997534E-019  6.100488362133118E-020
  -170.865856659559       2.233254279106730E-019 -2.895044097013614E-019
  -170.072975654178      -3.342558163650235E-019 -5.068497909074328E-019
  -169.280094648797      -9.280417462394733E-019  2.647594645242671E-019
  -168.487213643416      -1.858078057573050E-020  1.460512108002502E-018
  -167.694332638036       2.005340588975408E-018  6.227338858345617E-019
  -166.901451632655       1.619562033930387E-018 -2.368373475054749E-018
  -166.108570627274      -2.263118507847092E-018 -2.977958144974360E-018
  -165.315689621893      -4.480592597309506E-018  1.362731011642397E-018
  -164.522808616512      -5.778101233509321E-019  5.655352556198878E-018
  -163.729927611132       5.775849385366917E-018  3.524420701495077E-018
  -162.937046605751       6.923487973799609E-018 -4.003853044046114E-018
  -162.144165600370       2.577096109168802E-019 -9.510637907135836E-018
  -161.351284594989      -9.336302642632182E-018 -6.782154658629629E-018
  -160.558403589608      -1.380604755930003E-017  4.238109062318454E-018
  -159.765522584228      -7.012823654633344E-018  1.748369993856475E-017
  -158.972641578847       1.206665447186947E-017  2.280895532127724E-017
  -158.179760573466       3.633563527953531E-017  8.389041177137432E-018
  -157.386879568085       4.590617353427035E-017 -3.368257323056267E-017
  -156.593998562705       5.679188875409787E-018 -9.149916306853561E-017
  -155.801117557324      -1.155536178974273E-016 -1.031351622047212E-016
  -155.008236551943      -2.662156188395807E-016  5.801510775846733E-017
  -154.215355546562      -1.764549881893807E-016  4.614750134396052E-016
  -153.422474541181       5.735512942193240E-016  7.099429095525699E-016
  -152.629593535801       1.658453111649096E-015 -3.538754243934127E-016
  -151.836712530420       6.289548272493267E-016 -3.064134894438224E-015
  -151.043831525039      -4.787310327086232E-015 -3.012758834850578E-015
  -150.250950519658      -7.600399967610627E-015  6.365162571042913E-015
  -149.458069514277       6.862301839962647E-015  1.520348864959451E-014
  -148.665188508897       2.632543808459734E-014 -4.761147179433063E-015
  -147.872307503516       2.032943840100990E-015 -4.067297509168721E-014
  -147.079426498135      -5.655762125091498E-014 -1.596447359361421E-014
  -146.286545492754      -3.924445577192032E-014  7.034517970718665E-014
  -145.493664487374       7.620475058610983E-014  7.279487752120139E-014
  -144.700783481993       1.147218379877455E-013 -6.647995665032419E-014
  -143.907902476612      -3.303989959518374E-014 -1.585579782772974E-013
  -143.115021471231      -1.918431503578119E-013 -3.007842836559037E-014
  -142.322140465850      -1.226398696397921E-013  1.959518903224424E-013
  -141.529259460470       1.483242456004966E-013  2.331709223339206E-013
  -140.736378455089       3.340449002892434E-013 -2.827270931566151E-014
  -139.943497449708       1.728624785516483E-013 -3.787810432131119E-013
  -139.150616444327      -3.045747017046135E-013 -4.374446607621014E-013
  -138.357735438947      -7.051133525916667E-013  4.361487802055918E-014
  -137.564854433566      -4.535899051407348E-013  8.584894127503078E-013
  -136.771973428185       7.178461926192320E-013  1.181386358734368E-012
  -135.979092422804       2.030678092876960E-012 -5.352198231613871E-014
  -135.186211417423       1.374992567526345E-012 -2.736529164977974E-012
  -134.393330412043      -2.835693858393276E-012 -3.747360315270955E-012
  -133.600449406662      -7.079458046119585E-012  1.654788957554935E-012
  -132.807568401281      -1.645470455586238E-012  1.110226790115235E-011
  -132.014687395900       1.514999193560719E-011  7.944672485797233E-012
  -131.221806390520       1.793925157974946E-011 -1.809738406695265E-011
  -130.428925385139      -1.839152617629364E-011 -3.182699382777241E-011
  -129.636044379758      -4.894466236448148E-011  1.421768631404345E-011
  -128.843163374377       3.824191488625378E-012  6.745559682841297E-011
  -128.050282368996       8.422777955141064E-011  1.399006208580686E-011
  -127.257401363616       3.925749380930555E-011 -9.504729075837264E-011
  -126.464520358235      -9.525898508600107E-011 -7.019241679201641E-011
  -125.671639352854      -1.027081873631013E-010  8.082821549927677E-011
  -124.878758347473       4.970130978878076E-011  1.303846728441427E-010
  -124.085877342092       1.451735975676823E-010 -3.218783232466119E-012
  -123.292996336712       5.279579190681948E-011 -1.390065266287038E-010
  -122.500115331331      -1.062259200053901E-010 -1.077586124608781E-010
  -121.707234325950      -1.473663527939778E-010  4.643510010826712E-011
  -120.914353320569      -3.297784049187790E-011  1.563057621737800E-010
  -120.121472315189       1.226053250434900E-010  1.156520498309961E-010
  -119.328591309808       1.774778879608725E-010 -4.302017026171401E-011
  -118.535710304427       7.184169819081937E-011 -1.910460322654930E-010
  -117.742829299046      -1.334538808553039E-010 -1.945377437799468E-010
  -116.949948293665      -2.820872445680640E-010 -3.485409748473628E-012
  -116.157067288285      -2.029127214937093E-010  2.833096558839974E-010
  -115.364186282904       1.527877716093076E-010  4.159783968631563E-010
  -114.571305277523       5.624273210377548E-010  1.299632497718972E-010
  -113.778424272142       5.400824232505719E-010 -5.423745614037277E-010
  -112.985543266762      -2.609193340574120E-010 -9.921302803365072E-010
  -112.192662261381      -1.337933878113767E-009 -3.363731956969867E-010
  -111.399781256000      -1.223857033465291E-009  1.384855677160863E-009
  -110.606900250619       9.384262381137824E-010  2.263600441740681E-009
  -109.814019245238       3.195309962924200E-009  1.332135358496354E-010
  -109.021138239858       1.824437949375648E-009 -3.662704961286989E-009
  -108.228257234477      -3.285050915599075E-009 -3.927386073868219E-009
  -107.435376229096      -6.004351847979992E-009  1.771130052055947E-009
  -106.642495223715      -9.431292097318084E-010  7.424463067965596E-009
  -105.849614218334       7.482483341665515E-009  4.569381672873954E-009
  -105.056733212954       8.402828975429666E-009 -5.597533984424586E-009
  -104.263852207573      -1.560690826254212E-009 -1.137008050504325E-008
  -103.470971202192      -1.222436008471735E-008 -4.231248354317143E-009
  -102.678090196811      -1.064312314050307E-008  9.888607100560381E-009
  -101.885209191431       3.895503435463773E-009  1.586263023931866E-008
  -101.092328186050       1.772343218145416E-008  5.184239385316923E-009
  -100.299447180669       1.548032965172284E-008 -1.429794250981257E-008
  -99.5065661752882      -4.676559757870625E-009 -2.389633935220558E-008
  -98.7136851699074      -2.664656056794642E-008 -1.025372602811810E-008
  -97.9208041645266      -2.730431640742887E-008  2.028134039762824E-008
  -97.1279231591459       3.066451604206698E-009  4.105591087660101E-008
  -96.3350421537651       4.474443542039601E-008  2.360299627441823E-008
  -95.5421611483843       5.423068925775227E-008 -3.202559300115409E-008
  -94.7492801430035       5.949722714404477E-010 -7.922732113727242E-008
  -93.9563991376227      -8.633859982702611E-008 -5.120485782475079E-008
  -93.1635181322419      -1.106236755737988E-007  6.363834961086878E-008
  -92.3706371268612       3.758081370636801E-009  1.621828707366058E-007
  -91.5777561214804       1.839427764109319E-007  9.154238506206730E-008
  -90.7848751160996       2.078618062366087E-007 -1.536556996179451E-007
  -89.9919941107188      -5.598253833592679E-008 -3.173387310909950E-007
  -89.1991131053380      -3.819429275096001E-007 -1.095009847471863E-007
  -88.4062320999573      -3.218505892190365E-007  3.614963705298563E-007
  -87.6133510945765       2.257059049800260E-007  5.366386204323982E-007
  -86.8204700891957       6.906438534882753E-007  3.215162196345345E-008
  -86.0275890838149       3.837576141063113E-007 -7.145238357886776E-007
  -85.2347080784341      -5.524428314429086E-007 -7.611608080679382E-007
  -84.4418270730533      -1.063274297543899E-006  1.848931748631308E-007
  -83.6489460676726      -3.515936980461615E-007  1.175600980426394E-006
  -82.8560650622918       1.001727169757825E-006  9.555534030930953E-007
  -82.0631840569110       1.469558488769376E-006 -5.006177259680587E-007
  -81.2703030515302       2.804804397084260E-007 -1.710797345240572E-006
  -80.4774220461494      -1.521170415925294E-006 -1.190116408526230E-006
  -79.6845410407687      -1.985331564942735E-006  8.274547559399383E-007
  -78.8916600353879      -3.048636606275430E-007  2.379352444159316E-006
  -78.0987790300071       2.121248517499098E-006  1.644515863128371E-006
  -77.3058980246263       2.813183896148755E-006 -1.092592314269137E-006
  -76.5130170192455       6.051895823364902E-007 -3.360750818266118E-006
  -75.7201360138647      -2.892688441494728E-006 -2.605787912812775E-006
  -74.9272550084840      -4.306376415636898E-006  1.225968163664040E-006
  -74.1343740031032      -1.468550626484069E-006  4.987317495971255E-006
  -73.3414929977224       4.017148183270308E-006  4.590428167240162E-006
  -72.5486119923416       7.151249233903454E-006 -1.105982105239571E-006
  -71.7557309869608       3.459309127311947E-006 -7.963750147191827E-006
  -70.9628499815800      -5.970897487580746E-006 -8.683229736660098E-006
  -70.1699689761993      -1.291519853915337E-005  6.584595120458500E-007
  -69.3770879708185      -7.553148939249502E-006  1.413953730665055E-005
  -68.5842069654377       1.049428503187801E-005  1.707251675109354E-005
  -67.7913259600569       2.518856628695367E-005 -9.345848482079041E-007
  -66.9984449546761       1.411936503054413E-005 -2.849558353063458E-005
  -66.2055639492953      -2.368852986640969E-005 -3.235982177563038E-005
  -65.4126829439146      -4.960406059989007E-005  8.606991834278772E-006
  -64.6198019385338      -1.671232972988968E-005  6.038428414149580E-005
  -63.8269209331530       5.912295791938697E-005  4.929554630515467E-005
  -63.0340399277722       8.313038223240950E-005 -4.172205576653404E-005
  -62.2411589223914      -7.212659091262904E-006 -1.099350234398993E-004
  -61.4482779170106      -1.208310459411202E-004 -4.101608663177540E-005
  -60.6553969116299      -9.490549502990730E-005  1.086865947332339E-004
  -59.8625159062491       7.062058374185653E-005  1.426958702323504E-004
  -59.0696349008683       1.712508872224670E-004 -9.960357244230376E-006
  -58.2767538954875       6.309075973849094E-005 -1.694200330786008E-004
  -57.4838728901067      -1.317132063621416E-004 -1.326346433916075E-004
  -56.6909918847260      -1.802555608652092E-004  6.126261418570826E-005
  -55.8981108793452      -2.901814333123939E-005  1.897677110145944E-004
  -55.1052298739644       1.525071313114620E-004  1.179132228061661E-004
  -54.3123488685836       1.802729834312612E-004 -7.169447753076604E-005
  -53.5194678632028       3.571768942914449E-005 -1.937000311897149E-004
  -52.7265868578220      -1.461113154037865E-004 -1.409512604393430E-004
  -51.9337058524413      -2.094751288661494E-004  4.207597838488487E-005
  -51.1408248470605      -9.435734953419540E-005  2.104819974210594E-004
  -50.3479438416797       1.277555762458967E-004  2.221596317272582E-004
  -49.5550628362989       2.918079696952040E-004  3.104806370793481E-005
  -48.7621818309181       2.299813245193019E-004 -2.587591408259303E-004
  -47.9693008255373      -9.912126982780238E-005 -4.078986693880747E-004
  -47.1764198201566      -4.901172667281469E-004 -1.766646148855143E-004
  -46.3835388147758      -5.168057739985811E-004  4.073758585268220E-004
  -45.5906578093950       1.183014517899864E-004  8.316671364430176E-004
  -44.7977768040142       1.009499987490099E-003  3.704065749076610E-004
  -44.0048957986334       9.926088733302014E-004 -9.428599108757173E-004
  -43.2120147932526      -5.606285950011760E-004 -1.625671838841678E-003
  -42.4191337878719      -2.110306829778233E-003 -1.423503142952068E-004
  -41.6262527824911      -1.087232918340180E-003  2.285540761179882E-003
  -40.8333717771103       2.032266713255493E-003  2.112701747041913E-003
  -40.0404907717295       3.000089231695823E-003 -1.314888352474072E-003
  -39.2476097663487      -2.087947188271060E-004 -3.520072726796620E-003
  -38.4547287609680      -3.492135558676222E-003 -1.097249542731053E-003
  -37.6618477555872      -2.329903182056157E-003  2.842421173391373E-003
  -36.8689667502064       1.643157015593600E-003  3.189626211535867E-003
  -36.0760857448256       3.428005704089515E-003 -1.187620179656027E-004
  -35.2832047394448       1.389680706209600E-003 -2.925535279024774E-003
  -34.4903237340640      -1.747338263231400E-003 -2.499654813108397E-003
  -33.6974427286833      -2.888413859766080E-003  1.561807076060797E-004
  -32.9045617233025      -1.429555896853747E-003  2.396123869031726E-003
  -32.1116807179217       1.101428877483668E-003  2.531690639600121E-003
  -31.3187997125409       2.744696749130434E-003  6.581176708223923E-004
  -30.5259187071601       2.337947662626226E-003 -1.873570274016554E-003
  -29.7330377017793      -3.806010366827906E-005 -3.310446789622529E-003
  -28.9401566963986      -3.039875990789373E-003 -2.293917751297724E-003
  -28.1472756910178      -4.367931510247437E-003  1.268176970887536E-003
  -27.3543946856370      -1.839641024273081E-003  5.301602185651688E-003
  -26.5615136802562       4.314672034415737E-003  5.640695761353970E-003
  -25.7686326748754       9.084656880344360E-003 -9.798852586334035E-004
  -24.9757516694946       4.571686258614881E-003 -1.091583468579074E-002
  -24.1828706641139      -9.977906847056755E-003 -1.155707698109244E-002
  -23.3899896587331      -1.860703871787845E-002  5.557887496678175E-003
  -22.5971086533523      -2.317821035232310E-003  2.400308597619007E-002
  -21.8042276479715       2.605419567307853E-002  1.272693423241141E-002
  -21.0113466425907       2.390550049331944E-002 -2.353933753774410E-002
  -20.2184656372100      -1.611267303638546E-002 -3.353849759255135E-002
  -19.4255846318292      -3.925050325974713E-002  4.559332297399203E-003
  -18.6327036264484      -9.194053799806760E-003  3.919864601233343E-002
  -17.8398226210676       3.262837023106913E-002  2.236573357057210E-002
  -17.0469416156868       3.188450928167048E-002 -2.024321140515669E-002
  -16.2540606103060      -4.265135633081715E-003 -3.513656872449773E-002
  -15.4611796049253      -3.072738153997742E-002 -1.188169087141402E-002
  -14.6682985995445      -2.425055666147831E-002  1.906046398627093E-002
  -13.8754175941637       2.551193973198575E-003  2.931077014464125E-002
  -13.0825365887829       2.495870097060769E-002  1.464185028146205E-002
  -12.2896555834021       2.738487773020092E-002 -1.136597104328738E-002
  -11.4967745780213       8.567969190706742E-003 -3.073601499164431E-002
  -10.7038935726406      -2.130380152225868E-002 -2.933076758132570E-002
  -9.91101256725978      -4.353942539992814E-002 -1.482094170563985E-003
  -9.11813156187900      -3.448107799017425E-002  4.322617619275004E-002
  -8.32525055649822       2.143708750865531E-002  7.057396893241759E-002
  -7.53236955111743       9.915079645720778E-002  2.620887354882088E-002
  -6.73948854573665       0.100421671656958      -0.107356534874421     
  -5.94660754035587      -8.200076235471961E-002 -0.198013318333149     
  -5.15372653497509      -0.312808097041895       1.204168875224273E-002
  -4.36084552959430      -0.108334039797496       0.437562976336915     
  -3.56796452421352       0.566003911723061       0.276019739299287     
  -2.77508351883274       0.475366244002590      -0.693156918142170     
  -1.98220251345196      -0.812240022001532      -0.677097767313837     
  -1.18932150807117      -0.843704764568155       0.909222051975373     
 -0.396440502690391       0.960883182478890       0.942645978470105     
  0.396440502690391       0.960883182478890      -0.942645978470105     
   1.18932150807117      -0.843704764568155      -0.909222051975373     
   1.98220251345196      -0.812240022001532       0.677097767313837     
   2.77508351883274       0.475366244002590       0.693156918142170     
   3.56796452421352       0.566003911723061      -0.276019739299287     
   4.36084552959430      -0.108334039797496      -0.437562976336915     
   5.15372653497509      -0.312808097041895      -1.204168875224273E-002
   5.94660754035587      -8.200076235471961E-002  0.198013318333149     
   6.73948854573665       0.100421671656958       0.107356534874421     
   7.53236955111743       9.915079645720778E-002 -2.620887354882088E-002
   8.32525055649822       2.143708750865531E-002 -7.057396893241759E-002
   9.11813156187900      -3.448107799017425E-002 -4.322617619275004E-002
   9.91101256725978      -4.353942539992814E-002  1.482094170563985E-003
   10.7038935726406      -2.130380152225868E-002  2.933076758132570E-002
   11.4967745780213       8.567969190706742E-003  3.073601499164431E-002
   12.2896555834021       2.738487773020092E-002  1.136597104328738E-002
   13.0825365887829       2.495870097060769E-002 -1.464185028146205E-002
   13.8754175941637       2.551193973198575E-003 -2.931077014464125E-002
   14.6682985995445      -2.425055666147831E-002 -1.906046398627093E-002
   15.4611796049253      -3.072738153997742E-002  1.188169087141402E-002
   16.2540606103060      -4.265135633081715E-003  3.513656872449773E-002
   17.0469416156868       3.188450928167048E-002  2.024321140515669E-002
   17.8398226210676       3.262837023106913E-002 -2.236573357057210E-002
   18.6327036264484      -9.194053799806760E-003 -3.919864601233343E-002
   19.4255846318292      -3.925050325974713E-002 -4.559332297399203E-003
   20.2184656372100      -1.611267303638546E-002  3.353849759255135E-002
   21.0113466425907       2.390550049331944E-002  2.353933753774410E-002
   21.8042276479715       2.605419567307853E-002 -1.272693423241141E-002
   22.5971086533523      -2.317821035232310E-003 -2.400308597619007E-002
   23.3899896587331      -1.860703871787845E-002 -5.557887496678175E-003
   24.1828706641139      -9.977906847056755E-003  1.155707698109244E-002
   24.9757516694946       4.571686258614881E-003  1.091583468579074E-002
   25.7686326748754       9.084656880344360E-003  9.798852586334035E-004
   26.5615136802562       4.314672034415737E-003 -5.640695761353970E-003
   27.3543946856370      -1.839641024273081E-003 -5.301602185651688E-003
   28.1472756910178      -4.367931510247437E-003 -1.268176970887536E-003
   28.9401566963986      -3.039875990789373E-003  2.293917751297724E-003
   29.7330377017793      -3.806010366827906E-005  3.310446789622529E-003
   30.5259187071601       2.337947662626226E-003  1.873570274016554E-003
   31.3187997125409       2.744696749130434E-003 -6.581176708223923E-004
   32.1116807179217       1.101428877483668E-003 -2.531690639600121E-003
   32.9045617233025      -1.429555896853747E-003 -2.396123869031726E-003
   33.6974427286833      -2.888413859766080E-003 -1.561807076060797E-004
   34.4903237340640      -1.747338263231400E-003  2.499654813108397E-003
   35.2832047394448       1.389680706209600E-003  2.925535279024774E-003
   36.0760857448256       3.428005704089515E-003  1.187620179656027E-004
   36.8689667502064       1.643157015593600E-003 -3.189626211535867E-003
   37.6618477555872      -2.329903182056157E-003 -2.842421173391373E-003
   38.4547287609680      -3.492135558676222E-003  1.097249542731053E-003
   39.2476097663487      -2.087947188271060E-004  3.520072726796620E-003
   40.0404907717295       3.000089231695823E-003  1.314888352474072E-003
   40.8333717771103       2.032266713255493E-003 -2.112701747041913E-003
   41.6262527824911      -1.087232918340180E-003 -2.285540761179882E-003
   42.4191337878719      -2.110306829778233E-003  1.423503142952068E-004
   43.2120147932526      -5.606285950011760E-004  1.625671838841678E-003
   44.0048957986334       9.926088733302014E-004  9.428599108757173E-004
   44.7977768040142       1.009499987490099E-003 -3.704065749076610E-004
   45.5906578093950       1.183014517899864E-004 -8.316671364430176E-004
   46.3835388147758      -5.168057739985811E-004 -4.073758585268220E-004
   47.1764198201566      -4.901172667281469E-004  1.766646148855143E-004
   47.9693008255373      -9.912126982780238E-005  4.078986693880747E-004
   48.7621818309181       2.299813245193019E-004  2.587591408259303E-004
   49.5550628362989       2.918079696952040E-004 -3.104806370793481E-005
   50.3479438416797       1.277555762458967E-004 -2.221596317272582E-004
   51.1408248470605      -9.435734953419540E-005 -2.104819974210594E-004
   51.9337058524412      -2.094751288661494E-004 -4.207597838488487E-005
   52.7265868578220      -1.461113154037865E-004  1.409512604393430E-004
   53.5194678632028       3.571768942914449E-005  1.937000311897149E-004
   54.3123488685836       1.802729834312612E-004  7.169447753076604E-005
   55.1052298739644       1.525071313114620E-004 -1.179132228061661E-004
   55.8981108793452      -2.901814333123939E-005 -1.897677110145944E-004
   56.6909918847259      -1.802555608652092E-004 -6.126261418570826E-005
   57.4838728901067      -1.317132063621416E-004  1.326346433916075E-004
   58.2767538954875       6.309075973849094E-005  1.694200330786008E-004
   59.0696349008683       1.712508872224670E-004  9.960357244230376E-006
   59.8625159062491       7.062058374185653E-005 -1.426958702323504E-004
   60.6553969116299      -9.490549502990730E-005 -1.086865947332339E-004
   61.4482779170106      -1.208310459411202E-004  4.101608663177540E-005
   62.2411589223914      -7.212659091262904E-006  1.099350234398993E-004
   63.0340399277722       8.313038223240950E-005  4.172205576653404E-005
   63.8269209331530       5.912295791938697E-005 -4.929554630515467E-005
   64.6198019385338      -1.671232972988968E-005 -6.038428414149580E-005
   65.4126829439146      -4.960406059989007E-005 -8.606991834278772E-006
   66.2055639492953      -2.368852986640969E-005  3.235982177563038E-005
   66.9984449546761       1.411936503054413E-005  2.849558353063458E-005
   67.7913259600569       2.518856628695367E-005  9.345848482079041E-007
   68.5842069654377       1.049428503187801E-005 -1.707251675109354E-005
   69.3770879708185      -7.553148939249502E-006 -1.413953730665055E-005
   70.1699689761992      -1.291519853915337E-005 -6.584595120458500E-007
   70.9628499815800      -5.970897487580746E-006  8.683229736660098E-006
   71.7557309869608       3.459309127311947E-006  7.963750147191827E-006
   72.5486119923416       7.151249233903454E-006  1.105982105239571E-006
   73.3414929977224       4.017148183270308E-006 -4.590428167240162E-006
   74.1343740031032      -1.468550626484069E-006 -4.987317495971255E-006
   74.9272550084840      -4.306376415636898E-006 -1.225968163664040E-006
   75.7201360138647      -2.892688441494728E-006  2.605787912812775E-006
   76.5130170192455       6.051895823364902E-007  3.360750818266118E-006
   77.3058980246263       2.813183896148755E-006  1.092592314269137E-006
   78.0987790300071       2.121248517499098E-006 -1.644515863128371E-006
   78.8916600353879      -3.048636606275430E-007 -2.379352444159316E-006
   79.6845410407687      -1.985331564942735E-006 -8.274547559399383E-007
   80.4774220461494      -1.521170415925294E-006  1.190116408526230E-006
   81.2703030515302       2.804804397084260E-007  1.710797345240572E-006
   82.0631840569110       1.469558488769376E-006  5.006177259680587E-007
   82.8560650622918       1.001727169757825E-006 -9.555534030930953E-007
   83.6489460676726      -3.515936980461615E-007 -1.175600980426394E-006
   84.4418270730533      -1.063274297543899E-006 -1.848931748631308E-007
   85.2347080784341      -5.524428314429086E-007  7.611608080679382E-007
   86.0275890838149       3.837576141063113E-007  7.145238357886776E-007
   86.8204700891957       6.906438534882753E-007 -3.215162196345345E-008
   87.6133510945765       2.257059049800260E-007 -5.366386204323982E-007
   88.4062320999573      -3.218505892190365E-007 -3.614963705298563E-007
   89.1991131053380      -3.819429275096001E-007  1.095009847471863E-007
   89.9919941107188      -5.598253833592679E-008  3.173387310909950E-007
   90.7848751160996       2.078618062366087E-007  1.536556996179451E-007
   91.5777561214804       1.839427764109319E-007 -9.154238506206730E-008
   92.3706371268612       3.758081370636801E-009 -1.621828707366058E-007
   93.1635181322419      -1.106236755737988E-007 -6.363834961086878E-008
   93.9563991376227      -8.633859982702611E-008  5.120485782475079E-008
   94.7492801430035       5.949722714404477E-010  7.922732113727242E-008
   95.5421611483843       5.423068925775227E-008  3.202559300115409E-008
   96.3350421537651       4.474443542039601E-008 -2.360299627441823E-008
   97.1279231591459       3.066451604206698E-009 -4.105591087660101E-008
   97.9208041645266      -2.730431640742887E-008 -2.028134039762824E-008
   98.7136851699074      -2.664656056794642E-008  1.025372602811810E-008
   99.5065661752882      -4.676559757870625E-009  2.389633935220558E-008
   100.299447180669       1.548032965172284E-008  1.429794250981257E-008
   101.092328186050       1.772343218145416E-008 -5.184239385316923E-009
   101.885209191431       3.895503435463773E-009 -1.586263023931866E-008
   102.678090196811      -1.064312314050307E-008 -9.888607100560381E-009
   103.470971202192      -1.222436008471735E-008  4.231248354317143E-009
   104.263852207573      -1.560690826254212E-009  1.137008050504325E-008
   105.056733212954       8.402828975429666E-009  5.597533984424586E-009
   105.849614218334       7.482483341665515E-009 -4.569381672873954E-009
   106.642495223715      -9.431292097318084E-010 -7.424463067965596E-009
   107.435376229096      -6.004351847979992E-009 -1.771130052055947E-009
   108.228257234477      -3.285050915599075E-009  3.927386073868219E-009
   109.021138239858       1.824437949375648E-009  3.662704961286989E-009
   109.814019245238       3.195309962924200E-009 -1.332135358496354E-010
   110.606900250619       9.384262381137824E-010 -2.263600441740681E-009
   111.399781256000      -1.223857033465291E-009 -1.384855677160863E-009
   112.192662261381      -1.337933878113767E-009  3.363731956969867E-010
   112.985543266762      -2.609193340574120E-010  9.921302803365072E-010
   113.778424272142       5.400824232505719E-010  5.423745614037277E-010
   114.571305277523       5.624273210377548E-010 -1.299632497718972E-010
   115.364186282904       1.527877716093076E-010 -4.159783968631563E-010
   116.157067288285      -2.029127214937093E-010 -2.833096558839974E-010
   116.949948293665      -2.820872445680640E-010  3.485409748473628E-012
   117.742829299046      -1.334538808553039E-010  1.945377437799468E-010
   118.535710304427       7.184169819081937E-011  1.910460322654930E-010
   119.328591309808       1.774778879608725E-010  4.302017026171401E-011
   120.121472315189       1.226053250434900E-010 -1.156520498309961E-010
   120.914353320569      -3.297784049187790E-011 -1.563057621737800E-010
   121.707234325950      -1.473663527939778E-010 -4.643510010826712E-011
   122.500115331331      -1.062259200053901E-010  1.077586124608781E-010
   123.292996336712       5.279579190681948E-011  1.390065266287038E-010
   124.085877342092       1.451735975676823E-010  3.218783232466119E-012
   124.878758347473       4.970130978878076E-011 -1.303846728441427E-010
   125.671639352854      -1.027081873631013E-010 -8.082821549927677E-011
   126.464520358235      -9.525898508600107E-011  7.019241679201641E-011
   127.257401363616       3.925749380930555E-011  9.504729075837264E-011
   128.050282368996       8.422777955141064E-011 -1.399006208580686E-011
   128.843163374377       3.824191488625378E-012 -6.745559682841297E-011
   129.636044379758      -4.894466236448148E-011 -1.421768631404345E-011
   130.428925385139      -1.839152617629364E-011  3.182699382777241E-011
   131.221806390520       1.793925157974946E-011  1.809738406695265E-011
   132.014687395900       1.514999193560719E-011 -7.944672485797233E-012
   132.807568401281      -1.645470455586238E-012 -1.110226790115235E-011
   133.600449406662      -7.079458046119585E-012 -1.654788957554935E-012
   134.393330412043      -2.835693858393276E-012  3.747360315270955E-012
   135.186211417423       1.374992567526345E-012  2.736529164977974E-012
   135.979092422804       2.030678092876960E-012  5.352198231613871E-014
   136.771973428185       7.178461926192320E-013 -1.181386358734368E-012
   137.564854433566      -4.535899051407348E-013 -8.584894127503078E-013
   138.357735438947      -7.051133525916667E-013 -4.361487802055918E-014
   139.150616444327      -3.045747017046135E-013  4.374446607621014E-013
   139.943497449708       1.728624785516483E-013  3.787810432131119E-013
   140.736378455089       3.340449002892434E-013  2.827270931566151E-014
   141.529259460470       1.483242456004966E-013 -2.331709223339206E-013
   142.322140465850      -1.226398696397921E-013 -1.959518903224424E-013
   143.115021471231      -1.918431503578119E-013  3.007842836559037E-014
   143.907902476612      -3.303989959518374E-014  1.585579782772974E-013
   144.700783481993       1.147218379877455E-013  6.647995665032419E-014
   145.493664487374       7.620475058610983E-014 -7.279487752120139E-014
   146.286545492754      -3.924445577192032E-014 -7.034517970718665E-014
   147.079426498135      -5.655762125091498E-014  1.596447359361421E-014
   147.872307503516       2.032943840100990E-015  4.067297509168721E-014
   148.665188508897       2.632543808459734E-014  4.761147179433063E-015
   149.458069514277       6.862301839962647E-015 -1.520348864959451E-014
   150.250950519658      -7.600399967610627E-015 -6.365162571042913E-015
   151.043831525039      -4.787310327086232E-015  3.012758834850578E-015
   151.836712530420       6.289548272493267E-016  3.064134894438224E-015
   152.629593535801       1.658453111649096E-015  3.538754243934127E-016
   153.422474541181       5.735512942193240E-016 -7.099429095525699E-016
   154.215355546562      -1.764549881893807E-016 -4.614750134396052E-016
   155.008236551943      -2.662156188395807E-016 -5.801510775846733E-017
   155.801117557324      -1.155536178974273E-016  1.031351622047212E-016
   156.593998562705       5.679188875409787E-018  9.149916306853561E-017
   157.386879568085       4.590617353427035E-017  3.368257323056267E-017
   158.179760573466       3.633563527953531E-017 -8.389041177137432E-018
   158.972641578847       1.206665447186947E-017 -2.280895532127724E-017
   159.765522584228      -7.012823654633344E-018 -1.748369993856475E-017
   160.558403589608      -1.380604755930003E-017 -4.238109062318454E-018
   161.351284594989      -9.336302642632182E-018  6.782154658629629E-018
   162.144165600370       2.577096109168802E-019  9.510637907135836E-018
   162.937046605751       6.923487973799609E-018  4.003853044046114E-018
   163.729927611132       5.775849385366917E-018 -3.524420701495077E-018
   164.522808616512      -5.778101233509321E-019 -5.655352556198878E-018
   165.315689621893      -4.480592597309506E-018 -1.362731011642397E-018
   166.108570627274      -2.263118507847092E-018  2.977958144974360E-018
   166.901451632655       1.619562033930387E-018  2.368373475054749E-018
   167.694332638036       2.005340588975408E-018 -6.227338858345617E-019
   168.487213643416      -1.858078057573050E-020 -1.460512108002502E-018
   169.280094648797      -9.280417462394733E-019 -2.647594645242671E-019
   170.072975654178      -3.342558163650235E-019  5.068497909074328E-019
   170.865856659559       2.233254279106730E-019  2.895044097013614E-019
   171.658737664939       2.034790296997534E-019 -6.100488362133118E-020
   172.451618670320       1.400287185958014E-020 -1.194216476901457E-019
   173.244499675701      -5.639923868730373E-020 -3.626732162578172E-020
   174.037380681082      -3.278562876173671E-020  1.775007018057494E-020
   174.830261686463      -1.126598206165702E-021  2.088399452886785E-020
   175.623142691843       9.552392615622726E-021  7.212922522390873E-021
   176.416023697224       6.751650885165290E-021 -2.053806181264534E-021
   177.208904702605       1.522697504676329E-021 -4.041737199742835E-021
   178.001785707986      -1.414815150929581E-021 -2.367373117534425E-021
   178.794666713366      -1.824069395152086E-021 -2.530540915268138E-022
   179.587547718747      -9.283270638861423E-022  8.883042587229837E-022
   180.380428724128       1.040904634616603E-022  9.274712768345549E-022
   181.173309729509       6.113228899724531E-022  3.437354878632966E-022
   181.966190734890       4.820255182027363E-022 -2.447783791521619E-022
   182.759071740270       3.310838095287069E-023 -4.218897905195654E-022
   183.551952745651      -2.776683186437278E-022 -1.833314594570432E-022
   184.344833751032      -2.249194932705754E-022  1.301516422647259E-022
   185.137714756413       2.017777949844918E-023  1.984546266370283E-022
   185.930595761794       1.429581474241372E-022  4.237384573200498E-023
   186.723476767174       6.532209871853990E-023 -8.564305327425398E-023
   187.516357772555      -4.052035840600225E-023 -6.286680055938109E-023
   188.309238777936      -4.844282764847083E-023  1.146456101270808E-023
   189.102119783317      -3.542029971677733E-024  3.155139592971666E-023
   189.895000788697       1.733801235142695E-023  8.812930975193780E-024
   190.687881794078       8.656233000021723E-024 -7.568060405427643E-024
   191.480762799459      -1.982438392879006E-024 -6.300805493259949E-024
   192.273643804840      -3.679428329815035E-024 -5.418351206635289E-025
   193.066524810221      -1.234941004119903E-024  1.664460840987237E-024
   193.859405815601       4.478150040413004E-025  1.064708024827703E-024
   194.652286820982       6.402740440786124E-025  1.145034634621676E-025
   195.445167826363       2.651521330713127E-025 -2.633014782953428E-025
   196.238048831744      -3.066421880475379E-026 -2.187147308044878E-025
   197.030929837124      -1.168993030731097E-025 -6.786266225744840E-026
   197.823810842505      -8.033699842308774E-026  3.080882261820994E-026
   198.616691847886      -1.772405513695727E-026  5.425253552281518E-026
   199.409572853267       2.160278392401456E-026  3.298565100809344E-026
   200.202453858648       2.819869087135433E-026  2.235019408519275E-027
   200.995334864028       1.371840653045341E-026 -1.585461198814575E-026
   201.788215869409      -4.020338072494014E-027 -1.542953051915574E-026
   202.581096874790      -1.174872560142804E-026 -3.778910279790583E-027
   203.373977880171      -7.161948961614888E-027  6.446543684178692E-027
   204.166858885551       1.832558092965723E-027  7.293369938762080E-027
   204.959739890932       5.696140938719354E-027  1.166411213985032E-027
   205.752620896313       2.548735214814941E-027 -3.608409750007281E-027
   206.545501901694      -1.775787949327389E-027 -2.752587887876399E-027
   207.338382907075      -2.303643655454553E-027  5.000643482488065E-028
   208.131263912455      -2.110967642136421E-028  1.626525498535795E-027
   208.924144917836       9.851140886808552E-028  4.921950103392585E-028
   209.717025923217       5.102917597702428E-028 -4.985779485025668E-028
   210.509906928598      -1.875534130663868E-028 -4.054615402995130E-028
   211.302787933979      -2.704514783822764E-028  2.144383936498348E-029
   212.095668939359      -4.655209016408661E-029  1.536467879579330E-028
   212.888549944740       7.175888126046122E-029  5.932731704208662E-029
   213.681430950121       4.778494637327206E-029 -2.351932701788443E-029
   214.474311955502      -2.414798213026328E-031 -3.024589042949009E-029
   215.267192960882      -1.532112139832352E-029 -7.735530555105070E-030
   216.060073966263      -8.057050882344081E-030  5.555884630315140E-030
   216.852954971644       4.696903804042960E-031  5.615779359955338E-030
   217.645835977025       2.956630737356795E-030  1.440281317167325E-030
   218.438716982406       1.642792592697474E-030 -1.050601829542052E-030
   219.231597987786      -1.599401526509890E-032 -1.175944701113948E-030
   220.024478993167      -6.173202182436079E-031 -3.732700367482103E-031
   220.817359998548      -4.004267963532776E-031  2.043299458828244E-031
   221.610241003929      -2.189755041083885E-032  2.831615484902412E-031
   222.403122009309       1.479446688498887E-031  1.049674594497746E-031
   223.196003014690       1.063664695494565E-031 -4.815342410732980E-032
   223.988884020071       6.853865577317129E-033 -7.515710694673046E-032
   224.781765025452      -4.045073366588748E-032 -2.732092398184280E-032
   225.574646030833      -2.783670354766319E-032  1.471196979873991E-032
   226.367527036213       1.404839962746438E-034  2.019001990975447E-032
   227.160408041594       1.148801365011105E-032  5.731457599493404E-033
   227.953289046975       6.452858231377725E-033 -4.859535769769882E-033
   228.746170052356      -9.359023405829936E-034 -4.934584656473381E-033
   229.539051057737      -2.972803946854000E-033 -8.192639443219412E-034
   230.331932063117      -1.241619411631540E-033  1.397537557989867E-033
   231.124813068498       4.186120562799902E-034  1.038560154894708E-033
   231.917694073879       6.610855505492686E-034  5.582456497610415E-035
   232.710575079260       2.067673073731577E-034 -3.299923575879812E-034
   233.503456084640      -1.138935826776543E-034 -1.962057227750671E-034
   234.296337090021      -1.313792448371241E-034  3.957863919475689E-036
   235.089218095402      -3.484739033862456E-035  6.741259969399251E-035
   235.882099100783       2.378442217142500E-035  3.671987945486033E-035
   236.674980106164       2.521075716229320E-035 -1.112739708424655E-036
   237.467861111544       6.970868940248756E-036 -1.281815372265934E-035
   238.260742116925      -4.205235286295568E-036 -7.355137871483295E-036
   239.053623122306      -4.944575748838184E-036 -2.199257169830703E-037
   239.846504127687      -1.688365196798513E-036  2.375203982504556E-036
   240.639385133067       6.276111423161399E-037  1.614600493587559E-036
   241.432266138448       1.016635602029321E-036  2.258320855446311E-037
   242.225147143829       4.608127584263947E-037 -4.356761114870652E-037
   243.018028149210      -6.203470946044547E-038 -3.867475059962214E-037
   243.810909154591      -2.222161426688398E-037 -1.047184221840478E-037
   244.603790159971      -1.348692134617799E-037  7.948362071345072E-038
   245.396671165352      -6.169993282432764E-039  1.012086553431730E-037
   246.189552170733       5.325032350950684E-038  4.021744759417993E-038
   246.982433176114       4.190544674575786E-038 -1.522527723433655E-038
   247.775314181495       6.397391961746372E-039 -2.951373905806022E-038
   248.568195186875      -1.501174299856245E-038 -1.424364396834677E-038
   249.361076192256      -1.373273370665870E-038  4.018191379134893E-039
   250.153957197637      -2.187890096806870E-039  9.708013772722307E-039
   250.946838203018       5.278924236928381E-039  4.500127635063393E-039
   251.739719208398       4.439620066930482E-039 -1.894547438666426E-039
   252.532600213779       1.188720271419002E-040 -3.337044487416150E-039
   253.325481219160      -2.056122645284114E-039 -1.000899466390802E-039
   254.118362224541      -1.161061948715113E-039  1.018114662646885E-039
   254.911243229922       3.403668293552268E-040  9.663694777222018E-040
   255.704124235302       6.656745420891447E-040  1.979547261522847E-041
   256.497005240683       1.607776323040005E-040 -3.915265377745868E-040
   257.289886246064      -1.929868201640631E-040 -1.783444167623528E-040
   258.082767251445      -1.423499044425142E-040  7.177468545082724E-041
   258.875648256826       9.720851800048111E-042  9.416029007524193E-041
   259.668529262206       5.313706909673925E-041  1.482090708685333E-041
   260.461410267587       1.945060466550488E-041 -2.499886481984693E-041
   261.254291272968      -8.686357572247318E-042 -1.576868660681995E-041
   262.047172278349      -1.015043961602995E-041  8.068309449098567E-043
   262.840053283729      -2.045250974544927E-042  5.387474368299376E-042
   263.632934289110       2.234938304747316E-042  2.401698752804555E-042
   264.425815294491       1.815764740981520E-042 -5.172241972846697E-043
   265.218696299872       2.230420849906612E-043 -1.079907082196303E-042
   266.011577305253      -5.060345454917555E-043 -4.166977207935050E-043
   266.804458310633      -3.660869148555313E-043  1.541746601324542E-043
   267.597339316014      -1.875902354011845E-044  2.446354602750601E-043
   268.390220321395       1.324902266199855E-043  7.891347086697970E-044
   269.183101326776       8.150360141092315E-044 -5.495976414458123E-044
   269.975982332156      -1.121962329347004E-044 -6.224358695874439E-044
   270.768863337537      -3.994324563934284E-044 -8.405627968929182E-045
   271.561744342918      -1.397385341947829E-044  2.220434551265358E-044
   272.354625348299       1.056423427800107E-044  1.288639085557765E-044
   273.147506353680       9.577794086029715E-045 -3.989382991461283E-045
   273.940387359060      -8.114420997251302E-046 -6.232828175164450E-045
   274.733268364441      -3.655817202033877E-045 -4.200257591487099E-046
   275.526149369822      -6.984799662795510E-046  1.949654766596836E-045
   276.319030375203       9.412335728226671E-046  6.004299728511500E-046
   277.111911380583       4.109913687914523E-046 -4.030840714019420E-046
   277.904792385964      -1.449747394283406E-046 -2.443829466634116E-046
   278.697673391345      -1.297018306504766E-046  3.630952341611998E-047
   279.490554396726      -1.235776651611385E-048  6.162443785162148E-047
   280.283435402107       2.576252323537138E-047  9.419385562197988E-048
   281.076316407487       7.928875050460472E-048 -8.976233239926164E-048
   281.869197412868      -2.154668130871466E-048 -4.711824843111563E-048
   282.662078418249      -2.242419487886010E-048 -7.918132375636659E-050
   283.454959423630      -5.080567932079407E-049  8.413084969945222E-049
   284.247840429011       2.030533125632745E-049  3.898356863805680E-049
   285.040721434391       2.013737847287902E-049  2.017042266850044E-050
   285.833602439772       6.250471173790977E-050 -7.359062323794613E-050
   286.626483445153      -1.176370244958674E-050 -4.646661182829782E-050
   287.419364450534      -2.308448419650160E-050 -9.075269510749640E-051
   288.212245455914      -1.117660247923097E-050  7.333487032600573E-051
   289.005126461295      -1.313383905209534E-052  7.474948439555023E-051
   289.798007466676       3.585108864464457E-051  2.397230769153788E-051
   290.590888472057       2.299105545348538E-051 -1.092026546379346E-051
   291.383769477438       8.454400725739929E-053 -1.519386654771749E-051
   292.176650482818      -7.942465492286411E-052 -4.475580013026576E-052
   292.969531488199      -4.336928048727455E-052  3.236990604941466E-052
   293.762412493580       8.172900146929174E-053  3.040758681281866E-052
   294.555293498961       1.771889296643451E-052  1.493831324167917E-053
   295.348174504342       3.829147281589425E-053 -8.879285680855547E-053
   296.141055509722      -3.796406466588242E-053 -3.307361016605793E-053
   296.933936515103      -2.138022844397887E-053  1.301539866073027E-053
   297.726817520484       2.708213775107143E-054  1.156758427140684E-053
   298.519698525865       5.368826636147526E-054  5.816731149992923E-055
   299.312579531245       1.086328149513402E-054 -2.100347499800132E-054
   300.105460536626      -6.354534068726295E-055 -7.796946285906391E-055
   300.898341542007      -4.091580784162236E-055  9.470687092715517E-056
   301.691222547388      -4.802254936766850E-056  1.674191778548150E-055
   302.484103552769       4.863443439091284E-056  5.396473448086800E-056
   303.276984558149       3.060927337681461E-056 -3.901065531662026E-057
   304.069865563530       6.748077270667965E-057 -1.169623787635145E-056
   304.862746568911      -2.179748989461985E-057 -5.750445164563197E-057
   305.655627574292      -2.762242823879243E-057 -1.000266298135444E-057
   306.448508579672      -1.297584098923086E-057  7.111046736638040E-058
   307.241389585053      -1.715758072420645E-058  7.684193416574492E-058
   308.034270590434       2.656516899188557E-058  3.533120566874403E-058
   308.827151595815       2.605049263701979E-058  8.894151214773332E-060
   309.620032601196       9.995984028260902E-059 -1.251844756432155E-058
   310.412913606576      -3.058194184690669E-059 -9.685024102507878E-059
   311.205794611957      -6.387950902695416E-059 -1.495480195427925E-059
   311.998675617338      -2.766524482473625E-059  3.238432082085726E-059
   312.791556622719       1.181253001184041E-059  2.472108659920028E-059
   313.584437628099       1.716342535322954E-059 -1.433249547250870E-060
   314.377318633480       2.382393317845610E-060 -1.017201741862887E-059
   315.170199638861      -5.298244982483431E-060 -2.920460113589791E-060
   315.963080644242      -2.260050506221308E-060  2.428434584086529E-060
   316.755961649623       9.538823584520500E-061  1.423748342232233E-060
   317.548842655003       7.792113747670958E-061 -2.932504338512486E-061
   318.341723660384      -4.417929212473999E-062 -3.784125292287112E-061
   319.134604665765      -1.630614788552590E-061 -2.532572041714138E-062
   319.927485671146      -3.042850037117102E-062  6.101939939345260E-062
   320.720366676527       1.855424273803526E-062  1.983079589257825E-062
   321.513247681907       9.942887600638568E-063 -3.538822758098003E-063
   322.306128687288       5.093342863250300E-064 -4.023563139490527E-063
   323.099009692669      -1.242297715438105E-063 -9.475021770097247E-064
   323.891890698050      -5.766604559512914E-064  2.032340813118729E-064
   324.684771703430      -7.036844924611772E-065  2.357236993488736E-064
   325.477652708811       5.905219608516682E-065  8.413477248126623E-065
   326.270533714192       4.477786572392957E-065  3.844140290268701E-066
   327.063414719573       1.481739585337654E-065 -1.439270793058952E-065
   327.856295724954      -5.267069706875923E-067 -9.981571010681755E-066
   328.649176730334      -4.026001557664072E-066 -3.103050604365532E-066
   329.442057735715      -2.635626773015963E-066  6.036887510168470E-067
   330.234938741096      -6.273476693581855E-067  1.355349850823584E-066
   331.027819746477       4.191305594691783E-067  7.378551441137404E-067
   331.820700751857       4.897273845057236E-067  3.000252665158973E-068
   332.613581757238       1.597157153784439E-067 -2.365050670284405E-067
   333.406462762619      -7.742943869186134E-068 -1.458065928807465E-067
   334.199343768000      -9.390513593636410E-068  3.756868529671836E-069
   334.992224773381      -1.905014512655507E-068  4.856350481916550E-068
   335.785105778761       2.029303975065583E-068  1.933943144211722E-068
   336.577986784142       1.313852452112086E-068 -6.165663525028909E-069
   337.370867789523      -5.391935615880244E-070 -7.203497061462711E-069
   338.163748794904      -3.310850922313828E-069 -9.987917126193633E-070
   338.956629800285      -9.969211742259286E-070  1.248083237684732E-069
   339.749510805665       3.394492001245869E-070  6.301457386028952E-070
   340.542391811046       3.128052108196518E-070 -1.975925539182246E-071
   341.335272816427       5.277992464563691E-071 -1.245903760644213E-070
   342.128153821808      -3.617610085316933E-071 -4.551440785199330E-071
   342.921034827188      -2.486452417678619E-071  3.478105959053202E-072
   343.713915832569      -4.529340084175866E-072  1.001956040639673E-071
   344.506796837950       2.603355217038780E-072  4.178398670783151E-072
   345.299677843331       2.264490536701614E-072  1.133754489102720E-073
   346.092558848712       6.669683133197308E-073 -8.475418718443541E-073
   346.885439854092      -1.504016704750251E-073 -5.089591269293043E-073
   347.678320859473      -2.562291188166451E-073 -8.488020240394912E-074
   348.471201864854      -1.115247406382500E-073  8.694635376413797E-074
   349.264082870235       7.559855429563940E-075  7.551233670196159E-074
   350.056963875615       3.763754350976064E-074  1.726967565742725E-074
   350.849844880996       1.817085577812383E-074 -1.373161336504637E-074
   351.642725886377      -2.384868436909859E-075 -1.227758481395340E-074
   352.435606891758      -6.619035931786404E-075 -1.521443146500719E-075
   353.228487897139      -2.068138267099947E-075  2.963382366115722E-075
   354.021368902519       1.066364554033792E-075  1.534630351235547E-075
   354.814249907900       8.979232141736774E-076 -2.534975137234621E-076
   355.607130913281       1.940314537154588E-077 -4.472074951826487E-076
   356.400011918662      -1.928094499215178E-076 -7.205975477766474E-077
   357.192892924042      -5.685281288803964E-077  7.066652448237081E-077
   357.985773929423       2.033297373172748E-077  3.254583079067704E-077
   358.778654934804       1.534745595630774E-077 -3.106705934983997E-078
   359.571535940185       1.172524822407943E-078 -6.088555712019401E-078
   360.364416945566      -1.958135986753334E-078 -1.389890547495708E-078
   361.157297950946      -8.115369276298781E-079  4.284021401332803E-079
   361.950178956327      -8.523207144977848E-081  3.492622743906227E-079
   362.743059961708       1.121794989682320E-079  7.286244662407249E-080
   363.535940967089       4.777539068226015E-080 -2.045582471082808E-080
   364.328821972470       4.493111349946273E-081 -2.015620434112464E-080
   365.121702977850      -5.444059693139750E-081 -6.457728244192850E-081
   365.914583983231      -3.570557270175691E-081  1.068597671742227E-082
   366.707464988612      -9.500306248657052E-082  1.245221210558966E-081
   367.500345993993       1.657160891086329E-082  6.928230326308896E-082
   368.293226999373       3.030874220570559E-082  1.441607527090952E-082
   369.086108004754       1.462381794130641E-082 -7.263760932808512E-083
   369.878989010135       1.506809248864120E-083 -8.024872557778111E-083
   370.671870015516      -2.882514354092353E-083 -3.016859617144708E-083
   371.464751020897      -2.134671205280966E-083  3.607195901599194E-084
   372.257632026277      -4.399237804536325E-084  1.043778950076653E-083
   373.050513031658       3.518833329406952E-084  4.780120972521461E-084
   373.843394037039       3.071573727922108E-084 -3.847250540902456E-085
   374.636275042420       5.641618404354135E-085 -1.494810806999964E-084
   375.429156047801      -5.507107625227277E-085 -5.972378218324005E-085
   376.222037053181      -3.879906234554072E-085  1.181170191731466E-085
   377.014918058562      -2.837216838908499E-086  1.963628510925765E-085
   377.807799063943       7.962912385758079E-086  5.189450166503548E-086
   378.600680069324       3.783348625641828E-086 -2.366104525481590E-086
   379.393561074704      -2.454875236549019E-087 -2.042443053686194E-086
   380.186442080085      -8.840552631937161E-087 -3.012717347771778E-087
   380.979323085466      -2.972127830729511E-087  2.955760994242623E-087
   381.772204090847       5.687620684721832E-088  1.778565095337440E-087
   382.565085096228       8.161783671889058E-088  1.465280290315977E-088
   383.357966101608       2.312962971810229E-088 -2.870031567740191E-088
   384.150847106989      -6.100938652080360E-089 -1.528983112947363E-088
   384.943728112370      -7.334027648538865E-089 -1.056372150026644E-089
   385.736609117751      -2.099975451411319E-089  2.634891624387067E-089
   386.529490123131       5.519813009352760E-090  1.448705555283950E-089
   387.322371128512       7.118902799351613E-090  1.226183970568369E-090
   388.115252133893       2.203074577636967E-090 -2.601352196821840E-090
   388.908133139274      -5.453245918160853E-091 -1.534180560964509E-090
   389.701014144655      -7.739758035169667E-091 -1.382626150199861E-091
   390.493895150035      -2.422558644425975E-091  2.968928675681731E-091
   391.286776155416       7.176118741708721E-092  1.738945458024489E-091
   392.079657160797       9.244639672025285E-092  8.298442257301323E-093
   392.872538166178       2.420707958413138E-092 -3.901580804021807E-092
   393.665419171558      -1.216905510574655E-092 -1.918142515216058E-092
   394.458300176939      -1.111604542543160E-092  1.463966583930509E-093
   395.251181182320      -1.564727525776533E-093  5.281148555318553E-093
   396.044062187701       2.068680791665909E-093  1.715435674857029E-093
   396.836943193082       1.148015920838605E-093 -6.092978094635085E-094
   397.629824198462      -6.822665274426760E-095 -6.182260043348835E-094
   398.422705203843      -2.844571212582845E-094 -7.474620488624771E-095
   399.215586209224      -7.909600159065814E-095  1.121721613169009E-094
   400.008467214605       3.604914392910435E-095  5.184848985400329E-095
   400.801348219986       2.762132156212378E-095 -7.494721707967163E-096
   401.594229225366       9.292736478358257E-097 -1.273459001296922E-095
   402.387110230747      -5.145249298247822E-096 -2.222028521702823E-096
   403.179991236128      -1.634066448056215E-096  1.784384248838096E-096
   403.972872241509       4.875385819710142E-097  9.041961555805686E-097
   404.765753246890       4.237900192096235E-097 -6.683974564307554E-098
   405.558634252270       3.281842361323239E-098 -1.732917942347569E-097
   406.351515257651      -6.133623688854758E-098 -3.664353696493349E-098
   407.144396263032      -2.237297378629714E-098  1.776408465044508E-098
   407.937277268413       3.319439477448715E-099  1.079904722486839E-098
   408.730158273793       4.413392310704695E-099  3.878104603999065E-100
   409.523039279174       8.090199529742405E-100 -1.526644452542392E-099
   410.315920284555      -4.173298799239361E-100 -5.268610439042829E-100
   411.108801289936      -2.539384166631116E-100  6.295414512156861E-101
   411.901682295317      -1.988993382092603E-101  1.002475740201456E-100
   412.694563300697       3.210802437187946E-101  2.414047873944192E-101
   413.487444306078       1.419381245095127E-101 -7.209839576191176E-102
   414.280325311459      -6.189210605859163E-104 -6.370294528424769E-102
   415.073206316840      -2.317958023681718E-102 -1.123253375996661E-102
   415.866087322220      -8.301158552118665E-103  6.463301851441279E-103
   416.658968327601       9.044055200719696E-104  4.240733651979287E-103
   417.451849332982       1.751746111137182E-103  4.127757964169793E-104
   418.244730338363       4.599908251071071E-104 -5.924705405007728E-104
   419.037611343744      -1.490585753593733E-104 -2.749529411819836E-104
   419.830492349124      -1.292782006613421E-104  1.285396543077970E-105
   420.623373354505      -1.490409379338306E-105  5.139318780155942E-105
   421.416254359886       1.733667159819321E-105  1.313521200464894E-105
   422.209135365267       7.315921667297508E-106 -4.680881643025158E-106
   423.002016370648      -7.580065794913122E-107 -3.307577148190103E-106
   423.794897376028      -1.284768436414257E-106 -1.470493729246192E-107
   424.587778381409      -2.104306432770269E-107  4.311453248379968E-107
   425.380659386790       1.205266517524840E-107  1.243668730503155E-107
   426.173540392171       5.585908784054498E-108 -2.424953315671319E-108
   426.966421397551      -6.341049114903531E-110 -2.090140155484507E-108
   427.759302402932      -6.556727099867389E-109 -2.568039927123506E-109
   428.552183408313      -1.686269522000103E-109  1.619581721829574E-109
   429.345064413694       2.287273267635195E-110  7.356762191462554E-110
   430.137945419075       2.489169302694134E-110  4.920935458173281E-111
   430.930826424455       5.574788490485854E-111 -6.303195615284419E-111
   431.723707429836      -8.027237445308941E-112 -2.714275122433771E-111
   432.516588435217      -9.293666483137204E-112 -2.851690727345838E-112
   433.309469440598      -2.693308560690510E-112  2.121374517956531E-112
   434.102350445978       5.913657155675499E-114  1.245505232806536E-112
   434.895231451359       3.926629546301566E-113  2.562890450980214E-113
   435.688112456740       1.701567733594325E-113 -6.584209509844978E-114
   436.480993462121       1.766915585229892E-114 -7.120040631060345E-114
   437.273874467502      -2.034940134708294E-114 -2.255444158720127E-114
   438.066755472882      -1.270752085477342E-114  2.137763934517712E-115
   438.859636478263      -2.004639010837971E-115  5.186531659488598E-115
   439.652517483644       1.563588177512301E-115  1.847616153299010E-115
   440.445398489025       1.022826385786546E-115 -2.506590526726908E-116
   441.238279494405       8.324082905029737E-117 -4.459273226142602E-116
   442.031160499786      -1.608468483830460E-116 -1.042798357675346E-116
   442.824041505167      -6.349212164306977E-117  4.668754712435222E-117
   443.616922510548       9.086960638813029E-118  2.996132747845288E-117
   444.409803515929       1.195464689303422E-117  3.796555456556814E-119
   445.202684521309       1.520183195767681E-118 -4.110242400152920E-118
   445.995565526690      -1.194315583710040E-118 -9.718895503728065E-119
   446.788446532071      -4.453047006173202E-119  2.685959658887025E-119
   447.581327537452       2.913844690018561E-120  1.670958486757355E-119
   448.374208542832       5.237294527872806E-120  1.227378607300964E-120
   449.167089548213       1.040842942118489E-120 -1.309634934634951E-120
   449.959970553594      -2.081184327662888E-121 -4.712167425443439E-121
   450.752851558975      -1.577271093796776E-121 -1.750986656048831E-122
   451.545732564356      -3.102284029426949E-122  3.847085287908368E-122
   452.338613569736       4.439605284787449E-123  1.507014487225578E-122
   453.131494575117       4.829327325260554E-123  1.765339794632974E-123
   453.924375580498       1.477588731462692E-123 -9.272752470167099E-124
   454.717256585879       6.923781434250807E-125 -6.123944248418094E-124
   455.510137591260      -1.602338203073116E-124 -1.610563315283357E-124
   456.303018596640      -8.673187112267996E-125  1.011760378661428E-125
   457.095899602021      -1.766829209052969E-125  3.006190512174648E-125
   457.888780607402       5.871042222196554E-126  1.312555792624341E-125
   458.681661612783       5.992191129338334E-126  9.793435880549259E-127
   459.474542618163       1.680637006564972E-126 -1.982727542787965E-126
   460.267423623544      -4.039987135017329E-127 -1.039775599345765E-126
   461.060304628925      -4.728775560739513E-127 -3.925432525720019E-128
   461.853185634306      -9.413458851846353E-128  1.740327435168161E-127
   462.646066639687       5.137063554720429E-128  6.143689796177754E-128
   463.438947645067       2.938182071721624E-128 -1.052603890240332E-128
   464.231828650448      -8.994891059249350E-131 -1.164433928767159E-128
   465.024709655829      -3.931428501830199E-129 -1.318780977304609E-129
   465.817590661210      -8.659541991205256E-130  1.111681889944424E-129
   466.610471666591       2.405799055488993E-130  3.899883777232168E-130
   467.403352671971       1.413528022420694E-130 -2.395997012798075E-131
   468.196233677352       1.094471010960696E-131 -4.210665387696734E-131
   468.989114682733      -9.718330058828050E-132 -8.532504947744980E-132
   469.781995688114      -3.595955870748874E-132  1.256039246535179E-132
   470.574876693494      -2.535724843811655E-133  1.096223963307277E-132
   471.367757698875       2.257672524917524E-133  2.507891263173966E-133
   472.160638704256       1.035936815216824E-133 -8.322596051273323E-135
   472.953519709637       1.894239446615952E-134 -2.726820038786147E-134
   473.746400715018      -2.763574932716723E-135 -1.073982330791353E-134
   474.539281720398      -3.465995383379817E-135 -1.772188608014393E-135
   475.332162725779      -1.339863323403404E-135  5.254560802437974E-136
   476.125043731160      -1.853845251276057E-136  5.282361237433754E-136
   476.917924736541       1.187735279479106E-136  1.947722652964812E-136
   477.710805741921       9.619580014673297E-137  9.791606275457043E-138
   478.503686747302       2.735285543622223E-137 -3.215549752128273E-137
   479.296567752683      -5.804499167796438E-138 -1.784645153479244E-137
   480.089448758064      -8.248837712338066E-138 -1.515659439023650E-138
   480.882329763445      -2.168076239439479E-138  3.021571031323321E-138
   481.675210768825       8.584899292907430E-139  1.368511821835548E-138
   482.468091774206       6.633665756610812E-139 -1.475173310393987E-139
   483.260972779587       2.308649123017165E-140 -2.731515529041763E-139
   484.053853784968      -9.851653390948200E-140 -3.702789188170858E-140
   484.846734790349      -2.219416918854380E-140  3.118418097437963E-140
   485.639615795729       8.448503247565866E-141  1.009248320029928E-140
   486.432496801110       3.889059052202290E-141 -1.797714998605441E-141
   487.225377806491      -1.963796779615549E-142 -1.311007824409149E-141
   488.018258811872      -3.870664690857920E-142 -6.492564101570429E-143
   488.811139817252      -5.572600179763764E-143  9.736091553115689E-143
   489.604020822633       1.900176126095227E-143  2.485141453834515E-143
   490.396901828014       8.425378063465111E-144 -1.771658112670928E-144
   491.189782833395       6.664681663675669E-145 -2.270088272309965E-144
   491.982663838776      -4.465436615733740E-145 -4.811262673111165E-145
   492.775544844156      -1.829435584962216E-145  3.186338602728948E-146
   493.568425849537      -2.270008539701870E-146  4.898568981561043E-146
   494.361306854918       7.909324794752158E-147  1.416215509078206E-146
   495.154187860299       5.008392719355242E-147  6.487971761537353E-148
   495.947068865680       1.130515322652421E-147 -1.173087803646517E-147
   496.739949871060      -9.508007179423290E-149 -5.346145214691176E-148
   497.532830876441      -1.688514713859866E-148 -7.798814091720947E-149
   498.325711881822      -5.520472655346285E-149  3.428616900497227E-149
   499.118592887203       1.090375224198049E-151  2.295494985945429E-149
   499.911473892583       7.074540555636183E-150  3.979988296289825E-150
   500.704354897964       2.387202610590720E-150 -1.546665039868538E-150
   501.497235903345      -1.196342165241661E-151 -9.708327437117589E-151
   502.290116908726      -3.122763027301111E-151 -9.776416787678000E-152
   503.082997914107      -6.890229929508713E-152  8.016195256240957E-152
   503.875878919487       1.471249224424010E-152  2.930959442009341E-152
   504.668759924868       9.715284288936396E-153 -6.941455245549669E-154
   505.461640930249       8.981061109419769E-154 -2.616718740492559E-153
   506.254521935630      -5.505622982691687E-154 -5.129945833149900E-154
   507.047402941010      -1.830076710913597E-154  7.206781235128548E-155
   507.840283946391      -5.133596244174996E-156  4.938450155963139E-155
   508.633164951772       9.909119389354304E-156  7.082562618414724E-156
   509.426045957153       2.700446529407399E-156 -1.117289876120144E-156
   510.218926962534       1.415741148915857E-157 -6.750607067557869E-157
   511.011807967914      -1.067454094279376E-157 -1.201268176514540E-157
   511.804688973295      -3.688920862348258E-158  2.043305716152824E-159
   512.597569978676      -4.983954756907268E-159  6.663255990356874E-159
   513.390450984057       3.816130639230017E-160  1.759709026456793E-159
   514.183331989437       3.128956783587126E-160  1.745861331773879E-160
   514.976212994818       5.558048939214578E-161 -1.981588694113638E-161
   515.769094000199       2.031662143830011E-162 -5.344019798266901E-162
   516.561975005580      -5.148983475559615E-189 -8.886925277059272E-189
