   -0.263140359E-01    0.842436107E-01   -0.175787006E-01
   -0.263140359E-01    0.842436107E-01   -0.175787006E-01
    0.107790172E+01   -0.120007328E+01   -0.486974689E-01
   -0.487667395E+00    0.380747094E+00    0.875763974E-01
    0.489495548E+00    0.825414172E-01    0.479357239E-01
    0.673114505E+00   -0.574718327E+00   -0.469154687E-01
   -0.323706681E+01    0.340083413E+01    0.151421440E+00
    0.324952215E+01   -0.407835445E+01   -0.262132429E+00
   -0.203187047E+00    0.188282985E+00    0.447444161E-01
   -0.156091097E+01    0.147189917E+01    0.921495196E-01
   -0.178829843E+00   -0.637332150E-01   -0.767528386E-02
   -0.519465884E+00    0.383734848E+00   -0.886543137E-02
    0.165650666E+01   -0.162928346E+01   -0.602290838E-01
   -0.161952139E+00    0.753788596E+00    0.544111261E-01
   -0.419776115E-01    0.100326567E+00    0.838067068E-01
   -0.722449725E+00    0.676257243E+00    0.751449058E-01
   -0.403901459E+00    0.135475473E+00    0.880902650E-02
    0.200598472E+01   -0.192032001E+01   -0.112457218E+00
    0.203336462E+01   -0.184019104E+01   -0.204335120E+00
   -0.101788221E+01    0.410412078E+00   -0.176708925E-01
   -0.132719320E+00    0.119373243E+00   -0.456997947E-02
   -0.306896312E+00    0.301164210E+00    0.164422144E-01
   -0.422096805E+00    0.477198383E+00    0.283248010E-01
   -0.758015084E+00    0.770928203E+00    0.212534584E-01
    0.277294881E+01   -0.291267110E+01   -0.176096199E+00
   -0.183462578E+01    0.216965201E+01    0.138490843E+00
   -0.853222472E-02    0.392528737E-02   -0.326357760E-02
   -0.145642862E+00    0.152914212E+00    0.666402049E-02
   -0.277586175E+00    0.232402846E+00    0.103070138E-01
   -0.547428455E-01    0.517059119E-01   -0.207971058E-01
   -0.211363233E-02   -0.176641639E-01   -0.187198160E-02
    0.164210719E+00    0.184838440E-01    0.767491643E-02
   -0.211765811E+01    0.216429744E+01    0.100896178E+00
   -0.260084711E+00    0.199808681E+00    0.230833264E-01
    0.433704207E+00   -0.234221865E+00    0.180675125E-02
    0.272306704E-01   -0.697921748E-01   -0.989796465E-02
    0.415459566E-01   -0.249363372E-01    0.360348194E-02
    0.632959900E-02    0.671245853E-01   -0.302510635E-02
   -0.525621465E-01   -0.142670966E-01   -0.170649833E-02
   -0.762065540E-01    0.345639771E-01   -0.147306823E-02
   -0.250339242E-01   -0.175369877E-01    0.171134498E-02
    0.715265184E-01    0.201624498E-01    0.821988144E-03
   -0.179052483E-01    0.783624971E-01    0.446482863E-02
   -0.424625921E-01    0.962154786E-02    0.355350106E-02
   -0.582445813E-02    0.664157026E-02    0.206975187E-02
   -0.129832632E-01    0.131569045E-01   -0.176706099E-02
   -0.119345476E-02    0.257510788E-01    0.225414466E-02
    0.305181705E-01   -0.339147522E-01   -0.211405908E-02
    0.116107638E+00   -0.112184539E+00   -0.340552752E-02
    0.480606492E-01   -0.481972748E-01   -0.107160829E-02
    0.703823641E-01    0.240034889E-01   -0.186984205E-01
    0.306811509E+00   -0.165162321E+00   -0.254745890E-01
   -0.652927188E-01    0.776078000E-01   -0.427782144E-02
    0.243589128E+00   -0.267045977E+00   -0.100993733E-01
   -0.490957395E-01    0.493165952E-01    0.159547799E-02
    0.147417215E+00   -0.163736213E+00   -0.852995574E-02
   -0.631980219E-01    0.656800749E-01   -0.335498752E-02
   -0.507362924E-02    0.478929993E-02   -0.436125793E-02
   -0.166494983E-01    0.367640511E-01    0.406750982E-02
   -0.204418660E-01    0.215045103E-01    0.655757731E-03
   -0.163753298E-01    0.141493215E-01    0.219048167E-03
    0.730071942E-02   -0.703032302E-02   -0.634096721E-03
    0.153964710E-01   -0.167927015E-01   -0.611380188E-03
    0.299973205E-02   -0.293826708E-02   -0.106283366E-02
   -0.178670808E-01    0.169826577E-01    0.499854974E-05
   -0.161517671E+00    0.660030139E-01    0.160368255E-01
   -0.203945823E+00    0.103557469E+00    0.180310510E-01
    0.444509895E-01   -0.286406058E-01   -0.876672922E-02
    0.555644308E-01   -0.548639418E-01    0.122735816E-02
   -0.137693261E-01    0.121968610E-01   -0.352094845E-03
    0.308962302E-01   -0.270802740E-01   -0.401411331E-02
   -0.117700750E+00    0.143438452E+00    0.162753284E-01
    0.177501233E+00   -0.172117561E+00   -0.164163711E-02
   -0.216401924E+00    0.229143804E+00    0.142150616E-01
   -0.416385253E-01    0.556575645E-01    0.276175926E-02
   -0.300382621E-02    0.288318965E-03   -0.560473922E-03
    0.572897789E-01   -0.635332971E-01   -0.392700954E-02
    0.274989847E-01   -0.347443331E-01    0.138176095E-02
    0.140049270E-01   -0.189976027E-01    0.144517498E-02
   -0.632545324E-03   -0.521260262E-02   -0.248657516E-02
    0.473884493E-03    0.866979390E-03    0.117643383E-03
   -0.599928454E-03    0.214041278E-02    0.790040516E-03
    0.373034319E-02   -0.567307079E-02    0.644858414E-03
