   -0.814825283E+00    0.814754393E+00    0.393528409E-01
   -0.814825283E+00    0.814754393E+00    0.393528409E-01
   -0.132652020E+01    0.884185582E+00   -0.136002759E-01
   -0.696495257E+00   -0.103012031E+00   -0.635892586E-02
   -0.103684990E+00    0.434280250E-01   -0.344777241E+00
    0.238488132E+01    0.564022042E+00    0.159548359E+00
    0.134764744E+00   -0.150152250E+01   -0.720541138E-02
    0.606015417E-01    0.307391820E+00   -0.101722983E+00
   -0.164682192E+01   -0.932417923E-01   -0.809364926E-01
   -0.282975842E-01   -0.918309072E+00   -0.416408414E-01
   -0.814636342E-01   -0.932549845E-01   -0.119154356E-01
    0.197857117E+01   -0.153039607E+01   -0.618945738E-02
   -0.538574682E+00    0.148199682E+01    0.455557408E-01
    0.306433425E-01    0.103971676E-01    0.554649430E-01
   -0.228253259E+01    0.175791064E+01    0.191056804E-01
   -0.517070640E+00   -0.172394051E+00   -0.224750265E-01
   -0.160746197E+00    0.557511432E-01   -0.102549528E-02
   -0.280191313E+00   -0.638147413E-02   -0.578911315E-01
    0.213426303E+01    0.518307994E+00    0.990124183E-01
    0.194916992E+00   -0.569731408E-01    0.122531934E+00
   -0.892771235E-01   -0.187611499E+00   -0.224289531E-01
   -0.722296798E-01   -0.323151231E+00   -0.328885073E-01
   -0.455860867E-01   -0.808815551E-01    0.716832779E-01
   -0.345150967E+00   -0.469072772E+00   -0.355279424E-01
    0.311343054E-01    0.924947078E+00   -0.177983277E-02
    0.709360970E-01   -0.155126009E+00    0.358366840E-01
    0.907092226E-01    0.801731359E-04    0.257603322E-02
   -0.556322671E-01   -0.574411728E-01   -0.480923661E-02
    0.687682397E-02   -0.318269188E-01    0.212979751E-01
    0.263407427E-01   -0.477512193E-02    0.306990860E-02
   -0.531606772E-01    0.210638426E-01    0.112761594E-03
   -0.117426762E-01    0.128453724E-01   -0.303928332E-01
    0.174934644E+01   -0.102660025E+01    0.384939159E-01
   -0.451927108E+00    0.194315114E-03   -0.301023294E-01
    0.241850509E-01    0.145449736E-01    0.166895378E+00
   -0.161367001E+00   -0.311964997E-01   -0.666841723E-02
   -0.328292768E-01    0.740331607E-01    0.150527277E-02
    0.106871139E-01   -0.246592136E-02   -0.130681916E-01
    0.225904978E-01    0.178730106E-01    0.910540820E-02
    0.649683106E-01   -0.485763565E-01   -0.412403462E-02
   -0.495226534E-02    0.188093371E-01    0.136717435E-01
    0.168384876E-01    0.318840643E-01   -0.554481708E-02
    0.700311454E-01   -0.421055616E-01    0.377510499E-02
    0.218437550E-01   -0.344782518E-01    0.111554316E-01
    0.186538807E-02    0.117894720E-01   -0.502880302E-04
    0.114844888E-01   -0.933539087E-02    0.367165413E-03
    0.181634410E-02   -0.147412703E-02    0.637912936E-02
    0.131401532E-01    0.699308609E-01   -0.145253537E-03
    0.315257274E-02    0.904213679E-01    0.126417430E-01
    0.641361817E-02    0.255963727E-01    0.512889827E-02
    0.486381548E-01    0.217627592E-01   -0.410753231E-02
    0.742727555E-01    0.440203471E-01   -0.107937331E-01
   -0.214471826E-01   -0.196416524E-01    0.270033955E-02
   -0.377167299E-01    0.503022789E-02   -0.142721403E-01
    0.123422882E-01   -0.425448887E-02   -0.545419286E-03
   -0.305967362E-01    0.167868626E-01   -0.384842688E-02
   -0.233819406E+00    0.358642445E-01    0.964765367E-02
   -0.197623220E+00    0.598855021E-01    0.795439389E-02
    0.153363298E-01   -0.790095677E-02    0.818627667E-02
   -0.142828935E-01   -0.285574033E-01    0.247987975E-02
    0.554052493E-02    0.129995780E-01   -0.211609736E-02
    0.506905689E-02    0.105750982E-01    0.119793186E-02
   -0.414037688E-03    0.858470963E-02    0.174457736E-02
    0.114321224E-02   -0.456379025E-02   -0.209478092E-02
   -0.127737295E-01   -0.199849323E-01   -0.100626264E-01
   -0.451778357E-01   -0.316467113E-01    0.315256141E-02
   -0.443935185E-01   -0.206507815E-01    0.863747637E-02
    0.914420583E-02    0.943281379E-02   -0.328188454E-02
    0.189280890E-01    0.137928458E-01    0.159023335E-02
   -0.349437799E-02   -0.185288605E-01   -0.169182974E-02
    0.694404621E-02    0.832493979E-02   -0.111392726E-02
   -0.316418063E-01   -0.238470732E-01    0.571815232E-02
    0.315211644E-02    0.173519710E-01    0.817899146E-03
    0.927794268E-02   -0.216835982E-01    0.596514965E-02
   -0.499181593E-02    0.159572038E-02    0.235918267E-02
    0.764697139E-02   -0.309608396E-03   -0.188332427E-03
    0.158746051E-01   -0.723289318E-04   -0.405169191E-02
    0.140748281E+00   -0.972247716E-03   -0.129035689E-01
    0.135800358E+00   -0.206561298E-01   -0.166578175E-01
   -0.846682611E-02    0.660157516E-02   -0.108202295E-01
    0.730769064E-02    0.999256070E-02    0.167472450E-02
    0.203146302E-02   -0.410954371E-03    0.509217999E-02
   -0.910654174E-02   -0.147211237E-01    0.798587346E-02
