   -0.225818806E+00   -0.160528982E+01   -0.140155851E+00
   -0.225818806E+00   -0.160528982E+01   -0.140155851E+00
    0.103226643E+01   -0.368346410E+00   -0.216537262E-01
    0.924997556E-01   -0.252626233E+00   -0.170144935E-01
    0.642403977E-01   -0.114811363E+00    0.161905041E+00
   -0.940588420E+00    0.416797976E+00    0.363671834E-01
    0.134206530E+00   -0.714753247E+00    0.985535785E-02
   -0.705133528E-01    0.283212095E+00   -0.688237545E+00
    0.779986986E+00   -0.164795392E-02    0.413396350E-01
   -0.180514335E+00   -0.963583444E-01   -0.133179036E-01
    0.203845667E-01   -0.141982645E+00    0.137969565E+00
   -0.424256605E+00   -0.183511580E+00   -0.464857374E-01
   -0.345990678E-01    0.453068041E+00    0.226988887E-01
   -0.492626953E-02    0.115108082E-01    0.181077972E+00
    0.524092945E+00    0.127940133E+00    0.771574497E-01
    0.414182487E+00   -0.379676187E+00    0.657893932E-01
    0.778952492E-01    0.147759676E+00   -0.805168163E+00
   -0.366874295E+00    0.232314735E+00    0.496488218E-02
   -0.623739778E+00    0.489663990E+00   -0.651067779E-01
   -0.856488730E-01   -0.150472448E+00    0.592932993E+00
   -0.364613212E-01   -0.789531463E-02   -0.412125472E-03
    0.389573308E-02   -0.575418841E-01   -0.242998181E-02
    0.127683892E-01   -0.152324905E-01    0.914737316E-02
    0.177155704E+00   -0.210146893E+00   -0.148698546E-01
    0.289957677E+00    0.502516457E+00   -0.501188490E-02
    0.114303791E-01   -0.359656496E-01    0.333902177E+00
   -0.183647327E+00    0.298031224E-01   -0.190859587E-01
    0.711981171E-01   -0.516564489E-01   -0.600765189E-02
   -0.327291705E-02   -0.236876151E-01    0.689575663E-01
   -0.105603726E-01   -0.315175652E-01   -0.173735572E-02
    0.203433669E-01   -0.175499273E-01    0.196707340E-02
    0.696945450E-02    0.261811188E-02   -0.169611080E-01
   -0.794982100E+00    0.200856133E+00   -0.457818258E-01
    0.195343226E+00   -0.536452660E-01    0.169875086E-01
    0.144344010E-01    0.492671126E-01   -0.595286553E-01
    0.394726390E+00   -0.284926537E+00   -0.126608540E-01
   -0.229326464E+00    0.236624596E+00   -0.147798908E-01
   -0.257209469E-01    0.139827332E-01    0.204187687E+00
   -0.145691165E+00    0.102359106E+00   -0.308318943E-01
   -0.335892612E-01   -0.391454289E-01    0.311658483E-01
   -0.684168359E-01    0.594410736E-01   -0.597429067E-01
   -0.151295452E+00    0.118450639E+00    0.370523441E-01
   -0.501425885E-01   -0.131298420E-01   -0.232488110E-01
    0.517499205E-01   -0.763013961E-01   -0.648300764E-01
   -0.279912504E-01   -0.303401086E-01   -0.297324753E-02
   -0.279898385E-01   -0.294718190E-01   -0.204907523E-02
   -0.493034375E-02   -0.103334646E-02   -0.141091818E-01
    0.211234941E-01    0.406684742E-03   -0.960265377E-03
   -0.184510429E-01    0.248972427E-01    0.561011487E-03
   -0.683723850E-02    0.237223110E-02   -0.467196399E-02
   -0.935246110E-01   -0.395808193E-01    0.279237762E-01
   -0.149869254E+00   -0.210191805E-01    0.342849485E-01
    0.401773566E-01    0.285588892E-02    0.230849125E-02
    0.680080797E-01    0.371385877E-01    0.732537093E-02
   -0.146429890E-02    0.136109433E-01    0.125801548E-02
    0.257103879E-01    0.789539497E-02   -0.116473661E-01
    0.166529800E+00   -0.137347621E+00    0.620300810E-02
    0.114191614E+00   -0.935300754E-01    0.282675891E-02
   -0.253088855E-01    0.190730451E-01    0.825360209E-04
   -0.114671274E-01    0.252679406E-02    0.132497173E-02
    0.299288747E-01   -0.185492882E-01    0.296397132E-03
    0.107819674E-01   -0.504590087E-02   -0.109199527E-03
    0.565746456E-03    0.772683640E-03   -0.780939182E-03
   -0.125765543E-02    0.139340029E-02    0.410382836E-03
    0.150295221E-02    0.209394786E-02    0.297785597E-02
    0.749311594E-01    0.320693443E-01   -0.294810481E-01
    0.869873251E-01    0.473145262E-01   -0.320561692E-01
   -0.286226616E-01   -0.181920186E-01    0.825943142E-02
   -0.139081994E-01    0.138456035E-01   -0.187779473E-03
   -0.462351437E-02   -0.429639231E-02   -0.173673637E-02
   -0.244389092E-02    0.505261170E-02    0.342745473E-02
    0.183497691E-01   -0.867657835E-01   -0.148831310E-01
   -0.214883392E-01    0.678814159E-02   -0.272336911E-02
   -0.897543800E-02   -0.163846874E-01    0.170657185E-01
    0.194233658E-02    0.109756950E-02    0.714669208E-02
   -0.107671032E-01    0.387715726E-02    0.294462384E-03
   -0.103753918E-01    0.254076485E-02   -0.280383956E-02
   -0.629875030E-01    0.647080562E-01   -0.279845430E-02
   -0.597736607E-01    0.587063333E-01   -0.363624187E-02
    0.218372834E-01   -0.146696781E-01   -0.970808123E-03
    0.455690715E-02    0.939417651E-03   -0.122111655E-02
   -0.513850487E-02    0.448873477E-02    0.722940297E-03
   -0.138896603E-01    0.410374366E-02    0.457894933E-02
