    0.289143466E-02    0.596193472E-01   -0.152490283E+00
    0.289143466E-02    0.596193472E-01   -0.152490283E+00
    0.131180379E-01    0.288636869E+00   -0.295979043E-01
   -0.289853383E-01    0.563758564E-01    0.240354671E-01
   -0.157958155E-01   -0.212241766E+01   -0.177449878E+00
   -0.244140135E-01   -0.318581676E+00   -0.110151325E+00
   -0.920917759E-01   -0.798324985E+00   -0.519984259E+00
    0.120840032E+01    0.837990652E+01    0.684346402E+00
   -0.150274270E-01   -0.381809025E-02    0.156370418E+00
    0.152791500E-01    0.419593609E-01    0.164706588E+00
   -0.667783836E+00   -0.328204336E+01   -0.277979188E+00
    0.670092802E-02    0.201464308E-01   -0.448471436E+00
   -0.239153686E-01    0.923624764E-01    0.232208366E+00
    0.405527781E+00   -0.845025211E+00   -0.504563264E-01
   -0.370639028E-01   -0.253070353E+00    0.877942184E-01
   -0.580705052E-01   -0.493024455E+00   -0.211174723E+00
    0.372900032E+00    0.407215451E+01    0.354961077E+00
    0.206393963E-01    0.337511227E-01    0.484767951E+00
    0.166419009E+00    0.731039953E+00    0.271431835E+00
   -0.120300831E+01   -0.464272027E+01   -0.393716501E+00
   -0.203924980E-02   -0.332752351E-01    0.529757557E-02
   -0.247257028E-02   -0.372221110E-01   -0.759352138E-02
   -0.397317811E-02   -0.195136914E-01   -0.156648576E-02
   -0.362842179E-02   -0.409019116E-01   -0.523497049E-01
    0.526073808E-01    0.547394368E+00    0.224008839E+00
   -0.328603467E+00   -0.225275582E+01   -0.167372658E+00
    0.116031347E-01    0.847917428E-01    0.279847149E-01
    0.500641718E-02    0.145589184E-01   -0.146400903E-01
   -0.837155746E-01   -0.264047384E+00   -0.300900509E-01
   -0.731832975E-03   -0.468497411E-02    0.316652561E-01
    0.938807115E-03   -0.141896741E-01   -0.233798451E-02
   -0.510179659E-01    0.439024556E-01    0.236384773E-02
    0.329046896E-01    0.199166007E+00   -0.239462279E+00
   -0.485857050E-01   -0.192468673E+00   -0.238812386E-02
    0.420519067E+00    0.144871327E+01    0.122273419E+00
   -0.393326002E-01   -0.596633546E-01    0.339150284E+00
   -0.132170853E-01   -0.223692759E-01   -0.245891070E+00
    0.345795123E+00    0.716598087E+00    0.528568605E-01
   -0.560437958E-01   -0.217966945E+00   -0.137452063E+00
    0.288910657E-01   -0.288613334E-01    0.434255648E-01
   -0.177724886E+00   -0.630550315E+00   -0.159156891E+00
    0.921761848E-01    0.310114406E+00   -0.102216681E+00
   -0.165446729E-02    0.100280104E+00    0.334187504E-01
   -0.184980896E+00   -0.611097706E+00    0.476098462E-01
    0.364189968E-02   -0.192232012E-02   -0.373356582E-02
    0.240066772E-02   -0.477606966E-02    0.155695094E-01
   -0.292337662E-01   -0.453029629E-02    0.271713403E-03
    0.371321417E-02    0.889576741E-02    0.573773466E-02
    0.127137597E-02   -0.882307492E-02   -0.900885012E-02
    0.143478535E-02    0.279920871E-01    0.577167309E-02
   -0.795816660E-02   -0.642872225E-01   -0.465731173E-02
   -0.118344711E-01   -0.857381129E-01   -0.488305917E-02
   -0.110365208E-01   -0.438213108E-01   -0.149473248E-01
    0.444703572E-02    0.177595695E-01    0.996697974E-03
   -0.545060843E-02   -0.224308381E-01   -0.117358918E-01
    0.381999329E-01    0.120890226E+00    0.147911383E-01
   -0.143751835E-01   -0.185376422E-01   -0.660441312E-02
   -0.141773788E-01    0.699240183E-02   -0.314515490E-02
   -0.468809979E-02    0.439672966E-01    0.940592768E-02
   -0.208202336E-02   -0.178511250E-01   -0.365097811E-02
    0.386297913E-03   -0.260258325E-02    0.397568719E-02
   -0.104521036E-02    0.187807740E-02    0.177010294E-02
   -0.305332766E-03    0.121572222E-01    0.684672221E-05
    0.258137910E-03    0.610459158E-02    0.691858077E-03
   -0.116280692E-02    0.698759288E-02   -0.332615107E-02
    0.118151736E-01    0.834731659E-01    0.195985732E-01
    0.122357846E-01    0.125457268E+00    0.162438107E-01
    0.375705423E-02    0.125083318E-01    0.262047448E-03
    0.257669940E-02    0.265916336E-02   -0.495666925E-02
    0.516327462E-02   -0.516284798E-02    0.582523100E-02
    0.107124296E-02   -0.894358641E-02   -0.130861003E-02
    0.840550887E-02    0.532816200E-01   -0.969231128E-03
    0.119931514E-02   -0.215349901E-02   -0.220830674E-03
   -0.441374384E-01   -0.166605016E+00   -0.164483869E-01
   -0.161102951E-01   -0.734673071E-01   -0.928789266E-02
    0.248867470E-02    0.260118144E-01    0.548208478E-02
    0.854560305E-02    0.534630963E-01    0.436495717E-02
    0.733830372E-02   -0.140251909E-01   -0.101238499E-01
    0.846623292E-02   -0.401430954E-01   -0.120074757E-01
    0.454517121E-02   -0.330815982E-01   -0.127809945E-01
    0.320387478E-04    0.722026077E-02    0.431503314E-02
   -0.255631655E-02    0.975351424E-02    0.398744364E-02
   -0.278834734E-02   -0.180832765E-02    0.555043436E-02
