    0.136325146E+00   -0.347133041E+00    0.186991124E-01
    0.136325146E+00   -0.347133041E+00    0.186991124E-01
   -0.591971240E-01    0.144005503E+00   -0.336983359E+00
    0.161498950E+00   -0.112974864E+00    0.134671565E+00
   -0.301273064E-02   -0.460201085E-01    0.492625561E-01
   -0.124879338E+00   -0.153224642E+00   -0.226062066E+00
   -0.127285916E+00    0.323441963E+00    0.107688718E+01
   -0.981027810E-01    0.495740074E-01   -0.161217385E+01
    0.302713356E-01   -0.142146682E+00    0.866036100E-01
    0.166868132E+00   -0.537155315E-01    0.453224737E+00
    0.165289643E-01   -0.193832427E-01   -0.251818545E-01
    0.803621825E-01    0.130474966E+00    0.885381780E-01
   -0.826538005E-01   -0.915184615E-01   -0.503317975E+00
    0.124749873E-01   -0.214612932E-01    0.284176239E+00
    0.745283505E-01   -0.185953486E+00    0.664953440E-01
    0.127638641E+00   -0.731664250E-01    0.218076547E+00
    0.240329431E-01    0.527400325E-02    0.352307843E-01
   -0.181608186E+00    0.334032082E-01   -0.611091820E+00
   -0.217817419E+00    0.160981586E+00   -0.617679705E+00
   -0.206964980E-01    0.293602735E-01    0.284449970E+00
   -0.576980565E-02    0.851799085E-03    0.385093061E-01
   -0.211141716E-02    0.859674235E-02    0.997037685E-01
    0.149916394E-01    0.616729185E-02    0.135635134E+00
    0.124765253E+00    0.121145680E+00    0.250400950E+00
   -0.974281825E-02   -0.126379117E+00   -0.932208170E+00
    0.308435842E-01   -0.980521000E-02    0.906509715E+00
   -0.761864520E-02    0.206148936E-01    0.953796865E-05
    0.842271365E-02   -0.378016971E-02    0.488970270E-01
    0.532666355E-02    0.609347250E-02    0.729532440E-01
   -0.379497589E-01    0.259063521E-01    0.168957129E-01
    0.212172205E-02   -0.139021189E-03   -0.295450596E-02
   -0.193383170E-02   -0.540804615E-02   -0.145804844E-01
    0.154429186E+00    0.184153447E-01    0.658643955E+00
   -0.300634066E-02   -0.310554228E-01    0.761353635E-01
   -0.423687542E-02   -0.610138110E-02   -0.135188086E+00
   -0.121928984E-01    0.418267936E-03   -0.134393067E-01
   -0.155467861E-01    0.225281945E-03   -0.172203848E-02
   -0.559244545E-02    0.618395575E-02   -0.402192628E-01
   -0.277371516E-02    0.273812250E-02    0.668654235E-02
    0.259671624E-03    0.149743714E-02    0.217189976E-01
   -0.757417475E-03    0.506483580E-03    0.139284834E-01
   -0.612594655E-02   -0.113498310E-02   -0.101951720E-01
    0.245425105E-02    0.302422698E-02    0.670955580E-02
    0.690343925E-02   -0.113994727E-03    0.193008544E-01
    0.603413845E-02   -0.201453518E-02    0.414818237E-03
   -0.517365180E-02    0.274190715E-02    0.278342814E-02
    0.294254955E-03   -0.148841843E-04    0.942520215E-02
   -0.432705142E-02    0.115729095E-02   -0.807603795E-02
    0.149071790E-02   -0.733611615E-02   -0.340886402E-01
   -0.880396215E-03   -0.709580680E-03   -0.185210244E-01
    0.343372914E-02    0.161911547E-01    0.371893097E-01
    0.306358406E-02    0.188185871E-03   -0.151554656E-01
    0.527702915E-02    0.683855155E-02    0.344102083E-01
    0.121283167E-01   -0.779263845E-02   -0.862230360E-01
   -0.305219873E-02    0.121624712E-01    0.171464620E-01
   -0.824591765E-02    0.600783505E-02   -0.600028355E-01
   -0.274169577E-01    0.163655410E-01    0.229791831E-01
   -0.155249292E-01    0.579793835E-02   -0.234978119E-02
    0.752386545E-02   -0.280815569E-02    0.555159390E-02
    0.198124417E-02   -0.757291440E-03    0.604258130E-02
   -0.566698995E-02    0.367692290E-02    0.682317275E-02
   -0.180867302E-02    0.132092826E-02   -0.141094272E-02
   -0.993646355E-03    0.200046545E-03   -0.629578260E-02
    0.342211036E-03    0.318395967E-03   -0.204959641E-02
    0.505559935E-03    0.977667255E-03    0.379913448E-02
   -0.650945940E-02   -0.113529330E-02   -0.571003405E-02
   -0.716017975E-02    0.366391347E-02    0.359753996E-03
    0.446120690E-02   -0.606940000E-03   -0.910595210E-02
    0.294423875E-02   -0.797562225E-02   -0.166040650E-01
    0.131562580E-02    0.275860092E-02    0.822922480E-02
    0.305165806E-02   -0.281238278E-02   -0.803339895E-02
   -0.291285067E-01   -0.185546493E-01    0.419295147E-01
    0.224514898E-02   -0.243557250E-01   -0.551934715E-01
    0.191443738E-02    0.199619522E-03    0.930553205E-01
    0.212515694E-02    0.249288175E-03    0.227394318E-01
    0.209965974E-02    0.202342181E-02    0.126924879E-02
    0.359026683E-02   -0.677287665E-02   -0.216437112E-01
    0.129033836E-01   -0.803541620E-02   -0.122614885E-01
    0.105655581E-01   -0.607541305E-02   -0.334333445E-02
   -0.506441280E-02    0.200330074E-02   -0.388393990E-03
    0.584524290E-03   -0.385807858E-03   -0.363285646E-03
    0.132944874E-02   -0.602727195E-03    0.108558369E-04
    0.183895587E-02   -0.107349522E-02   -0.123864068E-02
