    0.221515798E-01    0.187381175E-01    0.250978492E+00
    0.221515798E-01    0.187381175E-01    0.250978492E+00
    0.225076516E+00   -0.467526985E+00    0.269376717E+00
   -0.605724750E-01    0.200650219E+00    0.121669755E+00
   -0.144797460E+00   -0.867101810E-02    0.108225636E-01
    0.112066160E+00   -0.402129756E+00    0.931914245E-01
   -0.566607220E+00    0.136235924E+01   -0.207612695E+00
    0.550889520E+00   -0.136413992E+01    0.731563710E-01
   -0.316864900E-01    0.131358104E+00    0.544786795E-01
   -0.273640694E+00    0.679138335E+00   -0.162955725E+00
   -0.633570765E-01    0.198705657E+00   -0.796093090E-02
   -0.150140852E+00    0.163749810E+00   -0.324684899E+00
    0.310354735E+00   -0.700362055E+00    0.184810121E+00
    0.338920165E-01    0.331896749E-01   -0.143367979E-01
    0.647318590E-01    0.791916475E-01    0.364801714E+00
   -0.115422276E+00    0.330996886E+00   -0.837830640E-02
   -0.612720605E-01    0.153562998E+00    0.187501726E-01
    0.327780639E+00   -0.843624160E+00    0.131019841E-01
    0.336315313E+00   -0.882269495E+00    0.213455019E-01
   -0.261495022E+00   -0.472121092E-02    0.210051049E-02
   -0.304605620E-01    0.654688545E-01   -0.235397921E-01
   -0.675173845E-01    0.143223467E+00   -0.397465500E-01
   -0.123761837E-01    0.176352383E+00   -0.943465650E-02
   -0.146075393E+00    0.366846764E+00   -0.110358665E+00
    0.474260847E+00   -0.120325784E+01    0.232030075E+00
   -0.261468532E+00    0.673866260E+00   -0.341338497E-01
   -0.230455520E-02    0.663766395E-02   -0.923664730E-02
   -0.244060547E-01    0.675597180E-01   -0.224118517E-02
   -0.403210466E-01    0.640284475E-01   -0.106009716E-01
   -0.722737230E-02    0.244766678E-01   -0.116193895E-01
    0.391478668E-02   -0.414788995E-03    0.698072595E-02
   -0.167056567E-01   -0.335964916E-01    0.308122534E-02
   -0.385562782E+00    0.898101430E+00   -0.288894696E+00
   -0.533459235E-01    0.101838732E+00   -0.142222745E-01
    0.179727782E+00   -0.383888587E-01   -0.331891272E-01
    0.119418448E-01   -0.191349393E-01    0.773598755E-01
    0.597543575E-02   -0.125932195E-01   -0.121015671E-01
    0.493799897E-02    0.151673756E-02    0.137307101E-02
   -0.833453745E-02    0.264717640E-01   -0.194646688E-01
   -0.259756731E-01    0.278831118E-01   -0.108846043E-01
    0.839066825E-03    0.163749626E-01   -0.522599610E-02
    0.127360160E-01   -0.279126945E-01   -0.188684319E-01
    0.616004260E-02    0.871989205E-02   -0.152077204E-01
   -0.208177223E-02    0.203786625E-01   -0.113154709E-02
   -0.338305318E-02    0.308023325E-02   -0.693860350E-02
   -0.103060435E-02    0.634164940E-02   -0.888025075E-02
    0.572087245E-02    0.438891644E-02   -0.282069898E-02
    0.134709740E-01   -0.226296064E-01    0.287079653E-01
    0.234355486E-01   -0.445884502E-01   -0.620280455E-02
   -0.233036280E-02   -0.157965970E-01   -0.204564929E-02
    0.115228930E-01   -0.158775391E-01    0.689395025E-02
    0.422211521E-01   -0.102944480E+00    0.120304869E-02
   -0.182717695E-01    0.345256892E-01   -0.835963115E-02
    0.417496224E-01   -0.939818550E-01   -0.218021291E-01
   -0.516676490E-02    0.192325509E-01   -0.191496529E-01
    0.197841171E-01   -0.516964315E-01    0.243525126E-02
   -0.652386090E-03    0.294345879E-01    0.102700325E+00
    0.139728781E-01    0.580046390E-02    0.819871310E-01
   -0.381957709E-02    0.300650112E-02    0.671818890E-02
   -0.638495660E-02    0.151182782E-01   -0.215822147E-01
   -0.369185132E-04    0.134009964E-02    0.211850739E-01
    0.432062792E-02   -0.288494560E-02    0.108217223E-01
    0.711875575E-03   -0.489516078E-02    0.106405352E-02
   -0.250464946E-02   -0.152455904E-02   -0.286485579E-03
   -0.159720788E-02    0.577036175E-02   -0.275276758E-02
   -0.200719924E-01    0.490565477E-01   -0.103064065E-01
   -0.277036754E-01    0.698595235E-01   -0.368533224E-02
    0.911777680E-02   -0.182730805E-01    0.390837542E-02
    0.750789490E-02   -0.229022235E-01    0.315469269E-02
   -0.283460111E-02    0.633009270E-02   -0.143190952E-02
    0.588476650E-02   -0.117389309E-01    0.991210140E-03
   -0.279928397E-01    0.596984930E-01    0.278078048E-01
    0.235745465E-01   -0.733179565E-01    0.168970641E-01
   -0.331884039E-01    0.875940370E-01   -0.234797357E-02
   -0.593783135E-02    0.160841992E-01   -0.980772620E-03
    0.414510300E-03    0.990960460E-05   -0.157039448E-02
    0.929986700E-02   -0.219963965E-01   -0.140643191E-02
   -0.420825091E-02   -0.193982614E-01   -0.713142640E-01
   -0.923920890E-02   -0.134611659E-01   -0.724045700E-01
   -0.211975909E-02   -0.346986078E-02   -0.550285510E-02
    0.112755896E-02    0.377779355E-03   -0.387600305E-02
    0.264686616E-03    0.345013443E-02   -0.312025419E-02
    0.161587588E-02    0.408623454E-02    0.709122265E-02
