  0.396440502690391        1.33356482749086       -1.67256993885466     
   1.18932150807117       -1.74938616941979      -0.861918693888975     
   1.98220251345196      -0.433839906714845        1.56844919367822     
   2.77508351883274        1.24258207367306       0.157473776180762     
   3.56796452421352       3.685784321191621E-002 -0.898258028882656     
   4.36084552959430      -0.609832366152947      -1.619186734166617E-002
   5.15372653497509      -3.622910398914958E-002  0.395877062753645     
   5.94660754035587       0.245725074615398       6.019654416429937E-002
   6.73948854573665       7.316041087434817E-002 -0.142269342958655     
   7.53236955111743      -7.170885776877629E-002 -7.286633974325302E-002
   8.32525055649822      -6.228242289325546E-002  2.492189355510458E-002
   9.11813156187900      -3.942466539366606E-003  4.568028655480609E-002
   9.91101256725978       2.704684791610560E-002  1.897647972089148E-002
   10.7038935726406       2.346537726782133E-002 -9.572795124732787E-003
   11.4967745780213       4.456077082372340E-003 -2.034566792240449E-002
   12.2896555834021      -1.235972002308852E-002 -1.363353744577536E-002
   13.0825365887829      -1.735822765379996E-002  2.051501559981548E-003
   13.8754175941637      -8.307890228369766E-003  1.572953259152719E-002
   14.6682985995445       9.417384446997523E-003  1.681376529827210E-002
   15.4611796049253       2.201153190705016E-002  4.914145651296912E-004
   16.2540606103060       1.266450226292755E-002 -2.295576400061554E-002
   17.0469416156868      -1.924040567678718E-002 -2.570268478817492E-002
   17.8398226210676      -3.830984620466931E-002  1.100398501801013E-002
   18.6327036264484      -1.083297665623456E-003  4.942914516811459E-002
   19.4255846318292       5.831239406857221E-002  1.585203940804415E-002
   20.2184656372100       3.171022987840925E-002 -6.449431177846600E-002
   21.0113466425907      -6.767977913293222E-002 -4.681278266883765E-002
   21.8042276479715      -5.935909943289952E-002  6.761925390226529E-002
   22.5971086533523       6.409218370820198E-002  6.797051677429515E-002
   23.3899896587331       7.199090525901469E-002 -5.706224561992945E-002
   24.1828706641139      -4.691605780481650E-002 -7.154125510710393E-002
   24.9757516694946      -6.730329076408754E-002  3.458853687033672E-002
   25.7686326748754       2.144448642937908E-002  6.018964722127314E-002
   26.5615136802562       5.109972560330069E-002 -8.969429302273391E-003
   27.3543946856370       1.559926962106916E-003 -4.084111184529177E-002
   28.1472756910178      -3.015908526431547E-002 -9.288377980218702E-003
   28.9401566963986      -1.384727572783034E-002  1.977591392411995E-002
   29.7330377017793       1.038441728292474E-002  1.531467910682589E-002
   30.5259187071601       1.412493422482508E-002 -2.595777031658412E-003
   31.3187997125409       3.131249308592932E-003 -1.096191966534785E-002
   32.1116807179217      -6.650285448902772E-003 -6.552151032838426E-003
   32.9045617233025      -7.672334904259502E-003  2.049940035137109E-003
   33.6974427286833      -2.042185747005736E-003  6.749836432564492E-003
   34.4903237340640       4.265485633432747E-003  4.977726541116133E-003
   35.2832047394448       6.323589845043670E-003 -8.654345119714713E-004
   36.0760857448256       2.716276681782348E-003 -5.904071078722763E-003
   36.8689667502064      -3.814428790015140E-003 -5.745798915289996E-003
   37.6618477555872      -7.578179647265600E-003  4.045394085359050E-004
   38.4547287609680      -3.765834339055893E-003  7.736877483575229E-003
   39.2476097663487       5.975364681491756E-003  7.995758191659010E-003
   40.0404907717295       1.152892004191647E-002 -2.313998788138657E-003
   40.8333717771103       2.952119149018530E-003 -1.364771931052360E-002
   41.6262527824911      -1.376580544101296E-002 -9.275670598807573E-003
   42.4191337878719      -1.590841674911575E-002  1.150911428962801E-002
   43.2120147932526       6.776393669768950E-003  2.197688159860171E-002
   44.0048957986334       2.657567055890190E-002  2.278102427770235E-004
   44.7977768040142       8.991899030210321E-003 -2.886981145275029E-002
   45.5906578093950      -2.819622231950542E-002 -1.872859906193272E-002
   46.3835388147758      -2.843661919488462E-002  2.415388526028781E-002
   47.1764198201566       1.667281284865908E-002  3.698743881952169E-002
   47.9693008255373       4.322986782736162E-002 -6.053622487954786E-003
   48.7621818309181       7.027627418568399E-003 -4.610335833927647E-002
   49.5550628362989      -4.474991738232650E-002 -2.155116915034066E-002
   50.3479438416797      -3.622000883304325E-002  3.861401361689237E-002
   51.1408248470605       2.752030987233782E-002  4.955601092434723E-002
   51.9337058524412       6.001768108601977E-002 -1.172050620482746E-002
   52.7265868578220       8.097032956501668E-003 -6.612974188008651E-002
   53.5194678632028      -6.661349973889046E-002 -3.083811062581145E-002
   54.3123488685836      -5.507375168234965E-002  6.050697608967469E-002
   55.1052298739644       4.726494526437929E-002  7.914761579437558E-002
   55.8981108793452       0.101312242568936      -2.683138163982994E-002
   56.6909918847259       3.199108614896293E-004 -0.119882849993337     
   57.4838728901067      -0.133393429313794      -3.317729395644077E-002
   58.2767538954875      -7.021457920373717E-002  0.140735842897918     
   59.0696349008683       0.141259784001280       0.109445287139866     
   59.8625159062491       0.148512874040850      -0.134812949118886     
   60.6553969116299      -0.121711167651830      -0.184829340459690     
   61.4482779170106      -0.215776531185361       0.102649798020944     
   62.2411589223914       7.859394845437095E-002  0.238970235390804     
   63.0340399277722       0.252553840969004      -5.069817505649249E-002
   63.8269209331530      -2.028782117599256E-002 -0.255451887429021     
   64.6198019385338      -0.247505264732354      -1.111335856326099E-002
   65.4126829439146      -4.176885549713395E-002  0.229447389814641     
   66.2055639492953       0.202745265739209       6.979102583617718E-002
   66.9984449546761       9.329819182088558E-002 -0.169375970495920     
   67.7913259600569      -0.131609000645386      -0.110631429046836     
   68.5842069654377      -0.120567032392082       9.182947836111727E-002
   69.3770879708185       5.240009294242574E-002  0.122470015038498     
   70.1699689761992       0.116363241347816      -1.554343719849959E-002
   70.9628499815800       1.676925235801384E-002 -0.102913672222464     
   71.7557309869608      -8.335160500745173E-002 -4.292455506682248E-002
   72.5486119923416      -6.176031984769965E-002  5.934245039122969E-002
   73.3414929977224       3.282919439022575E-002  7.263435701085559E-002
   74.1343740031032       7.545821918753159E-002 -5.861372703744525E-003
   74.9272550084840       1.957537975112483E-002 -7.069024925957200E-002
   75.7201360138647      -5.928718199646836E-002 -4.171644210203938E-002
   76.5130170192455      -5.915057324981440E-002  4.261836118009218E-002
   77.3058980246263       2.235049320907155E-002  7.091789103467706E-002
   78.0987790300071       7.656614958628241E-002 -3.134393847022687E-004
   78.8916600353879       2.164142683117291E-002 -7.616091768933123E-002
   79.6845410407687      -7.024891251575924E-002 -4.177941257137894E-002
   80.4774220461494      -5.860831249276498E-002  5.977838791818223E-002
   81.2703030515302       4.598610853259669E-002  7.098504070530326E-002
   82.0631840569110       7.819704660194636E-002 -3.026600142789210E-002
   82.8560650622918      -1.403753867084332E-002 -8.001105343906886E-002
   83.6489460676726      -7.667980327329088E-002 -1.370463347141165E-003
   84.4418270730533      -1.481262063817343E-002  6.889920718288420E-002
   85.2347080784341       5.771631810421556E-002  2.539687220899333E-002
   86.0275890838149       3.253549864798665E-002 -4.440037235551510E-002
   86.8204700891957      -3.029799671020389E-002 -3.597798481473264E-002
   87.6133510945765      -3.582082011791130E-002  1.669448198867477E-002
   88.4062320999573       4.696874159286425E-003  3.248742758099513E-002
   89.1991131053380       2.667523035822017E-002  4.853214298520341E-003
   89.9919941107188       1.143453526991003E-002 -1.927367821796687E-002
   90.7848751160996      -1.126295741116354E-002 -1.486866312071523E-002
   91.5777561214804      -1.531074192917917E-002  3.606043805213542E-003
   92.3706371268612      -2.853164671949050E-003  1.321051172726159E-002
   93.1635181322419       9.247550165638814E-003  7.474663788342891E-003
   93.9563991376227       9.881827986290170E-003 -4.246948174673887E-003
   94.7492801430035       9.163597730501164E-004 -9.990393686113578E-003
   95.5421611483843      -8.005033424380116E-003 -5.415141648084866E-003
   96.3350421537651      -8.559563334762939E-003  4.384844694632850E-003
   97.1279231591459      -2.179267714602454E-004  9.870080112728181E-003
   97.9208041645266       9.126277204431819E-003  5.039072767439899E-003
   98.7136851699074       9.294794793620114E-003 -6.386861136158281E-003
   99.5065661752882      -1.978938928785325E-003 -1.227550811672473E-002
   100.299447180669      -1.343121556832621E-002 -3.542154084836529E-003
   101.092328186050      -9.458223291824802E-003  1.243941276633521E-002
   101.885209191431       9.248172138268373E-003  1.497197387209583E-002
   102.678090196811       1.930050820652221E-002 -4.089470136848694E-003
   103.470971202192       2.539211392044334E-003 -2.176894659825338E-002
   104.263852207573      -2.189452248399315E-002 -9.923705877811816E-003
   105.056733212954      -1.720784773926223E-002  1.945233016109022E-002
   105.849614218334       1.451546883828226E-002  2.348663028492192E-002
   106.642495223715       2.790841081297747E-002 -7.464529439507586E-003
   107.435376229096       1.035867827179595E-003 -2.977575730920886E-002
   108.228257234477      -2.863463559056294E-002 -1.009259209749593E-002
   109.021138239858      -1.866735379308707E-002  2.434268982937818E-002
   109.814019245238       1.710918963191440E-002  2.568060058546701E-002
   110.606900250619       3.012628486563639E-002 -7.501654657849648E-003
   111.399781256000       3.582903581825472E-003 -3.118643173493008E-002
   112.192662261381      -2.833415100904706E-002 -1.498093349385547E-002
   112.985543266762      -2.535498074510801E-002  2.141454239688156E-002
   113.778424272142       1.069471788683243E-002  3.330842961573838E-002
   114.571305277523       3.751226042620240E-002  3.123280782456152E-003
   115.364186282904       1.892980938924228E-002 -3.683207501738694E-002
   116.157067288285      -3.044304184884585E-002 -3.527503101520674E-002
   116.949948293665      -5.047307268947489E-002  1.792102886785246E-002
   117.742829299046      -6.998385872933948E-004  6.273688003400389E-002
   118.535710304427       7.033566411677242E-002  2.490948876146941E-002
   119.328591309808       5.374528481953280E-002 -7.176529332433944E-002
   120.121472315189      -6.592024090427331E-002 -8.585110055671603E-002
   120.914353320569      -0.119559649531179       5.225242436256174E-002
   121.707234325950       3.089621599874388E-002  0.152980786566103     
   122.500115331331       0.184080557371736      -2.730890073930004E-003
   123.292996336712       3.065256660610936E-002 -0.210749159781064     
   124.085877342092      -0.230879065858851      -6.710332723624761E-002
   124.878758347473      -0.104171230624609       0.242493564804235     
   125.671639352854       0.243958338940730       0.139416798096959     
   126.464520358235       0.170676569068920      -0.234262434212079     
   127.257401363616      -0.213291243861141      -0.196203698404049     
   128.050282368996      -0.214670869951982       0.181981884431591     
   128.843163374377       0.142285291963150       0.225098975560008     
   129.636044379758       0.226803660107556      -9.694115278700575E-002
   130.428925385139      -4.914353808698951E-002 -0.219416003776503     
   131.221806390520      -0.202969243068048       2.193444516483449E-003
   132.014687395900      -4.079613346241338E-002  0.177999514588634     
   132.807568401281       0.145605180137806       7.712114268287977E-002
   133.600449406662       0.104640563043314      -0.107433280659063     
   134.393330412043      -6.558997074511917E-002 -0.121877791346021     
   135.186211417423      -0.128078152094234       2.249054875844067E-002
   135.979092422804      -1.932785516081739E-002  0.123224463131552     
   136.771973428185       0.108009430544216       5.740769155945782E-002
   137.564854433566       8.956615460388585E-002 -8.376475147533072E-002
   138.357735438947      -5.235058193287747E-002 -0.114067338007047     
   139.150616444327      -0.129757998957140       1.601371470190461E-002
   139.943497449708      -2.277297680491046E-002  0.136156352162297     
   140.736378455089       0.133485338266472       6.147476297515260E-002
   141.529259460470       9.764848090382791E-002 -0.122643168203584     
   142.322140465850      -0.105105886933898      -0.129075816655184     
   143.115021471231      -0.153876876505407       8.276232435316137E-002
   143.907902476612       5.769504827537318E-002  0.170615113254239     
   144.700783481993       0.178407149937737      -3.194205508760527E-002
   145.493664487374      -7.293192267078530E-003 -0.177035762463582     
   146.286545492754      -0.167033383212263      -1.482643917666596E-002
   147.079426498135      -3.336920359313120E-002  0.149679600797728     
   147.872307503516       0.126868947897896       4.761046910354172E-002
   148.665188508897       5.709499422203285E-002 -0.100858713245193     
   149.458069514277      -7.396436039541894E-002 -6.163304955484657E-002
   150.250950519658      -6.134231959825966E-002  4.828764764978803E-002
   151.043831525039       2.553148622209504E-002  5.669067012734048E-002
   151.836712530420       4.849361459334596E-002 -6.907770099831496E-003
   152.629593535801       6.885409292390021E-003 -3.784842850996819E-002
   153.422474541181      -2.601686032801925E-002 -1.564389476015335E-002
   154.215355546562      -1.961083036371226E-002  1.428334032149647E-002
   155.008236551943       3.815621792052881E-003  1.940887986358589E-002
   155.801117557324       1.595307677248130E-002  4.452337452477880E-003
   156.593998562705       9.903406187663496E-003 -1.034740203195743E-002
   157.386879568085      -3.771338488049277E-003 -1.228072457546920E-002
   158.179760573466      -1.169076063527573E-002 -2.634727546401962E-003
   158.972641578847      -7.875257747217736E-003  8.568810999106620E-003
   159.765522584228       3.612737948691093E-003  1.118690864710539E-002
   160.558403589608       1.209965387688094E-002  2.306909917722739E-003
   161.351284594989       8.250596674214582E-003 -1.046652868943766E-002
   162.144165600370      -6.460072924211083E-003 -1.331670084728692E-002
   162.937046605751      -1.674106119284799E-002  5.369801614766015E-004
   163.729927611132      -6.624279619265297E-003  1.797948296095489E-002
   164.522808616512       1.676507249333415E-002  1.420542528742887E-002
   165.315689621893       2.134084336784375E-002 -1.313438031865184E-002
   166.108570627274      -7.419058255364362E-003 -2.721125235780253E-002
   166.901451632655      -3.113030704534508E-002  2.033052573729120E-004
   167.694332638036      -7.748135580727426E-003  3.261761523886905E-002
   168.487213643416       3.145285947823741E-002  1.558194900276777E-002
   169.280094648797       2.245542567240365E-002 -2.770581776676127E-002
   170.072975654178      -2.173690985773099E-002 -2.762994757826159E-002
   170.865856659559      -3.054902136920648E-002  1.416441791321699E-002
   171.658737664939       5.798929014770744E-003  3.089549828670202E-002
   172.451618670320       2.862568834393206E-002  2.448308816777478E-003
   173.244499675701       9.671295612965727E-003 -2.397890830343378E-002
   174.037380681082      -1.746087266263133E-002 -1.507562844806287E-002
   174.830261686463      -1.807262618939264E-002  9.800117745941044E-003
   175.623142691843       1.879078563986383E-003  1.835145022155278E-002
   176.416023697224       1.592262561491917E-002  5.355167372506995E-003
   177.208904702605       1.099233692603568E-002 -1.112927349183294E-002
   178.001785707986      -4.625086203416332E-003 -1.426240659957542E-002
   178.794666713366      -1.463037883969171E-002 -2.679167260651476E-003
   179.587547718747      -9.696006734498389E-003  1.187235319885963E-002
   180.380428724128       6.124668655729529E-003  1.526120549380801E-002
   181.173309729509       1.824383258628696E-002  2.099633244107287E-003
   181.966190734890       1.192990948757983E-002 -1.765529103676161E-002
   182.759071740270      -1.274561555351748E-002 -2.219261980808447E-002
   183.551952745651      -3.149932288821974E-002  3.075765989472229E-003
   184.344833751032      -1.144338088664998E-002  3.836428592784755E-002
   185.137714756413       4.134787949133156E-002  3.055047662369094E-002
   185.930595761794       5.366927859074808E-002 -3.922236701745456E-002
   186.723476767174      -3.115524703345401E-002 -7.996651970137170E-002
   187.516357772555      -0.108404211639149       1.689706911820683E-002
   188.309238777936      -3.059580684908906E-003  0.137749762542811     
   189.102119783317       0.166519425726312       2.741324211792744E-002
   189.895000788697       5.416117502404141E-002 -0.192878597663593     
   190.687881794078      -0.214596539131506      -8.093237652529653E-002
   191.480762799459      -0.105490693775547       0.229197091980711     
   192.273643804840       0.234384632783459       0.126215775651336     
   193.066524810221       0.142320982767771      -0.228647671737101     
   193.859405815601      -0.211772543051616      -0.153696219442675     
   194.652286820982      -0.160501052981381       0.185000810373810     
   195.445167826363       0.150761490673929       0.162783916840345     
   196.238048831744       0.160343781209386      -0.112140834839852     
   197.030929837124      -7.233843947321950E-002 -0.152857322165683     
   197.823810842505      -0.140139811098176       3.427628802871298E-002
   198.616691847886       3.900978399872801E-004  0.122382011851911     
   199.409572853267       0.100271580135493       2.745291104110612E-002
   200.202453858648       4.797681740767312E-002 -7.498566566514450E-002
   200.995334864028      -4.808619492166754E-002 -6.049947086516044E-002
   201.788215869409      -6.492416204342004E-002  2.135976777568098E-002
   202.581096874790      -3.362740662589382E-003  6.171436445459740E-002
   203.373977880171       5.184266736524706E-002  2.438204230034657E-002
   204.166858885551       4.028495114752197E-002 -3.670903143917337E-002
   204.959739890932      -1.802935599492491E-002 -5.006606679011034E-002
   205.752620896313      -5.320896981872677E-002 -2.299447219114164E-003
   206.545501901694      -2.234798209545127E-002  4.972265475186162E-002
   207.338382907075       4.013234192377874E-002  4.030453057768221E-002
   208.131263912455       5.461428956036454E-002 -2.542727612443674E-002
   208.924144917836      -6.971391993454638E-003 -6.409582347258914E-002
   209.717025923217      -6.802468673712786E-002 -1.361453763648887E-002
   210.509906928598      -3.458876607483452E-002  6.617694028502553E-002
   211.302787933979       5.882887087023115E-002  5.423107348501124E-002
   212.095668939359       7.098061244440476E-002 -4.671342117466194E-002
   212.888549944740      -3.093827333711151E-002 -8.355857345307918E-002
   213.681430950121      -9.106627211552468E-002  1.287455696421147E-002
   214.474311955502      -5.972024113289211E-003  9.305064303598497E-002
   215.267192960882       8.953102696365245E-002  2.409484706607501E-002
   216.060073966263       4.011286308518520E-002 -8.098399854896046E-002
   216.852954971644      -6.828696747744217E-002 -5.288008888597115E-002
   217.645835977025      -6.157072023750284E-002  5.262593187735081E-002
   218.438716982406       3.537707312258906E-002  6.573469614093272E-002
   219.231597987786       6.532044418941908E-002 -1.797482517973065E-002
   220.024478993167      -1.780070206999412E-003 -6.066349528961160E-002
   220.817359998548      -5.244201404581024E-002 -1.203872411380151E-002
   221.610241003929      -2.260080591542710E-002  4.160306503374646E-002
   222.403122009309       2.926628114230133E-002  2.937722807302991E-002
   223.196003014690       3.221936122309027E-002 -1.661400315817843E-002
   223.988884020071      -4.778462291195338E-003 -3.135079842606759E-002
   224.781765025452      -2.732482396278725E-002 -5.263079829493715E-003
   225.574646030833      -1.277517052392320E-002  2.095254565637458E-002
   226.367527036213       1.320926112049898E-002  1.732482395599215E-002
   227.160408041594       1.881053628519827E-002 -5.128448462164480E-003
   227.953289046975       2.306232918911136E-003 -1.745738504992424E-002
   228.746170052356      -1.377929016968155E-002 -8.260488583365536E-003
   229.539051057737      -1.213094509233895E-002  8.512706633112174E-003
   230.331932063117       2.528760632490422E-003  1.360097494503743E-002
   231.124813068498       1.266557426760694E-002  3.267115559594408E-003
   231.917694073879       8.037831864752071E-003 -9.623094787946549E-003
   232.710575079260      -5.034858126219234E-003 -1.110917433603056E-002
   233.503456084640      -1.204664477573203E-002 -3.431890211471776E-004
   234.296337090021      -5.649881871718863E-003  1.070676291324228E-002
   235.089218095402       7.257482263592654E-003  1.002032350684377E-002
   235.882099100783       1.268923156568902E-002 -2.165390426542549E-003
   236.674980106164       3.849371343370117E-003 -1.308566353240808E-002
   237.467861111544      -1.090937428047246E-002 -9.886330298399613E-003
   238.260742116925      -1.495906283424639E-002  6.180729052450470E-003
   239.053623122306      -7.414578710928273E-004  1.810153474051902E-002
   239.846504127687       1.847582964670065E-002  9.176797510140821E-003
   240.639385133067       1.817430812045203E-002 -1.547030856060884E-002
   241.432266138448      -8.777911032659711E-003 -2.659372277212555E-002
   242.225147143829      -3.321054535447968E-002 -1.553978234145307E-003
   243.018028149210      -1.510798727343499E-002  3.683612192271035E-002
   243.810909154591       3.644261832029402E-002  3.111790661390348E-002
   244.603790159971       4.852477255396401E-002 -3.128215833112440E-002
   245.396671165352      -2.098923793501386E-002 -6.606181879448596E-002
   246.189552170733      -8.235848740065781E-002  5.655562049012167E-003
   246.982433176114      -1.413343443170844E-002  9.605161383996681E-002
   247.775314181495       0.105892638712751       3.731029212892005E-002
   248.568195186875       6.239231068069299E-002 -0.110843584690052     
   249.361076192256      -0.110160068841292      -8.760330470741345E-002
   250.153957197637      -0.111039348107861       0.103463380255758     
   250.946838203018       9.080219555159513E-002  0.130855916120039     
   251.739719208398       0.145447176764852      -7.269750136666202E-002
   252.532600213779      -5.015610981032809E-002 -0.153590977834922     
   253.325481219160      -0.154544694064809       2.463547929783066E-002
   254.118362224541      -2.050666092724536E-003  0.148091428496762     
   254.911243229922       0.134545675571240       2.788234083988874E-002
   255.704124235302       5.082073616680275E-002 -0.114728897926222     
   256.497005240683      -8.992067490886893E-002 -6.900632714819824E-002
   257.289886246064      -8.094072651206011E-002  6.178542832070175E-002
   258.082767251445       3.227255545939040E-002  8.563149298267811E-002
   258.875648256826       8.268744632165015E-002 -3.490157090344470E-003
   259.668529262206       2.244233355968262E-002 -7.235940837750468E-002
   260.461410267587      -5.552654482685193E-002 -4.355209393000197E-002
   261.254291272968      -5.816748878222782E-002  3.363204191098600E-002
   262.047172278349       8.574575543530435E-003  6.505439379131328E-002
   262.840053283729       6.352063431320742E-002  1.743554917608276E-002
   263.632934289110       4.204456443523279E-002 -5.347774383971192E-002
   264.425815294491      -3.545305546402032E-002 -6.293512270606852E-002
   265.218696299872      -7.800471520021807E-002  1.054946543741894E-002
   266.011577305253      -1.964522796284699E-002  8.553013838833952E-002
   266.804458310633       8.430761068992901E-002  5.319279431920714E-002
   267.597339316014       8.797125682222216E-002 -7.376139439361820E-002
   268.390220321395      -5.401737722904514E-002 -0.121856714911775     
   269.183101326776      -0.152897249235847       2.594031434501218E-002
   269.975982332156      -8.868247023108566E-003  0.179450643244720     
   270.768863337537       0.200257105878268       4.812220029891336E-002
   271.561744342918       8.897678451552421E-002 -0.214429264183860     
   272.354625348299      -0.221370802252152      -0.128259577600733     
   273.147506353680      -0.162822990979646       0.220678106660390     
   273.940387359060       0.212111081863700       0.189982692842996     
   274.733268364441       0.207932067323810      -0.195700814797760     
   275.526149369822      -0.171976293680008      -0.215980753292297     
   276.319030375203      -0.214513867806401       0.142185181795731     
   277.111911380583       0.108344946578718       0.204701107784283     
   277.904792385964       0.188110035561423      -7.304026594845135E-002
   278.697673391345      -3.902603632181976E-002 -0.166397837863629     
   279.490554396726      -0.141165445475746       8.790981832535726E-003
   280.283435402107      -1.577403198604712E-002  0.113942823481116     
   281.076316407487       8.621794678063061E-002  3.354043395879364E-002
   281.869197412868       4.415539435277083E-002 -5.943768472065822E-002
   282.662078418249      -3.495633590751655E-002 -4.795573720012576E-002
   283.454959423630      -4.583069079061541E-002  1.394606962111011E-002
   284.247840429011      -2.701363704471441E-003  3.906432176188625E-002
   285.040721434391       2.917370399905754E-002  1.445483964141160E-002
   285.833602439772       2.118887238676848E-002 -1.775165240101607E-002
   286.626483445153      -6.321067069625440E-003 -2.318629028384683E-002
   287.419364450534      -2.109915887636620E-002 -3.791829442788353E-003
   288.212245455914      -1.155805253778298E-002  1.587386620025194E-002
   289.005126461295       8.649725652341012E-003  1.631395027841240E-002
   289.798007466676       1.779271154379369E-002 -6.424395828100015E-004
   290.590888472057       6.975462234948414E-003 -1.611806772232405E-002
   291.383769477438      -1.176219094633398E-002 -1.318542341843044E-002
   292.176650482818      -1.721444532359616E-002  5.472916339272199E-003
   292.969531488199      -1.821917899162782E-003  1.859919398833573E-002
   293.762412493580       1.721723086096083E-002  9.123289533349245E-003
   294.555293498961       1.547224150180518E-002 -1.328324436050899E-002
   295.348174504342      -7.311556704325172E-003 -2.005283557548023E-002
   296.141055509722      -2.227708229526332E-002  4.939250680727572E-005
   296.933936515103      -7.611871627272102E-003  2.184400376569279E-002
   297.726817520484       1.876757421938131E-002  1.473825554135718E-002
   298.519698525865       2.045721103261623E-002 -1.337133410360170E-002
   299.312579531245      -6.250707013703664E-003 -2.405374427610462E-002
   300.105460536626      -2.504912663347402E-002 -1.792833717761823E-003
   300.898341542007      -9.838894393219291E-003  2.325448559972683E-002
   301.691222547388       1.879406819732116E-002  1.694769371836459E-002
   302.484103552769       2.226193320336268E-002 -1.209594365208308E-002
   303.276984558149      -3.851085264212319E-003 -2.510074078334693E-002
   304.069865563530      -2.503621260941150E-002 -5.055150634618002E-003
   304.862746568911      -1.363243528381353E-002  2.194477444209153E-002
   305.655627574292       1.602802302241635E-002  2.088699590062113E-002
   306.448508579672       2.592526545479244E-002 -7.800657616390136E-003
   307.241389585053       1.953704371270085E-003 -2.804938557224931E-002
   308.034270590434      -2.683500526780104E-002 -1.225491356203337E-002
   308.827151595815      -2.202019617172304E-002  2.218344931927616E-002
   309.620032601196       1.434273163194249E-002  3.017074759722858E-002
   310.412913606576       3.574083318301204E-002 -3.894836743628727E-003
   311.205794611957       8.290092641548810E-003 -3.797881164145038E-002
   311.998675617338      -3.643007191300610E-002 -2.112885213917541E-002
   312.791556622719      -3.342292660245547E-002  3.099339109660892E-002
   313.584437628099       2.194456457723775E-002  4.397007382801235E-002
   314.377318633480       5.167955909039747E-002 -9.924148256008101E-003
   315.170199638861       4.110456689433956E-003 -5.568043331265557E-002
   315.963080644242      -5.541275054215626E-002 -1.896486058209325E-002
   316.755961649623      -3.331255179780319E-002  5.069295711315892E-002
   317.548842655003       4.174672533477923E-002  4.581528328482307E-002
   318.341723660384       5.524792236679864E-002 -2.920513096144650E-002
   319.134604665765      -1.406318060615919E-002 -6.061630954818802E-002
   319.927485671146      -6.125740588314318E-002 -2.396874265514347E-003
   320.720366676527      -1.871153293678304E-002  5.691265739943275E-002
   321.513247681907       4.776779797396519E-002  3.336236610436042E-002
   322.306128687288       4.491143607841032E-002 -3.445504111930468E-002
   323.099009692669      -1.801665203131238E-002 -5.213351481660549E-002
   323.891890698050      -5.413298548480738E-002 -1.678748397555725E-004
   324.684771703430      -1.848558175018095E-002  5.043465414588798E-002
   325.477652708811       4.103996431722340E-002  3.521638770799448E-002
   326.270533714192       4.867135650779505E-002 -2.644303347879755E-002
   327.063414719573      -7.604245784014599E-003 -5.733089930969646E-002
   327.856295724954      -5.997068978779582E-002 -1.411744339920340E-002
   328.649176730334      -3.706910373775164E-002  5.576404835570054E-002
   329.442057735715       4.435175353395621E-002  5.943817776624757E-002
   330.234938741096       7.940733123845997E-002 -2.587364351750798E-002
   331.027819746477      -9.609305184923034E-004 -9.531909825359575E-002
   331.820700751857      -0.105838394065568      -2.930630866943799E-002
   332.613581757238      -6.346609326967517E-002  0.110099080229348     
   333.406462762619       0.107816999423620       9.975097962258751E-002
   334.199343768000       0.136159162056440      -9.934583064185480E-002
   334.992224773381      -8.564654091616423E-002 -0.170515121990431     
   335.785105778761      -0.200536571639708       6.814479461706315E-002
   336.577986784142       4.847639043072213E-002  0.223951082614300     
   337.370867789523       0.238713792768125      -2.817392010573804E-002
   338.163748794904      -8.406444118403633E-003 -0.243337540319286     
   338.956629800285      -0.237257417114054      -1.010457340885516E-002
   339.749510805665      -2.694824139013405E-002  0.221069982348594     
   340.542391811046       0.196498794915639       4.175892428028855E-002
   341.335272816427       5.400548256276914E-002 -0.166065940093217     
   342.128153821808      -0.132605051358680      -6.297552560128264E-002
   342.921034827188      -6.795441544411218E-002  9.881136747908216E-002
   343.713915832569       6.695618103694104E-002  6.847977353481488E-002
   344.506796837950       6.453573382851975E-002 -3.877507524607630E-002
   345.299677843331      -1.546477823408618E-002 -5.661629275352652E-002
   346.092558848712      -4.566284749074264E-002 -2.281261864769626E-003
   346.885439854092      -1.423528455762946E-002  3.292128829788087E-002
   347.678320859473       1.976754802773185E-002  2.060003969497638E-002
   348.471201864854       2.196559904739397E-002 -7.536872158777668E-003
   349.264082870235       2.622631389940084E-003 -1.924767799456838E-002
   350.056963875615      -1.360346745634938E-002 -9.861481010348706E-003
   350.849844880996      -1.370022015444479E-002  6.327969100822345E-003
   351.642725886377      -1.261174678358590E-003  1.405896396085289E-002
   352.435606891758       1.124604200718233E-002  7.939756694592289E-003
   353.228487897139       1.268280395379397E-002 -5.909328910540074E-003
   354.021368902519       1.043583209500900E-003 -1.474988479409350E-002
   354.814249907900      -1.374183167971310E-002 -8.547994556508079E-003
   355.607130913281      -1.549751524640078E-002  9.623740167606049E-003
   356.400011918662       2.712598252375490E-003  2.086153122828226E-002
   357.192892924042       2.379402622630159E-002  6.368361614862771E-003
   357.985773929423       1.676286959455512E-002 -2.372385309239801E-002
   358.778654934804      -2.041780169017690E-002 -2.747364427914686E-002
   359.571535940185      -3.746274465920534E-002  1.400934822056561E-002
   360.364416945566       4.987971131341262E-003  4.574996420193671E-002
   361.157297950946       5.150138159447666E-002  5.852900224689976E-003
   361.950178956327       1.750599158153810E-002 -5.410386723224025E-002
   362.743059961708      -5.322412237740000E-002 -2.886779171087562E-002
   363.535940967089      -3.886605097939526E-002  4.885040706761081E-002
   364.328821972470       4.131136545962327E-002  4.657656167541871E-002
   365.121702977850       5.131254744252915E-002 -3.126259527723825E-002
   365.914583983231      -1.963267123269762E-002 -5.267957577709086E-002
   366.707464988612      -5.059864744208796E-002  7.528264014893649E-003
   367.500345993993      -3.890546752735417E-003  4.530442204185407E-002
   368.293226999373       3.732339068329623E-002  1.354508701009843E-002
   369.086108004754       2.056188773100025E-002 -2.743217871911105E-002
   369.878989010135      -1.659398926445283E-002 -2.436918792550787E-002
   370.671870015516      -2.475703266928770E-002  5.873333270416923E-003
   371.464751020897      -3.666049862123245E-003  2.189786100045578E-002
   372.257632026277       1.632829287837587E-002  1.107065376394706E-002
   373.050513031658       1.560216598857261E-002 -8.895226385192344E-003
   373.843394037039      -6.713843129126451E-004 -1.682597439048174E-002
   374.636275042420      -1.467303098738199E-002 -7.152455593477131E-003
   375.429156047801      -1.338929839037076E-002  9.467794455267584E-003
   376.222037053181       1.918491375152482E-003  1.698104183185526E-002
   377.014918058562       1.711532155716403E-002  6.930310351479597E-003
   377.807799063943       1.577914325654501E-002 -1.332279929978249E-002
   378.600680069324      -5.544843412371053E-003 -2.318212321314652E-002
   379.393561074704      -2.767289431229771E-002 -5.836329638922498E-003
   380.186442080085      -2.001017988962862E-002  2.789687419024178E-002
   380.979323085466       2.273838941746224E-002  3.579485711421697E-002
   381.772204090847       5.173678286728638E-002 -1.143260158350915E-002
   382.565085096228       6.345033980217282E-003 -6.624653002742072E-002
   383.357966101608      -7.775938672143995E-002 -3.041527523363803E-002
   384.150847106989      -6.005795968154064E-002  8.490248591034386E-002
   384.943728112370       8.664375564109368E-002  9.400166215687551E-002
   385.736609117751       0.130445857424450      -8.239463953366648E-002
   386.529490123131      -7.204413776813157E-002 -0.167130631842593     
   387.322371128512      -0.201475270617997       5.592022733742611E-002
   388.115252133893       3.470207977232781E-002  0.230799332461119     
   388.908133139274       0.252612549250003      -9.327669788436341E-003
   389.701014144655       1.906143057547428E-002 -0.264923106181420     
   390.493895150035      -0.266491393101145      -4.912692688790676E-002
   391.286776155416      -7.932109208162710E-002  0.256967556349931     
   392.079657160797       0.236892265304628       0.107903980652115     
   392.872538166178       0.133027640539453      -0.207585516868871     
   393.665419171558      -0.170972392708282      -0.152889804675802     
   394.458300176939      -0.165926803564558       0.129390840822797     
   395.251181182320       8.540690670438536E-002  0.171001452267396     
   396.044062187701       0.167547413725505      -4.164402106687299E-002
   396.836943193082      -6.240115328183388E-004 -0.155647606773858     
   397.629824198462      -0.136040647715581      -3.538196815156737E-002
   398.422705203843      -6.448945879341003E-002  0.110060973715024     
   399.215586209224       7.952472674984326E-002  8.531590697205416E-002
   400.008467214605       9.706533472032859E-002 -4.657631855201393E-002
   400.801348219986      -1.351153850216744E-002 -9.957367072365797E-002
   401.594229225366      -9.330900510122747E-002 -1.740693765948871E-002
   402.387110230747      -4.412643791014607E-002  7.932520943748651E-002
   403.179991236128       5.917181568251581E-002  6.495972697949477E-002
   403.972872241509       7.870724096773976E-002 -3.476715683825067E-002
   404.765753246890      -8.245120043601971E-003 -8.473725816500469E-002
   405.558634252270      -8.301864311068097E-002 -1.821182474978009E-002
   406.351515257651      -4.253953929619890E-002  7.410468776493045E-002
   407.144396263032       5.907053771086340E-002  6.294542825373527E-002
   407.937277268413       7.803564803744387E-002 -3.941040650471898E-002
   408.730158273793      -1.690394505398381E-002 -8.690643720564149E-002
   409.523039279174      -8.919295837868155E-002 -6.536501931657356E-003
   410.315920284555      -2.902462953473271E-002  8.507283398404583E-002
   411.108801289936       7.522550020786216E-002  4.885146212454766E-002
   411.901682295317       6.461657602530875E-002 -6.075220771330474E-002
   412.694563300697      -4.306462958663740E-002 -7.532854446337800E-002
   413.487444306078      -8.046679090868003E-002  2.375237019154126E-002
   414.280325311459       4.441095288900319E-003  8.000067385437780E-002
   415.073206316840       7.436562318312524E-002  1.334650695707426E-002
   415.866087322220       2.831518237873748E-002 -6.440005138310864E-002
   416.658968327601      -5.125014896540780E-002 -3.949664182166526E-002
   417.451849332982      -4.631613966093705E-002  3.625223955984451E-002
   418.244730338363       2.080395766192589E-002  4.862114398412699E-002
   419.037611343744       4.667069180047624E-002 -6.236073467060014E-003
   419.830492349124       6.303656022356861E-003 -4.108768325555787E-002
   420.623373354505      -3.277975520585857E-002 -1.594461719113355E-002
   421.416254359886      -2.215767167277940E-002  2.283714667909860E-002
   422.209135365267       1.241787367873292E-002  2.478477210702468E-002
   423.002016370648       2.403221448643952E-002 -2.631419743500570E-003
   423.794897376028       5.568022374058173E-003 -2.042926783319002E-002
   424.587778381409      -1.475711284360716E-002 -1.146890256302689E-002
   425.380659386790      -1.466246009556479E-002  7.955712242088273E-003
   426.173540392171       1.018173054120114E-003  1.507060026182961E-002
   426.966421397551       1.293959320558787E-002  5.116831322906521E-003
   427.759302402932       9.664015945677862E-003 -8.800978526311551E-003
   428.552183408313      -3.404181501580423E-003 -1.207225466973368E-002
   429.345064413694      -1.207949723945467E-002 -2.371988257922467E-003
   430.137945419075      -7.619822844145680E-003  9.736761115968823E-003
   430.930826424455       5.399177827734715E-003  1.150497346656930E-002
   431.723707429836       1.336016230246655E-002  3.147093858570102E-004
   432.516588435217       6.591122732399969E-003 -1.276090870268933E-002
   433.309469440598      -9.575600688907017E-003 -1.250978376744888E-002
   434.102350445978      -1.714432934545751E-002  3.984742249689136E-003
   434.895231451359      -3.532790411594051E-003  1.966445685374815E-002
   435.688112456740       1.942975084572693E-002  1.224540471793239E-002
   436.480993462121       2.124206063980252E-002 -1.606602653677057E-002
   437.273874467502      -9.516754789654268E-003 -2.952592345713924E-002
   438.066755472882      -3.611880191858921E-002  6.444441770030000E-005
   438.859636478263      -1.168059840479519E-002  4.016528250561907E-002
   439.652517483644       4.102524413925566E-002  2.482423988505065E-002
   440.445398489025       3.826297662184330E-002 -3.834483464170169E-002
   441.238279494405      -3.209904494080705E-002 -5.078412435050743E-002
   442.031160499786      -6.118388755090702E-002  2.260307406691565E-002
   442.824041505167       1.049339984139823E-002  6.839190807288019E-002
   443.616922510548       7.158801264037107E-002  3.318417732394014E-003
   444.409803515929       1.771579983081241E-002 -7.029639970126393E-002
   445.202684521309      -6.444539938787557E-002 -3.146774141877100E-002
   445.995565526690      -4.333546989874275E-002  5.438639695881396E-002
   446.788446532071       4.087140996576971E-002  5.218797559706863E-002
   447.581327537452       5.711606462338263E-002 -2.499329711022212E-002
   448.374208542832      -8.095169405130880E-003 -5.753273766210523E-002
   449.167089548213      -5.324815380933073E-002 -8.343063838679032E-003
   449.959970553594      -2.283210712235591E-002  4.451004217589363E-002
   450.752851558975       3.200433299326429E-002  3.400481618871828E-002
   451.545732564356       4.074134522790555E-002 -1.681510204180913E-002
   452.338613569736      -3.470421460530539E-004 -4.227734043751050E-002
   453.131494575117      -3.828548770547281E-002 -1.578274431876720E-002
   453.924375580498      -2.987398151067943E-002  2.892256559520337E-002
   454.717256585879       1.483680792106877E-002  4.028183031108339E-002
   455.510137591260       4.555217664423219E-002  2.866470359134149E-003
   456.303018596640       2.269978660785309E-002 -4.454091945681450E-002
   457.095899602021      -3.650575036527556E-002 -4.290484781036419E-002
   457.888780607402      -6.159411611967111E-002  2.116137665904873E-002
   458.681661612783      -1.306854926084344E-003  7.691522243364986E-002
   459.474542618163       8.723059046551238E-002  3.026999538617211E-002
   460.267423623544       6.471386314047051E-002 -9.130414095522910E-002
   461.060304628925      -8.848375700854252E-002 -0.103308948326248     
   461.853185634306      -0.144462371791943       7.885855759490293E-002
   462.646066639687       6.335135201400925E-002  0.186321287334810     
   463.438947645067       0.226717290429443      -4.368376057550022E-002
   464.231828650448      -2.214453870985311E-002 -0.263092631107450     
   465.024709655829      -0.292518649699537       1.134562179948409E-003
   465.817590661210      -1.742478548599454E-002  0.311951872049712     
   466.610471666591       0.318799380304566       3.259099596246845E-002
   467.403352671971       4.452734061570073E-002 -0.311665239113523     
   468.196233677352      -0.290941507521085      -5.412767846412254E-002
   468.989114682733      -6.231560243963459E-002  0.258890861884115     
   469.781995688114       0.219123078996720       6.942346704816291E-002
   470.574876693494       7.499731401088526E-002 -0.175718226374405     
   471.367757698875      -0.132410609959625      -7.807156890912952E-002
   472.160638704256      -7.767541286298840E-002  9.211777000919004E-002
   472.953519709637       5.683801884088020E-002  7.327221080449456E-002
   473.746400715018       6.496581925531489E-002 -2.776578514358135E-002
   474.539281720398      -5.459585143305056E-003 -5.347376881450255E-002
   475.332162725779      -3.995582291348049E-002 -1.002590948727874E-002
   476.125043731160      -1.905595490530337E-002  2.579139464628315E-002
   476.917924736541       1.236665422114845E-002  2.235602948717703E-002
   477.710805741921       2.094996461571596E-002 -8.998088835609317E-004
   478.503686747302       7.686109042926286E-003 -1.608130111499710E-002
   479.296567752683      -9.115781671094971E-003 -1.284185337655491E-002
   480.089448758064      -1.442388177897823E-002  1.431295154016527E-003
   480.882329763445      -5.694295898818025E-003  1.268306188423217E-002
   481.675210768825       8.215306114238980E-003  1.118600738168506E-002
   482.468091774206       1.425483238807543E-002 -1.881187966189734E-003
   483.260972779587       5.296564170024367E-003 -1.445293140412489E-002
   484.053853784968      -1.169582898112904E-002 -1.224740573015968E-002
   484.846734790349      -1.796818148522220E-002  6.250030722692075E-003
   485.639615795729      -1.311936003968608E-003  2.162838718155259E-002
   486.432496801110       2.265563182337775E-002  1.018373567433485E-002
   487.225377806491       1.941673222411274E-002 -2.079308593408135E-002
   488.018258811872      -1.612294258351189E-002 -2.802129943656455E-002
   488.811139817252      -3.506832237121462E-002  9.052827856003051E-003
   489.604020822633       2.658873218202903E-004  3.978247416043565E-002
   490.396901828014       4.162064385768258E-002  9.360019293646266E-003
   491.189782833395       1.885366766375658E-002 -4.033013746439726E-002
   491.982663838776      -3.598130390147025E-002 -2.725857526280925E-002
   492.775544844156      -3.373395344071395E-002  2.896884870311472E-002
   493.568425849537       1.997738753563036E-002  3.763811063129461E-002
   494.361306854918       3.858901751648376E-002 -9.911302859007912E-003
   495.154187860299       2.042351845815259E-004 -3.650041232508518E-002
   495.947068865680      -3.159267705720925E-002 -9.338229031780528E-003
   496.739949871060      -1.656946967116383E-002  2.437706981821195E-002
   497.532830876441       1.561214618318733E-002  2.118883617561550E-002
   498.325711881822       2.277776540493491E-002 -6.233518337345249E-003
   499.118592887203       2.738200309492225E-003 -2.125607776374879E-002
   499.911473892583      -1.689549938860760E-002 -1.030284198549036E-002
   500.704354897964      -1.558877723860424E-002  1.029798338734508E-002
   501.497235903345       2.340663126930380E-003  1.795220020131066E-002
   502.290116908726       1.705690633234539E-002  5.907932111157315E-003
   503.082997914107       1.329310253664453E-002 -1.292575264832320E-002
   503.875878919487      -5.957697831418551E-003 -1.869114267553465E-002
   504.668759924868      -2.112751088397192E-002 -3.092448921877622E-003
   505.461640930249      -1.317097719583844E-002  1.988462535805099E-002
   506.254521935630       1.458856253971369E-002  2.301493172944026E-002
   507.047402941010       3.126743914144433E-002 -5.265690906675670E-003
   507.840283946391       7.636957543844281E-003 -3.660920284702369E-002
   508.633164951772      -3.789489605736878E-002 -2.327019670959461E-002
   509.426045957153      -4.043867497821198E-002  3.428209456273009E-002
   510.218926962534       2.533990045500285E-002  5.768909300861805E-002
   511.011807967914       7.342258136727678E-002 -1.112459660793572E-002
   511.804688973295       7.788903216542152E-003 -8.602219199896310E-002
   512.597569978676      -9.398740613281861E-002 -3.032732448624048E-002
   513.390450984057      -5.499174460743354E-002  9.606910466018219E-002
   514.183331989437       9.139821250672078E-002  7.997456558152462E-002
   514.976212994818       0.103304930362865      -7.959784281672377E-002
   515.769094000199      -6.086408754823150E-002 -0.123004353672525     
   516.561975005580      -0.137238080607249       3.599916418365929E-002
