  1.743533254418179E-012
  -31.5937336756679     
 -9.880980517899817E-012
 -2.843995199382164E-011
 -6.681740167025529E-011
  -17.6952656746908     
 -1.210234258090816E-011
 -1.334861204331988E-011
  1.768331331842664E-012
   14.2255378448487     
  3.837215595118798E-011
   2.55684672256009     
 -3.502279376710483E-012
   8.77152526777441     
 -6.954721023257589E-013
  4.151973676569865E-012
  0.557234497175279     
 -9.863868273339267E-011
  -1.31279646218906     
  -3.91592751325590     
  -1.00659229662643     
  -10.3226852910873     
  0.603162593337980     
  -12.9684003733687     
   2.09575624023480     
  -5.64767973983797     
   11.0839679219172     
  -4.88913570162702     
  1.819983348151350E-002
  -3.95934516589352     
   6.02054257941191     
  -9.32726062994564     
   6.61925073433892     
   2.86912277834071     
 -0.357970434682625     
 -0.480157493788965     
  0.371354682280287     
  5.910302192811533E-002
 -7.018004992535891E-003
