     4.00000    -0.31786419E-13
     4.00400    -0.38288183E-13
     4.00800    -0.32255169E-13
     4.01200    -0.33549623E-13
     4.01600    -0.29168599E-13
     4.02000    -0.37750261E-13
     4.02400    -0.40171362E-13
     4.02800    -0.37449378E-13
     4.03200    -0.30626294E-13
     4.03600    -0.37995131E-13
     4.04000    -0.39912469E-13
     4.04400    -0.35743456E-13
     4.04800    -0.34248493E-13
     4.05200    -0.39125249E-13
     4.05600    -0.46914247E-13
     4.06000    -0.49872709E-13
     4.06400    -0.36114605E-13
     4.06800    -0.26986148E-13
     4.07200    -0.55961761E-13
     4.07600    -0.44363658E-13
     4.08000    -0.25800146E-13
     4.08400    -0.36345770E-13
     4.08800    -0.50162639E-13
     4.09200    -0.41925786E-13
     4.09600    -0.39852360E-13
     4.10000    -0.59565643E-13
     4.10400    -0.49465199E-13
     4.10800    -0.47873142E-13
     4.11200    -0.51510394E-13
     4.11600    -0.43985360E-13
     4.12000    -0.53274867E-13
     4.12400    -0.60819903E-13
     4.12800    -0.49588222E-13
     4.13200    -0.53021235E-13
     4.13600    -0.68332517E-13
     4.14000    -0.63638231E-13
     4.14400    -0.65220703E-13
     4.14800    -0.61532436E-13
     4.15200    -0.65018836E-13
     4.15600    -0.62768279E-13
     4.16000    -0.65085276E-13
     4.16400    -0.77765735E-13
     4.16800    -0.86339525E-13
     4.17200    -0.73590503E-13
     4.17600    -0.68056100E-13
     4.18000    -0.69892937E-13
     4.18400    -0.78105509E-13
     4.18800    -0.83876443E-13
     4.19200    -0.77897610E-13
     4.19600    -0.81305809E-13
     4.20000    -0.90172061E-13
     4.20400    -0.82419108E-13
     4.20800    -0.77800580E-13
     4.21200    -0.76721466E-13
     4.21600    -0.81460926E-13
     4.22000    -0.82167234E-13
     4.22400    -0.75830678E-13
     4.22800    -0.70832482E-13
     4.23200    -0.84830417E-13
     4.23600    -0.75680933E-13
     4.24000    -0.72907327E-13
     4.24400    -0.75109551E-13
     4.24800    -0.78617224E-13
     4.25200    -0.70760840E-13
     4.25600    -0.69417346E-13
     4.26000    -0.74534562E-13
     4.26400    -0.81626406E-13
     4.26800    -0.72475321E-13
     4.27200    -0.62151686E-13
     4.27600    -0.60241808E-13
     4.28000    -0.65922749E-13
     4.28400    -0.77848837E-13
     4.28800    -0.80788894E-13
     4.29200    -0.63266104E-13
     4.29600    -0.62580564E-13
     4.30000    -0.71522051E-13
     4.30400    -0.78626736E-13
     4.30800    -0.76640331E-13
     4.31200    -0.64470920E-13
     4.31600    -0.63279900E-13
     4.32000    -0.78010736E-13
     4.32400    -0.82491780E-13
     4.32800    -0.78826173E-13
     4.33200    -0.77400308E-13
     4.33600    -0.70306099E-13
     4.34000    -0.76297985E-13
     4.34400    -0.95258632E-13
     4.34800    -0.84893843E-13
     4.35200    -0.88494569E-13
     4.35600    -0.81351833E-13
     4.36000    -0.91589266E-13
     4.36400    -0.83239845E-13
     4.36800    -0.83952812E-13
     4.37200    -0.94706450E-13
     4.37600    -0.93333091E-13
     4.38000    -0.99027387E-13
     4.38400    -0.80290647E-13
     4.38800    -0.91114645E-13
     4.39200    -0.78954879E-13
     4.39600    -0.88204097E-13
     4.40000    -0.78961043E-13
     4.40400    -0.89072211E-13
     4.40800    -0.98606766E-13
     4.41200    -0.96258811E-13
     4.41600    -0.81210703E-13
     4.42000    -0.82183422E-13
     4.42400    -0.77431067E-13
     4.42800    -0.78807467E-13
     4.43200    -0.85632870E-13
     4.43600    -0.72114671E-13
     4.44000    -0.84791898E-13
     4.44400    -0.71583945E-13
     4.44800    -0.74811371E-13
     4.45200    -0.61155953E-13
     4.45600    -0.71528146E-13
     4.46000    -0.73446500E-13
     4.46400    -0.74544447E-13
     4.46800    -0.76060321E-13
     4.47200    -0.60802147E-13
     4.47600    -0.59716944E-13
     4.48000    -0.68880240E-13
     4.48400    -0.50621065E-13
     4.48800    -0.61882094E-13
     4.49200    -0.58154146E-13
     4.49600    -0.56457486E-13
     4.50000    -0.61037866E-13
     4.50400    -0.55191905E-13
     4.50800    -0.58379245E-13
     4.51200    -0.40230231E-13
     4.51600    -0.50662573E-13
     4.52000    -0.58348110E-13
     4.52400    -0.51925437E-13
     4.52800    -0.47498641E-13
     4.53200    -0.37283855E-13
     4.53600    -0.45281330E-13
     4.54000    -0.53862705E-13
     4.54400    -0.48750044E-13
     4.54800    -0.50520202E-13
     4.55200    -0.37062472E-13
     4.55600    -0.41327532E-13
     4.56000    -0.39690058E-13
     4.56400    -0.41971313E-13
     4.56800    -0.37914248E-13
     4.57200    -0.41169767E-13
     4.57600    -0.34824623E-13
     4.58000    -0.38295506E-13
     4.58400    -0.32869340E-13
     4.58800    -0.34162509E-13
     4.59200    -0.35090697E-13
     4.59600    -0.39756944E-13
     4.60000    -0.33264593E-13
     4.60400    -0.24030446E-13
     4.60800    -0.14290174E-13
     4.61200    -0.56093828E-14
     4.61600    -0.27017989E-13
     4.62000    -0.15760835E-13
     4.62400    -0.27496597E-13
     4.62800    -0.26030184E-13
     4.63200    -0.23454422E-13
     4.63600    -0.87332685E-14
     4.64000     0.62591877E-15
     4.64400     0.10937824E-13
     4.64800     0.75302606E-15
     4.65200     0.70078893E-15
     4.65600    -0.24450935E-14
     4.66000     0.11016531E-13
     4.66400     0.89218975E-14
     4.66800     0.34593954E-13
     4.67200     0.84216475E-13
     4.67600     0.18979728E-12
     4.68000     0.41923598E-12
     4.68400     0.10181075E-11
     4.68800     0.24926021E-11
     4.69200     0.60708312E-11
     4.69600     0.14642131E-10
     4.70000     0.34851519E-10
     4.70400     0.81894142E-10
     4.70800     0.18982479E-09
     4.71200     0.43403499E-09
     4.71600     0.97891984E-09
     4.72000     0.21777583E-08
     4.72400     0.47784898E-08
     4.72800     0.10341648E-07
     4.73200     0.22075340E-07
     4.73600     0.46477525E-07
     4.74000     0.96515428E-07
     4.74400     0.19768262E-06
     4.74800     0.39935465E-06
     4.75200     0.79573398E-06
     4.75600     0.15638547E-05
     4.76000     0.30314110E-05
     4.76400     0.57958036E-05
     4.76800     0.10929582E-04
     4.77200     0.20328960E-04
     4.77600     0.37294881E-04
     4.78000     0.67484886E-04
     4.78400     0.12044477E-03
     4.78800     0.21202861E-03
     4.79200     0.36815203E-03
     4.79600     0.63050326E-03
     4.80000     0.10650654E-02
     4.80400     0.17745797E-02
     4.80800     0.29163980E-02
     4.81200     0.47275064E-02
     4.81600     0.75588153E-02
     4.82000     0.11921041E-01
     4.82400     0.18544554E-01
     4.82800     0.28455339E-01
     4.83200     0.43068544E-01
     4.83600     0.64299880E-01
     4.84000     0.94693230E-01
     4.84400     0.13756014    
     4.84800     0.19712344    
     4.85200     0.27865338    
     4.85600     0.38858007    
     4.86000     0.53456245    
     4.86400     0.72549049    
     4.86800     0.97139639    
     4.87200      1.2832517    
     4.87600      1.6726327    
     4.88000      2.1512441    
     4.88400      2.7303063    
     4.88800      3.4198262    
     4.89200      4.2277907    
     4.89600      5.1593421    
     4.90000      6.2160099    
     4.90400      7.3950846    
     4.90800      8.6892211    
     4.91200      10.086351    
     4.91600      11.569961    
     4.92000      13.119765    
     4.92400      14.712748    
     4.92800      16.324528    
     4.93200      17.930921    
     4.93600      19.509561    
     4.94000      21.041416    
     4.94400      22.512020    
     4.94800      23.912261    
     4.95200      25.238634    
     4.95600      26.492886    
     4.96000      27.681094    
     4.96400      28.812260    
     4.96800      29.896606    
     4.97200      30.943773    
     4.97600      31.961166    
     4.98000      32.952685    
     4.98400      33.918007    
     4.98800      34.852553    
     4.99200      35.748167    
     4.99600      36.594414    
     5.00000      37.380366    
     5.00400      38.096620    
     5.00800      38.737285    
     5.01200      39.301668    
     5.01600      39.795414    
     5.02000      40.230920    
     5.02400      40.626975    
     5.02800      41.007613    
     5.03200      41.400342    
     5.03600      41.833940    
     5.04000      42.336082    
     5.04400      42.931097    
     5.04800      43.638093    
     5.05200      44.469673    
     5.05600      45.431362    
     5.06000      46.521777    
     5.06400      47.733468    
     5.06800      49.054289    
     5.07200      50.469092    
     5.07600      51.961492    
     5.08000      53.515485    
     5.08400      55.116725    
     5.08800      56.753299    
     5.09200      58.415973    
     5.09600      60.097903    
     5.10000      61.793922    
     5.10400      63.499544    
     5.10800      65.209871    
     5.11200      66.918602    
     5.11600      68.617293    
     5.12000      70.295005    
     5.12400      71.938399    
     5.12800      73.532273    
     5.13200      75.060460    
     5.13600      76.506991    
     5.14000      77.857335    
     5.14400      79.099578    
     5.14800      80.225363    
     5.15200      81.230487    
     5.15600      82.115081    
     5.16000      82.883353    
     5.16400      83.542957    
     5.16800      84.104069    
     5.17200      84.578320    
     5.17600      84.977711    
     5.18000      85.313671    
     5.18400      85.596362    
     5.18800      85.834304    
     5.19200      86.034342    
     5.19600      86.201932    
     5.20000      86.341655    
     5.20400      86.457868    
     5.20800      86.555354    
     5.21200      86.639865    
     5.21600      86.718440    
     5.22000      86.799456    
     5.22400      86.892385    
     5.22800      87.007274    
     5.23200      87.154032    
     5.23600      87.341607    
     5.24000      87.577176    
     5.24400      87.865446    
     5.24800      88.208167    
     5.25200      88.603910    
     5.25600      89.048149    
     5.26000      89.533619    
     5.26400      90.050900    
     5.26800      90.589167    
     5.27200      91.136984    
     5.27600      91.683080    
     5.28000      92.216991    
     5.28400      92.729536    
     5.28800      93.213067    
     5.29200      93.661512    
     5.29600      94.070220    
     5.30000      94.435668    
     5.30400      94.755096    
     5.30800      95.026129    
     5.31200      95.246457    
     5.31600      95.413627    
     5.32000      95.524961    
     5.32400      95.577633    
     5.32800      95.568853    
     5.33200      95.496166    
     5.33600      95.357777    
     5.34000      95.152884    
     5.34400      94.881944    
     5.34800      94.546847    
     5.35200      94.150961    
     5.35600      93.699046    
     5.36000      93.197039    
     5.36400      92.651753    
     5.36800      92.070497    
     5.37200      91.460692    
     5.37600      90.829502    
     5.38000      90.183533    
     5.38400      89.528614    
     5.38800      88.869687    
     5.39200      88.210788    
     5.39600      87.555121    
     5.40000      86.905192    
     5.40400      86.262965    
     5.40800      85.630035    
     5.41200      85.007754    
     5.41600      84.397320    
     5.42000      83.799801    
     5.42400      83.216104    
     5.42800      82.646889    
     5.43200      82.092460    
     5.43600      81.552642    
     5.44000      81.026679    
     5.44400      80.513166    
     5.44800      80.010033    
     5.45200      79.514589    
     5.45600      79.023629    
     5.46000      78.533577    
     5.46400      78.040676    
     5.46800      77.541182    
     5.47200      77.031553    
     5.47600      76.508615    
     5.48000      75.969680    
     5.48400      75.412627    
     5.48800      74.835918    
     5.49200      74.238578    
     5.49600      73.620135    
     5.50000      72.980536    
     5.50400      72.320054    
     5.50800      71.639196    
     5.51200      70.938638    
     5.51600      70.219167    
     5.52000      69.481667    
     5.52400      68.727111    
     5.52800      67.956591    
     5.53200      67.171341    
     5.53600      66.372776    
     5.54000      65.562512    
     5.54400      64.742382    
     5.54800      63.914416    
     5.55200      63.080816    
     5.55600      62.243899    
     5.56000      61.406027    
     5.56400      60.569527    
     5.56800      59.736613    
     5.57200      58.909308    
     5.57600      58.089387    
     5.58000      57.278329    
     5.58400      56.477302    
     5.58800      55.687155    
     5.59200      54.908444    
     5.59600      54.141457    
     5.60000      53.386261    
     5.60400      52.642745    
     5.60800      51.910661    
     5.61200      51.189661    
     5.61600      50.479323    
     5.62000      49.779169    
     5.62400      49.088672    
     5.62800      48.407253    
     5.63200      47.734285    
     5.63600      47.069084    
     5.64000      46.410912    
     5.64400      45.758982    
     5.64800      45.112471    
     5.65200      44.470543    
     5.65600      43.832369    
     5.66000      43.197162    
     5.66400      42.564205    
     5.66800      41.932881    
     5.67200      41.302694    
     5.67600      40.673289    
     5.68000      40.044454    
     5.68400      39.416128    
     5.68800      38.788384    
     5.69200      38.161416    
     5.69600      37.535524    
     5.70000      36.911085    
     5.70400      36.288537    
     5.70800      35.668355    
     5.71200      35.051039    
     5.71600      34.437097    
     5.72000      33.827040    
     5.72400      33.221376    
     5.72800      32.620609    
     5.73200      32.025234    
     5.73600      31.435742    
     5.74000      30.852613    
     5.74400      30.276312    
     5.74800      29.707288    
     5.75200      29.145960    
     5.75600      28.592714    
     5.76000      28.047888    
     5.76400      27.511765    
     5.76800      26.984566    
     5.77200      26.466444    
     5.77600      25.957480    
     5.78000      25.457687    
     5.78400      24.967009    
     5.78800      24.485332    
     5.79200      24.012490    
     5.79600      23.548276    
     5.80000      23.092453    
     5.80400      22.644759    
     5.80800      22.204925    
     5.81200      21.772672    
     5.81600      21.347726    
     5.82000      20.929815    
     5.82400      20.518677    
     5.82800      20.114057    
     5.83200      19.715713    
     5.83600      19.323412    
     5.84000      18.936936    
     5.84400      18.556080    
     5.84800      18.180653    
     5.85200      17.810487    
     5.85600      17.445430    
     5.86000      17.085355    
     5.86400      16.730162    
     5.86800      16.379775    
     5.87200      16.034144    
     5.87600      15.693246    
     5.88000      15.357081    
     5.88400      15.025671    
     5.88800      14.699054    
     5.89200      14.377281    
     5.89600      14.060412    
     5.90000      13.748513    
     5.90400      13.441648    
     5.90800      13.139882    
     5.91200      12.843272    
     5.91600      12.551869    
     5.92000      12.265717    
     5.92400      11.984849    
     5.92800      11.709289    
     5.93200      11.439052    
     5.93600      11.174143    
     5.94000      10.914557    
     5.94400      10.660279    
     5.94800      10.411284    
     5.95200      10.167536    
     5.95600      9.9289872    
     5.96000      9.6955817    
     5.96400      9.4672507    
     5.96800      9.2439156    
     5.97200      9.0254878    
     5.97600      8.8118700    
     5.98000      8.6029574    
     5.98400      8.3986392    
     5.98800      8.1988003    
     5.99200      8.0033230    
     5.99600      7.8120890    
     6.00000      7.6249807    
     6.00400      7.4418826    
     6.00800      7.2626830    
     6.01200      7.0872739    
     6.01600      6.9155528    
     6.02000      6.7474220    
     6.02400      6.5827895    
     6.02800      6.4215688    
     6.03200      6.2636786    
     6.03600      6.1090430    
     6.04000      5.9575913    
     6.04400      5.8092576    
     6.04800      5.6639813    
     6.05200      5.5217059    
     6.05600      5.3823802    
     6.06000      5.2459567    
     6.06400      5.1123924    
     6.06800      4.9816480    
     6.07200      4.8536874    
     6.07600      4.7284775    
     6.08000      4.6059872    
     6.08400      4.4861871    
     6.08800      4.3690489    
     6.09200      4.2545445    
     6.09600      4.1426455    
     6.10000      4.0333230    
     6.10400      3.9265468    
     6.10800      3.8222856    
     6.11200      3.7205060    
     6.11600      3.6211734    
     6.12000      3.5242510    
     6.12400      3.4297007    
     6.12800      3.3374826    
     6.13200      3.2475554    
     6.13600      3.1598764    
     6.14000      3.0744017    
     6.14400      2.9910863    
     6.14800      2.9098845    
     6.15200      2.8307497    
     6.15600      2.7536345    
     6.16000      2.6784912    
     6.16400      2.6052719    
     6.16800      2.5339283    
     6.17200      2.4644126    
     6.17600      2.3966770    
     6.18000      2.3306742    
     6.18400      2.2663579    
     6.18800      2.2036825    
     6.19200      2.1426038    
     6.19600      2.0830786    
     6.20000      2.0250655    
     6.20400      1.9685242    
     6.20800      1.9134165    
     6.21200      1.8597052    
     6.21600      1.8073552    
     6.22000      1.7563326    
     6.22400      1.7066052    
     6.22800      1.6581420    
     6.23200      1.6109135    
     6.23600      1.5648913    
     6.24000      1.5200483    
     6.24400      1.4763582    
     6.24800      1.4337959    
     6.25200      1.3923371    
     6.25600      1.3519584    
     6.26000      1.3126371    
     6.26400      1.2743510    
     6.26800      1.2370787    
     6.27200      1.2007992    
     6.27600      1.1654918    
     6.28000      1.1311364    
     6.28400      1.0977129    
     6.28800      1.0652015    
     6.29200      1.0335826    
     6.29600      1.0028366    
     6.30000     0.97294404    
     6.30400     0.94388549    
     6.30800     0.91564157    
     6.31200     0.88819295    
     6.31600     0.86152036    
     6.32000     0.83560465    
     6.32400     0.81042675    
     6.32800     0.78596776    
     6.33200     0.76220893    
     6.33600     0.73913176    
     6.34000     0.71671794    
     6.34400     0.69494944    
     6.34800     0.67380853    
     6.35200     0.65327777    
     6.35600     0.63334006    
     6.36000     0.61397867    
     6.36400     0.59517722    
     6.36800     0.57691973    
     6.37200     0.55919063    
     6.37600     0.54197478    
     6.38000     0.52525745    
     6.38400     0.50902437    
     6.38800     0.49326173    
     6.39200     0.47795614    
     6.39600     0.46309469    
     6.40000     0.44866489    
     6.40400     0.43465470    
     6.40800     0.42105249    
     6.41200     0.40784704    
     6.41600     0.39502751    
     6.42000     0.38258343    
     6.42400     0.37050467    
     6.42800     0.35878145    
     6.43200     0.34740426    
     6.43600     0.33636391    
     6.44000     0.32565144    
     6.44400     0.31525818    
     6.44800     0.30517566    
     6.45200     0.29539566    
     6.45600     0.28591014    
     6.46000     0.27671128    
     6.46400     0.26779141    
     6.46800     0.25914306    
     6.47200     0.25075890    
     6.47600     0.24263176    
     6.48000     0.23475461    
     6.48400     0.22712058    
     6.48800     0.21972289    
     6.49200     0.21255493    
     6.49600     0.20561020    
     6.50000     0.19888231    
     6.50400     0.19236501    
     6.50800     0.18605219    
     6.51200     0.17993783    
     6.51600     0.17401606    
     6.52000     0.16828115    
     6.52400     0.16272747    
     6.52800     0.15734955    
     6.53200     0.15214205    
     6.53600     0.14709976    
     6.54000     0.14221762    
     6.54400     0.13749068    
     6.54800     0.13291417    
     6.55200     0.12848341    
     6.55600     0.12419390    
     6.56000     0.12004124    
     6.56400     0.11602120    
     6.56800     0.11212963    
     6.57200     0.10836257    
     6.57600     0.10471615    
     6.58000     0.10118663    
     6.58400     0.97770400E-01
     6.58800     0.94463961E-01
     6.59200     0.91263935E-01
     6.59600     0.88167053E-01
     6.60000     0.85170152E-01
     6.60400     0.82270175E-01
     6.60800     0.79464161E-01
     6.61200     0.76749246E-01
     6.61600     0.74122655E-01
     6.62000     0.71581700E-01
     6.62400     0.69123774E-01
     6.62800     0.66746349E-01
     6.63200     0.64446973E-01
     6.63600     0.62223265E-01
     6.64000     0.60072910E-01
     6.64400     0.57993663E-01
     6.64800     0.55983337E-01
     6.65200     0.54039810E-01
     6.65600     0.52161015E-01
     6.66000     0.50344943E-01
     6.66400     0.48589639E-01
     6.66800     0.46893200E-01
     6.67200     0.45253776E-01
     6.67600     0.43669564E-01
     6.68000     0.42138813E-01
     6.68400     0.40659816E-01
     6.68800     0.39230914E-01
     6.69200     0.37850494E-01
     6.69600     0.36516987E-01
     6.70000     0.35228868E-01
     6.70400     0.33984654E-01
     6.70800     0.32782908E-01
     6.71200     0.31622231E-01
     6.71600     0.30501269E-01
     6.72000     0.29418705E-01
     6.72400     0.28373267E-01
     6.72800     0.27363718E-01
     6.73200     0.26388862E-01
     6.73600     0.25447541E-01
     6.74000     0.24538634E-01
     6.74400     0.23661056E-01
     6.74800     0.22813758E-01
     6.75200     0.21995725E-01
     6.75600     0.21205976E-01
     6.76000     0.20443563E-01
     6.76400     0.19707570E-01
     6.76800     0.18997111E-01
     6.77200     0.18311331E-01
     6.77600     0.17649402E-01
     6.78000     0.17010525E-01
     6.78400     0.16393930E-01
     6.78800     0.15798869E-01
     6.79200     0.15224622E-01
     6.79600     0.14670491E-01
     6.80000     0.14135804E-01
     6.80400     0.13619909E-01
     6.80800     0.13122176E-01
     6.81200     0.12641995E-01
     6.81600     0.12178778E-01
     6.82000     0.11731953E-01
     6.82400     0.11300969E-01
     6.82800     0.10885290E-01
     6.83200     0.10484400E-01
     6.83600     0.10097798E-01
     6.84000     0.97249966E-02
     6.84400     0.93655275E-02
     6.84800     0.90189351E-02
     6.85200     0.86847785E-02
     6.85600     0.83626307E-02
     6.86000     0.80520782E-02
     6.86400     0.77527205E-02
     6.86800     0.74641700E-02
     6.87200     0.71860512E-02
     6.87600     0.69180009E-02
     6.88000     0.66596672E-02
     6.88400     0.64107099E-02
     6.88800     0.61707998E-02
     6.89200     0.59396183E-02
     6.89600     0.57168574E-02
     6.90000     0.55022194E-02
     6.90400     0.52954165E-02
     6.90800     0.50961705E-02
     6.91200     0.49042128E-02
     6.91600     0.47192837E-02
     6.92000     0.45411328E-02
     6.92400     0.43695180E-02
     6.92800     0.42042058E-02
     6.93200     0.40449707E-02
     6.93600     0.38915952E-02
     6.94000     0.37438696E-02
     6.94400     0.36015912E-02
     6.94800     0.34645648E-02
     6.95200     0.33326019E-02
     6.95600     0.32055209E-02
     6.96000     0.30831465E-02
     6.96400     0.29653097E-02
     6.96800     0.28518472E-02
     6.97200     0.27426020E-02
     6.97600     0.26374222E-02
     6.98000     0.25361615E-02
     6.98400     0.24386788E-02
     6.98800     0.23448379E-02
     6.99200     0.22545073E-02
     6.99600     0.21675603E-02
     7.00000     0.20838747E-02
     7.00400     0.20033322E-02
     7.00800     0.19258190E-02
     7.01200     0.18512252E-02
     7.01600     0.17794445E-02
     7.02000     0.17103747E-02
     7.02400     0.16439167E-02
     7.02800     0.15799753E-02
     7.03200     0.15184581E-02
     7.03600     0.14592765E-02
     7.04000     0.14023444E-02
     7.04400     0.13475791E-02
     7.04800     0.12949007E-02
     7.05200     0.12442320E-02
     7.05600     0.11954987E-02
     7.06000     0.11486288E-02
     7.06400     0.11035531E-02
     7.06800     0.10602049E-02
     7.07200     0.10185196E-02
     7.07600     0.97843510E-03
     7.08000     0.93989152E-03
     7.08400     0.90283109E-03
     7.08800     0.86719811E-03
     7.09200     0.83293892E-03
     7.09600     0.80000181E-03
     7.10000     0.76833695E-03
     7.10400     0.73789633E-03
     7.10800     0.70863372E-03
     7.11200     0.68050457E-03
     7.11600     0.65346600E-03
     7.12000     0.62747669E-03
     7.12400     0.60249688E-03
     7.12800     0.57848827E-03
     7.13200     0.55541401E-03
     7.13600     0.53323859E-03
     7.14000     0.51192786E-03
     7.14400     0.49144891E-03
     7.14800     0.47177011E-03
     7.15200     0.45286095E-03
     7.15600     0.43469212E-03
     7.16000     0.41723538E-03
     7.16400     0.40046353E-03
     7.16800     0.38435042E-03
     7.17200     0.36887085E-03
     7.17600     0.35400059E-03
     7.18000     0.33971628E-03
     7.18400     0.32599546E-03
     7.18800     0.31281650E-03
     7.19200     0.30015858E-03
     7.19600     0.28800164E-03
     7.20000     0.27632639E-03
     7.20400     0.26511425E-03
     7.20800     0.25434733E-03
     7.21200     0.24400842E-03
     7.21600     0.23408094E-03
     7.22000     0.22454894E-03
     7.22400     0.21539705E-03
     7.22800     0.20661050E-03
     7.23200     0.19817506E-03
     7.23600     0.19007703E-03
     7.24000     0.18230324E-03
     7.24400     0.17484101E-03
     7.24800     0.16767813E-03
     7.25200     0.16080287E-03
     7.25600     0.15420393E-03
     7.26000     0.14787044E-03
     7.26400     0.14179197E-03
     7.26800     0.13595845E-03
     7.27200     0.13036022E-03
     7.27600     0.12498799E-03
     7.28000     0.11983282E-03
     7.28400     0.11488612E-03
     7.28800     0.11013963E-03
     7.29200     0.10558540E-03
     7.29600     0.10121582E-03
     7.30000     0.97023529E-04
     7.30400     0.93001493E-04
     7.30800     0.89142933E-04
     7.31200     0.85441338E-04
     7.31600     0.81890453E-04
     7.32000     0.78484265E-04
     7.32400     0.75217001E-04
     7.32800     0.72083109E-04
     7.33200     0.69077260E-04
     7.33600     0.66194330E-04
     7.34000     0.63429399E-04
     7.34400     0.60777740E-04
     7.34800     0.58234810E-04
     7.35200     0.55796246E-04
     7.35600     0.53457858E-04
     7.36000     0.51215617E-04
     7.36400     0.49065657E-04
     7.36800     0.47004261E-04
     7.37200     0.45027860E-04
     7.37600     0.43133024E-04
     7.38000     0.41316460E-04
     7.38400     0.39575004E-04
     7.38800     0.37905616E-04
     7.39200     0.36305377E-04
     7.39600     0.34771483E-04
     7.40000     0.33301241E-04
     7.40400     0.31892064E-04
     7.40800     0.30541468E-04
     7.41200     0.29247066E-04
     7.41600     0.28006567E-04
     7.42000     0.26817772E-04
     7.42400     0.25678567E-04
     7.42800     0.24586925E-04
     7.43200     0.23540896E-04
     7.43600     0.22538611E-04
     7.44000     0.21578275E-04
     7.44400     0.20658165E-04
     7.44800     0.19776626E-04
     7.45200     0.18932072E-04
     7.45600     0.18122978E-04
     7.46000     0.17347881E-04
     7.46400     0.16605380E-04
     7.46800     0.15894127E-04
     7.47200     0.15212829E-04
     7.47600     0.14560249E-04
     7.48000     0.13935195E-04
     7.48400     0.13336528E-04
     7.48800     0.12763152E-04
     7.49200     0.12214018E-04
     7.49600     0.11688119E-04
     7.50000     0.11184489E-04
     7.50400     0.10702201E-04
     7.50800     0.10240366E-04
     7.51200     0.97981334E-05
     7.51600     0.93746845E-05
     7.52000     0.89692360E-05
     7.52400     0.85810362E-05
     7.52800     0.82093644E-05
     7.53200     0.78535293E-05
     7.53600     0.75128683E-05
     7.54000     0.71867457E-05
     7.54400     0.68745523E-05
     7.54800     0.65757036E-05
     7.55200     0.62896395E-05
     7.55600     0.60158228E-05
     7.56000     0.57537385E-05
     7.56400     0.55028928E-05
     7.56800     0.52628123E-05
     7.57200     0.50330431E-05
     7.57600     0.48131502E-05
     7.58000     0.46027165E-05
     7.58400     0.44013420E-05
     7.58800     0.42086436E-05
     7.59200     0.40242537E-05
     7.59600     0.38478203E-05
     7.60000     0.36790058E-05
     7.60400     0.35174867E-05
     7.60800     0.33629529E-05
     7.61200     0.32151074E-05
     7.61600     0.30736653E-05
     7.62000     0.29383538E-05
     7.62400     0.28089115E-05
     7.62800     0.26850878E-05
     7.63200     0.25666426E-05
     7.63600     0.24533461E-05
     7.64000     0.23449779E-05
     7.64400     0.22413269E-05
     7.64800     0.21421910E-05
     7.65200     0.20473765E-05
     7.65600     0.19566980E-05
     7.66000     0.18699776E-05
     7.66400     0.17870454E-05
     7.66800     0.17077383E-05
     7.67200     0.16319002E-05
     7.67600     0.15593818E-05
     7.68000     0.14900398E-05
     7.68400     0.14237373E-05
     7.68800     0.13603431E-05
     7.69200     0.12997314E-05
     7.69600     0.12417821E-05
     7.70000     0.11863799E-05
     7.70400     0.11334146E-05
     7.70800     0.10827806E-05
     7.71200     0.10343769E-05
     7.71600     0.98810663E-06
     7.72000     0.94387728E-06
     7.72400     0.90160018E-06
     7.72800     0.86119045E-06
     7.73200     0.82256686E-06
     7.73600     0.78565166E-06
     7.74000     0.75037044E-06
     7.74400     0.71665194E-06
     7.74800     0.68442798E-06
     7.75200     0.65363333E-06
     7.75600     0.62420556E-06
     7.76000     0.59608483E-06
     7.76400     0.56921402E-06
     7.76800     0.54353834E-06
     7.77200     0.51900545E-06
     7.77600     0.49556521E-06
     7.78000     0.47316967E-06
     7.78400     0.45177293E-06
     7.78800     0.43133110E-06
     7.79200     0.41180215E-06
     7.79600     0.39314592E-06
     7.80000     0.37532392E-06
     7.80400     0.35829941E-06
     7.80800     0.34203716E-06
     7.81200     0.32650355E-06
     7.81600     0.31166637E-06
     7.82000     0.29749478E-06
     7.82400     0.28395942E-06
     7.82800     0.27103201E-06
     7.83200     0.25868571E-06
     7.83600     0.24689466E-06
     7.84000     0.23563429E-06
     7.84400     0.22488100E-06
     7.84800     0.21461226E-06
     7.85200     0.20480654E-06
     7.85600     0.19544324E-06
     7.86000     0.18650264E-06
     7.86400     0.17796594E-06
     7.86800     0.16981510E-06
     7.87200     0.16203295E-06
     7.87600     0.15460299E-06
     7.88000     0.14750952E-06
     7.88400     0.14073750E-06
     7.88800     0.13427254E-06
     7.89200     0.12810091E-06
     7.89600     0.12220946E-06
     7.90000     0.11658566E-06
     7.90400     0.11121750E-06
     7.90800     0.10609351E-06
     7.91200     0.10120274E-06
     7.91600     0.96534704E-07
     7.92000     0.92079378E-07
     7.92400     0.87827227E-07
     7.92800     0.83769066E-07
     7.93200     0.79896202E-07
     7.93600     0.76200239E-07
     7.94000     0.72673261E-07
     7.94400     0.69307570E-07
     7.94800     0.66095948E-07
     7.95200     0.63031372E-07
     7.95600     0.60107260E-07
     7.96000     0.57317191E-07
     7.96400     0.54655171E-07
     7.96800     0.52115312E-07
     7.97200     0.49692150E-07
     7.97600     0.47380337E-07
     7.98000     0.45174866E-07
     7.98400     0.43070874E-07
     7.98800     0.41063759E-07
     7.99200     0.39149105E-07
     7.99600     0.37322711E-07
     8.00000     0.35580576E-07
     8.00400     0.33918833E-07
     8.00800     0.32333827E-07
     8.01200     0.30822051E-07
     8.01600     0.29380167E-07
     8.02000     0.28005000E-07
     8.02400     0.26693463E-07
     8.02800     0.25442667E-07
     8.03200     0.24249830E-07
     8.03600     0.23112310E-07
     8.04000     0.22027550E-07
     8.04400     0.20993134E-07
     8.04800     0.20006778E-07
     8.05200     0.19066226E-07
     8.05600     0.18169430E-07
     8.06000     0.17314348E-07
     8.06400     0.16499083E-07
     8.06800     0.15721768E-07
     8.07200     0.14980692E-07
     8.07600     0.14274149E-07
     8.08000     0.13600589E-07
     8.08400     0.12958451E-07
     8.08800     0.12346336E-07
     8.09200     0.11762790E-07
     8.09600     0.11206561E-07
     8.10000     0.10676328E-07
     8.10400     0.10170934E-07
     8.10800     0.96891972E-08
     8.11200     0.92300416E-08
     8.11600     0.87924212E-08
     8.12000     0.83753220E-08
     8.12400     0.79778093E-08
     8.12800     0.75989627E-08
     8.13200     0.72379235E-08
     8.13600     0.68938586E-08
     8.14000     0.65659713E-08
     8.14400     0.62535376E-08
     8.14800     0.59557887E-08
     8.15200     0.56721006E-08
     8.15600     0.54017601E-08
     8.16000     0.51441894E-08
     8.16400     0.48987710E-08
     8.16800     0.46649313E-08
     8.17200     0.44421688E-08
     8.17600     0.42299053E-08
     8.18000     0.40277111E-08
     8.18400     0.38350593E-08
     8.18800     0.36515428E-08
     8.19200     0.34767186E-08
     8.19600     0.33101752E-08
     8.20000     0.31515316E-08
     8.20400     0.30004226E-08
     8.20800     0.28564873E-08
     8.21200     0.27193729E-08
     8.21600     0.25887968E-08
     8.22000     0.24643980E-08
     8.22400     0.23459555E-08
     8.22800     0.22331192E-08
     8.23200     0.21256752E-08
     8.23600     0.20233428E-08
     8.24000     0.19258890E-08
     8.24400     0.18330763E-08
     8.24800     0.17447085E-08
     8.25200     0.16605575E-08
     8.25600     0.15804254E-08
     8.26000     0.15040993E-08
     8.26400     0.14314597E-08
     8.26800     0.13622760E-08
     8.27200     0.12964142E-08
     8.27600     0.12336906E-08
     8.28000     0.11739629E-08
     8.28400     0.11171281E-08
     8.28800     0.10630128E-08
     8.29200     0.10114718E-08
     8.29600     0.96242893E-09
     8.30000     0.91573450E-09
     8.30400     0.87128693E-09
     8.30800     0.82896893E-09
     8.31200     0.78869013E-09
     8.31600     0.75035702E-09
     8.32000     0.71386848E-09
     8.32400     0.67912807E-09
     8.32800     0.64605838E-09
     8.33200     0.61461271E-09
     8.33600     0.58465849E-09
     8.34000     0.55614803E-09
     8.34400     0.52902235E-09
     8.34800     0.50321456E-09
     8.35200     0.47863950E-09
     8.35600     0.45525746E-09
     8.36000     0.43301170E-09
     8.36400     0.41184698E-09
     8.36800     0.39169069E-09
     8.37200     0.37252825E-09
     8.37600     0.35427800E-09
     8.38000     0.33692273E-09
     8.38400     0.32041809E-09
     8.38800     0.30469367E-09
     8.39200     0.28976608E-09
     8.39600     0.27553636E-09
     8.40000     0.26201896E-09
     8.40400     0.24915346E-09
     8.40800     0.23688247E-09
     8.41200     0.22524761E-09
     8.41600     0.21414311E-09
     8.42000     0.20363090E-09
     8.42400     0.19358853E-09
     8.42800     0.18405002E-09
     8.43200     0.17497613E-09
     8.43600     0.16633331E-09
     8.44000     0.15813107E-09
     8.44400     0.15033739E-09
     8.44800     0.14289806E-09
     8.45200     0.13584989E-09
     8.45600     0.12913070E-09
     8.46000     0.12273102E-09
     8.46400     0.11666354E-09
     8.46800     0.11087445E-09
     8.47200     0.10539791E-09
     8.47600     0.10015715E-09
     8.48000     0.95193775E-10
     8.48400     0.90474690E-10
     8.48800     0.85958314E-10
     8.49200     0.81700365E-10
     8.49600     0.77641196E-10
     8.50000     0.73777051E-10
     8.50400     0.70100786E-10
     8.50800     0.66596292E-10
     8.51200     0.63280339E-10
     8.51600     0.60126675E-10
     8.52000     0.57137633E-10
     8.52400     0.54281278E-10
     8.52800     0.51557160E-10
     8.53200     0.48987711E-10
     8.53600     0.46530519E-10
     8.54000     0.44203259E-10
     8.54400     0.41991614E-10
     8.54800     0.39886109E-10
     8.55200     0.37891129E-10
     8.55600     0.35986389E-10
     8.56000     0.34171007E-10
     8.56400     0.32462267E-10
     8.56800     0.30820978E-10
     8.57200     0.29274996E-10
     8.57600     0.27786443E-10
     8.58000     0.26391132E-10
     8.58400     0.25056044E-10
     8.58800     0.23781147E-10
     8.59200     0.22584693E-10
     8.59600     0.21446718E-10
     8.60000     0.20353865E-10
     8.60400     0.19321583E-10
     8.60800     0.18337407E-10
     8.61200     0.17415067E-10
     8.61600     0.16514753E-10
     8.62000     0.15679408E-10
     8.62400     0.14884298E-10
     8.62800     0.14106325E-10
     8.63200     0.13389347E-10
     8.63600     0.12714170E-10
     8.64000     0.12045772E-10
     8.64400     0.11436023E-10
     8.64800     0.10839790E-10
     8.65200     0.10293695E-10
     8.65600     0.97500013E-11
     8.66000     0.92454849E-11
     8.66400     0.87687764E-11
     8.66800     0.83067312E-11
     8.67200     0.78745701E-11
     8.67600     0.74654421E-11
     8.68000     0.70729540E-11
     8.68400     0.67076878E-11
     8.68800     0.63463681E-11
     8.69200     0.60171844E-11
     8.69600     0.57057125E-11
     8.70000     0.53921201E-11
     8.70400     0.51001072E-11
     8.70800     0.48397380E-11
     8.71200     0.45765718E-11
     8.71600     0.43404222E-11
     8.72000     0.41079131E-11
     8.72400     0.38772254E-11
     8.72800     0.36686487E-11
     8.73200     0.34745036E-11
     8.73600     0.32805542E-11
     8.74000     0.31047752E-11
     8.74400     0.29386486E-11
     8.74800     0.27682834E-11
     8.75200     0.26223827E-11
     8.75600     0.24806281E-11
     8.76000     0.23410189E-11
     8.76400     0.22202496E-11
     8.76800     0.20748858E-11
     8.77200     0.19729892E-11
     8.77600     0.18584775E-11
     8.78000     0.17520010E-11
     8.78400     0.16641652E-11
     8.78800     0.15653699E-11
     8.79200     0.14666731E-11
     8.79600     0.13805745E-11
     8.80000     0.13026941E-11
     8.80400     0.12156855E-11
     8.80800     0.11516815E-11
     8.81200     0.10818351E-11
     8.81600     0.10129969E-11
     8.82000     0.93835013E-12
     8.82400     0.90145791E-12
     8.82800     0.82980882E-12
     8.83200     0.77786240E-12
     8.83600     0.73499835E-12
     8.84000     0.68383405E-12
     8.84400     0.63039083E-12
     8.84800     0.58985902E-12
     8.85200     0.55109684E-12
     8.85600     0.50408442E-12
     8.86000     0.46944184E-12
     8.86400     0.44214479E-12
     8.86800     0.40981560E-12
     8.87200     0.38146255E-12
     8.87600     0.35188158E-12
     8.88000     0.31837595E-12
     8.88400     0.29204778E-12
     8.88800     0.26887589E-12
     8.89200     0.25249428E-12
     8.89600     0.22410527E-12
     8.90000     0.20818936E-12
     8.90400     0.18836266E-12
     8.90800     0.16654991E-12
     8.91200     0.15408092E-12
     8.91600     0.14481187E-12
     8.92000     0.12269212E-12
     8.92400     0.12153781E-12
     8.92800     0.10200553E-12
     8.93200     0.87721711E-13
     8.93600     0.80454147E-13
     8.94000     0.81993557E-13
     8.94400     0.60584431E-13
     8.94800     0.47435883E-13
     8.95200     0.55582556E-13
     8.95600     0.56537550E-13
     8.96000     0.33604589E-13
     8.96400     0.34943374E-13
     8.96800     0.32723932E-13
     8.97200     0.14447325E-13
     8.97600     0.12478671E-13
     8.98000     0.17276619E-13
     8.98400     0.34113138E-14
     8.98800     0.25845917E-14
     8.99200    -0.37373452E-14
     8.99600    -0.17450821E-13
     9.00000    -0.20491214E-13
