    0.369699979E+00    0.815761390E-02   -0.139728265E-01
    0.369699979E+00    0.815761390E-02   -0.139728265E-01
    0.967789240E-01   -0.112398756E+00    0.137868069E-01
   -0.159099417E+00   -0.697475725E-01   -0.111819253E-01
   -0.409963732E-02   -0.408755199E-02   -0.715172565E-01
   -0.103780849E+00    0.181038628E+00    0.170918013E-01
   -0.496034774E-01    0.866953975E-01    0.186094779E-01
   -0.768981485E-02    0.254628656E-01   -0.219097312E+00
    0.299697251E-01   -0.100538776E+00   -0.770415910E-02
    0.596938925E-01   -0.694151890E-01    0.139457360E-01
    0.730252325E-02   -0.911332800E-02   -0.803529555E-01
   -0.110980702E+00    0.203370481E+00    0.702680800E-01
    0.457885020E-01   -0.101626598E+00    0.222753139E-01
    0.118857893E-01    0.134598769E-01   -0.340126903E+00
    0.151496571E+00   -0.266242392E+00   -0.450712925E-01
    0.580178415E-01   -0.103614227E-01   -0.611066835E-02
    0.881981440E-02   -0.159363199E-01    0.477102193E-01
   -0.547058535E-01   -0.718904255E-01   -0.813702205E-01
    0.407309352E-01    0.330044090E+00   -0.206984378E-01
   -0.263087445E-01   -0.325397895E-01    0.883860460E+00
    0.637383880E-02   -0.995758215E-03   -0.202569591E-02
    0.669431890E-02    0.161373134E-02    0.533169820E-02
    0.352840359E-03   -0.111642828E-02   -0.911206240E-02
    0.783504800E-02   -0.245134100E-01   -0.785740015E-02
    0.169058803E-01    0.517331095E-02   -0.245315544E-02
    0.229330239E-02   -0.885303110E-03    0.710599050E-01
   -0.771298875E-03    0.853200840E-02    0.992445940E-03
    0.488845168E-02   -0.396010584E-02   -0.318669875E-02
   -0.106497443E-02   -0.532317860E-03    0.290708750E-01
   -0.190671342E-02   -0.481531299E-02   -0.145283365E-01
   -0.256225947E-01    0.308823897E-01   -0.257301030E-01
   -0.789203805E-02   -0.866461390E-02    0.287249157E+00
   -0.388558675E-01    0.174828479E+00    0.513365310E-01
    0.202774498E-02   -0.209754237E+00    0.513914895E-04
    0.139843799E-01    0.390594940E-01   -0.331500428E+00
    0.355021952E-01   -0.106850320E-01    0.233094629E-01
   -0.472897207E-02   -0.840244635E-02    0.156095702E-01
    0.588316740E-02    0.101967956E-01   -0.283738700E+00
   -0.142410724E-02   -0.112280676E-02    0.670856180E-01
    0.197042944E-02    0.272848514E-02    0.821366440E-01
   -0.713505635E-03   -0.171824929E-02    0.547435810E-01
    0.223248391E-02    0.497012017E-02   -0.769164470E-01
    0.536920440E-02    0.960641545E-02   -0.919934630E-01
   -0.126474751E-02   -0.929010700E-03    0.336215743E-01
   -0.968510165E-02   -0.267074770E-03    0.167858928E-02
    0.682602535E-02    0.399809435E-03    0.373820502E-02
    0.175817905E-02    0.252475529E-02   -0.425363016E-01
   -0.138293426E-02    0.253289074E-02   -0.361412124E-02
   -0.149051259E-02   -0.209561831E-02   -0.617114660E-03
   -0.405559799E-03   -0.178617144E-02    0.441552115E-02
    0.415597574E-03   -0.467065962E-03    0.525344330E-03
   -0.988207360E-04   -0.187958213E-02   -0.572043375E-02
   -0.124206520E-03    0.399653449E-03   -0.100738602E-02
    0.644770415E-03   -0.165893012E-02   -0.111642618E-02
   -0.667829715E-03    0.742049870E-03   -0.370342371E-03
    0.128424746E-03   -0.265619737E-03   -0.247208425E-02
   -0.845836030E-02    0.282624251E-01   -0.330988274E-01
   -0.677726890E-02    0.128778545E-01   -0.173921348E-01
   -0.434638582E-02   -0.116372910E-01   -0.569846925E-01
    0.326629281E-05   -0.211775498E-02    0.498281815E-02
    0.737341385E-03    0.499904078E-02   -0.436313232E-02
   -0.930647885E-04    0.143103945E-02   -0.345056468E-02
   -0.169853306E-03   -0.226126756E-03    0.365344708E-03
   -0.318104971E-03   -0.237840670E-03    0.124695276E-02
    0.236704705E-03    0.377575994E-03    0.349499016E-03
    0.273169438E-03    0.511194765E-03    0.143220505E-02
   -0.109427809E-03    0.611220965E-03    0.330814034E-02
    0.729647205E-04   -0.201476880E-03    0.153627640E-03
   -0.388928583E-03   -0.425695693E-03   -0.112547433E-02
    0.533250340E-03    0.141098960E-03   -0.107456487E-03
   -0.326035253E-03   -0.201119147E-03   -0.387498787E-03
   -0.120608951E-03    0.111223373E-02    0.698360170E-03
    0.625773490E-04   -0.461381449E-03   -0.935102530E-03
   -0.302853564E-03   -0.308569657E-03    0.932207755E-02
   -0.193580300E-03    0.196355986E-03    0.378569800E-03
   -0.550547145E-04    0.189574716E-04    0.331065443E-03
    0.633614035E-04    0.185256058E-03   -0.394731288E-04
    0.204057790E-02   -0.114090642E-01    0.251345887E-01
    0.379917435E-02   -0.582019480E-02    0.241095556E-01
    0.213414041E-02    0.473857115E-02    0.183499576E-01
   -0.741408185E-03   -0.243971280E-03   -0.373468303E-02
   -0.810552520E-03   -0.277166263E-02   -0.283558972E-02
   -0.118750559E-02   -0.491071559E-02    0.241716602E-02
