  -516.561975005580      -6.137852865447585E-188  6.691189080348984E-188
  -515.769094000199       1.852560877011051E-161  5.728096862293213E-161
  -514.976212994818       7.118429483403524E-160  1.445966558650925E-160
  -514.183331989437       3.262361025350855E-159 -3.831761979154818E-159
  -513.390450984057      -1.024354654639163E-158 -2.609594915968559E-158
  -512.597569978676      -1.384143435089947E-157 -1.383217049849749E-158
  -511.804688973295      -3.364463183340063E-157  5.460206746271945E-157
  -511.011807967914       1.556188757113598E-156  2.329673732117406E-156
  -510.218926962534       1.150266186208639E-155 -2.124755373282877E-156
  -509.426045957153       9.374190126395460E-156 -4.588671352273547E-155
  -508.633164951772      -1.518131150483245E-154 -9.661242369454686E-155
  -507.840283946391      -5.268969629583013E-154  4.029747865613772E-154
  -507.047402941010       7.148846278210830E-154  2.234651529226982E-153
  -506.254521935630       7.968630925480412E-153  2.625618061790570E-154
  -505.461640930249       9.733801983645991E-153 -2.422601932442975E-152
  -504.668759924868      -6.088823125303388E-152 -5.608849192203589E-152
  -503.875878919487      -2.308539331456750E-151  1.102565514581037E-151
  -503.082997914107       3.340418296528571E-152  7.757238159713922E-151
  -502.290116908726       2.164541234734882E-150  8.694984450700110E-151
  -501.497235903345       5.146383819258456E-150 -4.726567103004480E-150
  -500.704354897964      -5.789126890732974E-150 -2.017809447446014E-149
  -499.911473892583      -6.227021080617953E-149 -1.245383682184833E-149
  -499.118592887203      -1.223639057229920E-148  1.504057000592847E-148
  -498.325711881822       2.316913626049297E-148  5.514418255865264E-148
  -497.532830876441       1.856350559943575E-147  1.732084294286247E-148
  -496.739949871060       3.222011135648975E-147 -4.904895041104094E-147
  -495.947068865680      -9.046100591584778E-147 -1.628926734743165E-146
  -495.154187860299      -5.955030764630289E-146  1.920946139474927E-147
  -494.361306854918      -8.027774949413494E-146  1.738918895389914E-145
  -493.568425849537       3.907628274242482E-145  4.783274574954829E-145
  -492.775544844156       1.934799037906833E-144 -4.820668449401970E-145
  -491.982663838776       1.172180450156831E-144 -6.322221883495020E-144
  -491.189782833395      -1.709209837066967E-143 -1.161638087197819E-143
  -490.396901828014      -5.542538246767975E-143  3.589150456228765E-143
  -489.604020822633       3.949029850642506E-143  2.053438247567798E-142
  -488.811139817252       6.432442261539930E-142  1.175688507752466E-142
  -488.018258811872       1.033384097169976E-141 -1.725471156986800E-141
  -487.225377806491      -3.815738618767399E-141 -4.711411085725245E-141
  -486.432496801110      -1.688219709574288E-140  5.851302145100629E-141
  -485.639615795729      -8.326836376702799E-142  5.144143806043304E-140
  -484.846734790349       1.349025974269220E-139  5.310421388831471E-140
  -484.053853784968       2.731654972867917E-139 -2.941494751009539E-139
  -483.260972779587      -4.586642127071509E-139 -9.984943246635790E-139
  -482.468091774206      -2.994463274649479E-138  5.831709148656975E-140
  -481.675210768825      -3.254215068821982E-138  7.511567592271971E-138
  -480.882329763445       1.489266849379888E-137  1.693076491509719E-137
  -480.089448758064       6.036148944615705E-137 -1.701209739383105E-137
  -479.296567752683       3.025690818268209E-137 -1.733285387643295E-136
  -478.503686747302      -4.049414269734202E-136 -2.875785341599556E-136
  -477.710805741921      -1.225041907097903E-135  6.903901791268469E-136
  -476.917924736541       3.108900463794263E-136  3.969909898114665E-135
  -476.125043731160       1.056256644474565E-134  3.882990438385403E-135
  -475.332162725779       2.226237062178954E-134 -2.254871355546280E-134
  -474.539281720398      -3.190533489195805E-134 -8.285850090903434E-134
  -473.746400715018      -2.470546971975767E-133 -1.375269265455121E-134
  -472.953519709637      -3.162234179756711E-133  6.085624087778881E-133
  -472.160638704256       1.169313103924766E-132  1.487359820805067E-132
  -471.367757698875       5.054390897649083E-132 -1.229569335211555E-132
  -470.574876693494       2.706949187777485E-132 -1.401459045615623E-131
  -469.781995688114      -3.182159768674176E-131 -2.274519341532823E-131
  -468.989114682733      -9.272254494627271E-131  5.332627962349906E-131
  -468.196233677352       2.794164413464682E-131  2.898940745430864E-130
  -467.403352671971       7.452569407344251E-130  2.535917236031634E-130
  -466.610471666591       1.440898083518689E-129 -1.537589395966957E-129
  -465.817590661210      -2.110858779289229E-129 -5.165980239011369E-129
  -465.024709655829      -1.462069877784918E-128 -7.554874458423028E-130
  -464.231828650448      -1.846308625234989E-128  3.341991113846251E-128
  -463.438947645067       5.596463602192313E-128  8.230071683983105E-128
  -462.646066639687       2.592911364074579E-127 -2.941885035023077E-128
  -461.853185634306       2.587104306879355E-127 -6.419454145855657E-127
  -461.060304628925      -1.179348739041324E-126 -1.442464146711016E-126
  -460.267423623544      -5.008513335384914E-126  9.269343830970488E-127
  -459.474542618163      -4.362109820546991E-126  1.342096177441613E-125
  -458.681661612783       2.743167151876332E-125  2.841365696096521E-125
  -457.888780607402       1.066346951858724E-124 -3.174561703989178E-125
  -457.095899602021       5.577042016249428E-125 -3.094979944731338E-124
  -456.303018596640      -7.159260842088958E-124 -5.277526211278238E-124
  -455.510137591260      -2.217033763288850E-123  1.178644694323350E-123
  -454.717256585879       3.568280200994131E-124  7.051517324592461E-123
  -453.924375580498       1.833366806623902E-122  7.330031483584834E-123
  -453.131494575117       3.959548527643683E-122 -3.797770394556272E-122
  -452.338613569736      -5.072245316011982E-122 -1.427834058357070E-121
  -451.545732564356      -4.152506779847272E-121 -3.366673562362329E-122
  -450.752851558975      -5.504156049163878E-121  1.002042423663821E-120
  -449.959970553594       1.899326900856837E-120  2.498225777084386E-120
  -449.167089548213       8.374123528568555E-120 -2.035361655005908E-120
  -448.374208542832       3.820144934374072E-120 -2.329112045539967E-119
  -447.581327537452      -5.460002341913348E-119 -3.359494728631347E-119
  -446.788446532071      -1.376755852919215E-118  1.025033302401087E-118
  -445.995565526690       1.182303539895919E-118  4.352377440408318E-118
  -445.202684521309       1.154049286473575E-117  1.299345956837883E-118
  -444.409803515929       1.405941633285839E-117 -2.577899766567306E-117
  -443.616922510548      -4.543885785532123E-117 -5.748535915644097E-117
  -442.824041505167      -1.761915715150063E-116  4.464771979008528E-117
  -442.031160499786      -8.505533562482192E-117  4.433469784669607E-116
  -441.238279494405       9.051201259450976E-116  6.741203797230400E-116
  -440.445398489025       2.534260448778235E-115 -1.295109411666513E-115
  -439.652517483644      -8.012207799408260E-117 -7.234828281705247E-115
  -438.859636478263      -1.665923628327797E-114 -8.065355621217573E-115
  -438.066755472882      -3.762005784154018E-114  2.909791512408231E-114
  -437.273874467502       2.403222294317016E-114  1.202415231910042E-113
  -436.480993462121       3.061292325312521E-113  8.257452874559423E-114
  -435.688112456740       5.446322410921491E-113 -6.161334051538316E-113
  -434.895231451359      -8.075935318257842E-113 -1.981605312692691E-112
  -434.102350445978      -5.574890344511990E-112 -4.026197524416779E-113
  -433.309469440598      -7.410875046234641E-112  1.265554811497256E-111
  -432.516588435217       2.139266255615419E-111  3.223776833547231E-111
  -431.723707429836       1.017887797387729E-110 -1.382663398133377E-111
  -430.930826424455       8.341902947956490E-111 -2.616371406082833E-110
  -430.137945419075      -5.447618527899860E-110 -4.987198812081786E-110
  -429.345064413694      -1.826143249592281E-109  7.974538708597305E-110
  -428.552183408313       6.211398783716566E-111  5.366247408639709E-109
  -427.759302402932       1.336446998103319E-108  5.192205644018910E-109
  -426.966421397551       2.538083189455313E-108 -2.796379329354264E-108
  -426.173540392171      -4.491575945194022E-108 -8.664199377561943E-108
  -425.380659386790      -2.447940120301957E-107  3.135694242093459E-108
  -424.587778381409      -1.365845679834503E-107  5.952548664905796E-107
  -423.794897376028       1.234796742469565E-106  8.208129430422771E-107
  -423.002016370648       2.906929680292257E-106 -2.033852565820622E-106
  -422.209135365267      -1.855254312245619E-106 -8.205612010364260E-106
  -421.416254359886      -1.955180558018764E-105 -3.555057074728022E-106
  -420.623373354505      -2.627550381937350E-105  3.889876842660406E-105
  -419.830492349124       5.837694916202375E-105  9.455182049976142E-105
  -419.037611343744       2.618722101022125E-104 -3.222365806880095E-105
  -418.244730338363       1.939769066881325E-104 -5.979094502744800E-104
  -417.451849332982      -1.095434301116877E-103 -1.029099929379482E-103
  -416.658968327601      -3.360702915110632E-103  1.314262508017612E-103
  -415.866087322220      -6.377649493234735E-104  8.681005096682520E-103
  -415.073206316840       1.831323274252659E-102  1.049622978280098E-102
  -414.280325311459       4.238037877802548E-102 -2.923374594142341E-102
  -413.487444306078      -2.011339672614230E-102 -1.247438776558708E-101
  -412.694563300697      -2.999395899853857E-101 -8.600187601223340E-102
  -411.901682295317      -5.054516485519456E-101  5.873254920586363E-101
  -411.108801289936       8.225725618867675E-101  1.748296893423168E-100
  -410.315920284555       4.820123139832408E-100 -1.617147345454097E-101
  -409.523039279174       4.181817666698761E-100 -1.124257468421872E-099
  -408.730158273793      -2.205071736765449E-099 -1.967182571107320E-099
  -407.937277268413      -6.335795373323640E-099  3.344675209665696E-099
  -407.144396263032       2.384906234134718E-099  1.682765230331238E-098
  -406.351515257651       3.850988028921451E-098  7.742014255538822E-099
  -405.558634252270       4.529738698724951E-098 -7.574196777933685E-098
  -404.765753246890      -1.215615062530597E-097 -1.496168965496032E-097
  -403.972872241509      -3.898874382341758E-097  1.278075542559734E-097
  -403.179991236128      -6.057961484748179E-098  8.521731661748058E-097
  -402.387110230747       1.547124898307149E-096  8.168428698708685E-097
  -401.594229225366       2.844487373770041E-096 -2.116507564991676E-096
  -400.801348219986      -1.153547083731922E-096 -7.064795601848308E-096
  -400.008467214605      -1.362426680994436E-095 -4.959498715464756E-096
  -399.215586209224      -2.309787238493962E-095  1.861732239296854E-095
  -398.422705203843       6.468305402975518E-096  6.139994570375839E-095
  -397.629824198462       1.157223309850560E-094  6.248674884895646E-095
  -396.836943193082       2.591953217292999E-094 -1.264189081259502E-094
  -396.044062187701       1.196450648291446E-094 -6.430024301047419E-094
  -395.251181182320      -1.038457136648461E-093 -1.136896494477467E-093
  -394.458300176939      -3.755641856704142E-093  3.481217944289741E-094
  -393.665419171558      -5.011917865158799E-093  8.212360456764866E-093
  -392.872538166178       9.914689602608793E-093  2.352960151494702E-092
  -392.079657160797       6.890086388120291E-092  1.394903261983132E-092
  -391.286776155416       1.381631365626860E-091 -1.442406466011634E-091
  -390.493895150035      -1.633936142933059E-091 -5.576373881464723E-091
  -389.701014144655      -1.683067817592861E-090 -3.216379223691702E-091
  -388.908133139274      -2.907331633503695E-090  4.143818841616445E-090
  -388.115252133893       8.188669738512268E-090  1.232678727873480E-089
  -387.322371128512       4.089914712348801E-089 -1.088964311883472E-089
  -386.529490123131       3.063447151950914E-090 -1.172062219134075E-088
  -385.736609117751      -2.999225425989098E-088 -8.673074684439483E-089
  -384.943728112370      -3.923461401430835E-088  6.916432340437201E-088
  -384.150847106989       1.426795401637957E-087  1.303595288158218E-087
  -383.357966101608       3.685722622792125E-087 -2.553437330785962E-087
  -382.565085096228      -3.611049316778061E-087 -9.278606127924096E-087
  -381.772204090847      -2.111267110322052E-086  2.496015328412619E-087
  -380.979323085466      -7.070488469832549E-087  4.335384438522319E-086
  -380.186442080085       7.880038044054527E-086  4.025562534736378E-086
  -379.393561074704       1.278584786879856E-085 -1.198420688546278E-085
  -378.600680069324      -1.248498891804972E-085 -3.207576842511387E-085
  -377.807799063943      -6.756762898599842E-085 -3.153539188788697E-086
  -377.014918058562      -6.407167574894908E-085  1.178261389837352E-084
  -376.222037053181       1.508652259932200E-084  2.243645950138173E-084
  -375.429156047801       5.555359740086082E-084 -4.886047039536282E-085
  -374.636275042420       4.959963753515130E-084 -1.073695248120786E-083
  -373.843394037039      -1.480966529955689E-083 -2.120877799196555E-083
  -373.050513031658      -5.820579936657046E-083  4.777138168315170E-084
  -372.257632026277      -5.742338251151464E-083  1.232156343291789E-082
  -371.464751020897       1.927947486542048E-082  2.617690697687416E-082
  -370.671870015516       7.841707320651301E-082 -1.269645943885735E-082
  -369.878989010135       5.483451868796572E-082 -1.890500036952764E-081
  -369.086108004754      -3.781288633785106E-081 -3.119971435251263E-081
  -368.293226999373      -1.060499513572743E-080  5.931048232098068E-081
  -367.500345993993       5.139973792785659E-081  2.922845570495151E-080
  -366.707464988612       7.015676681160390E-080  9.223662053057986E-081
  -365.914583983231       6.527648499894723E-080 -1.498020579299082E-079
  -365.121702977850      -2.836268593837949E-079 -2.270192205434147E-079
  -364.328821972470      -6.223246478397658E-079  4.615882989482580E-079
  -363.535940967089       5.824740810049034E-079  1.472855975039970E-078
  -362.743059961708       3.093041515567447E-078 -3.126886566882225E-079
  -361.950178956327       1.162711721325836E-078 -5.769662770018338E-078
  -361.157297950946      -9.335604652331623E-078 -5.472849489427663E-078
  -360.364416945566      -1.525988765772204E-077  1.212713793141426E-077
  -359.571535940185       8.976322278580114E-078  3.355597752805023E-077
  -358.778654934804       6.075869413139119E-077  1.171551687490940E-077
  -357.985773929423       7.016020280506290E-077 -8.638459115091139E-077
  -357.192892924042      -7.211947099700881E-077 -1.907003075574519E-076
  -356.400011918662      -3.760708839503213E-076 -7.420349183700246E-077
  -355.607130913281      -5.192504309830070E-076  5.324967367703460E-076
  -354.814249907900       3.070983927710172E-076  1.462782934988482E-075
  -354.021368902519       2.883993466756587E-075  1.179228895886886E-075
  -353.228487897139       5.585191480917415E-075 -3.760705967817917E-075
  -352.435606891758      -2.439700551499430E-076 -1.504266836293867E-074
  -351.642725886377      -2.969678768685751E-074 -1.775107788720019E-074
  -350.849844880996      -7.122378905221283E-074  3.936865706490495E-074
  -350.056963875615       2.060316309230579E-075  1.943046236715407E-073
  -349.264082870235       4.209051004883257E-073  2.023003547723076E-073
  -348.471201864854       8.556938615678236E-073 -7.218161537412558E-073
  -347.678320859473      -8.194261980487451E-073 -2.522845661882576E-072
  -346.885439854092      -6.154199241631232E-072 -2.506101105871261E-073
  -346.092558848712      -5.016345963115174E-072  1.297214096118533E-071
  -345.299677843331       2.363779129077513E-071  1.904096207312543E-071
  -344.506796837950       5.282656139474719E-071 -3.567840307107597E-071
  -343.713915832569      -3.751705825338270E-071 -1.229840923455306E-070
  -342.921034827188      -2.492052590901190E-070 -2.768260878956656E-072
  -342.128153821808      -1.540697224997502E-070  4.394177147752141E-070
  -341.335272816427       6.499631886917615E-070  5.373685538757416E-070
  -340.542391811046       1.314932338479898E-069 -7.047156624588435E-070
  -339.749510805665      -1.691272374866806E-070 -2.595798443199711E-069
  -338.956629800285      -4.153497747966129E-069 -1.770231519981033E-069
  -338.163748794904      -6.226493830977651E-069  4.826285785253286E-069
  -337.370867789523       1.573849775390039E-069  1.385709826344883E-068
  -336.577986784142       2.255609756935035E-068  1.135028771374586E-068
  -335.785105778761       4.133734896240219E-068 -2.250637548018593E-068
  -334.992224773381       1.147495273258900E-068 -9.002932024560177E-068
  -334.199343768000      -1.311960389577093E-067 -1.255536581890098E-067
  -333.406462762619      -3.721947567088211E-067  6.301849003760562E-068
  -332.613581757238      -3.666531644618016E-067  7.277152482195312E-067
  -331.820700751857       8.458485721720915E-067  1.614477096751188E-066
  -331.027819746477       4.179332402819277E-066  4.993350939582537E-067
  -330.234938741096       6.390860405836515E-066 -7.674464270291029E-066
  -329.442057735715      -7.886918820802976E-066 -2.288395986542758E-065
  -328.649176730334      -5.858307646921495E-065 -1.053620342495838E-065
  -327.856295724954      -8.932145678217903E-065  1.172966271115984E-064
  -327.063414719573       1.701137788727918E-064  3.229187897933206E-064
  -326.270533714192       8.926184920491454E-064 -7.745555616579804E-065
  -325.477652708811       5.934139823532559E-064 -2.081504462238334E-063
  -324.684771703430      -4.181219008064748E-063 -2.938734681433379E-063
  -323.891890698050      -9.364976869122945E-063  7.065044009926661E-063
  -323.099009692669       8.944912898789736E-063  2.450433040421646E-062
  -322.306128687288       5.601848091140632E-062 -3.427243468221517E-063
  -321.513247681907       2.647565867539335E-062 -1.139266301230401E-061
  -320.720366676527      -2.049682357195854E-061 -1.188078647286850E-061
  -319.927485671146      -3.475599362467760E-061  3.146134381391274E-061
  -319.134604665765       3.634423673724670E-061  8.362816555779755E-061
  -318.341723660384       1.750009556973480E-060 -1.183509875054557E-061
  -317.548842655003       9.609431684067790E-061 -3.213942641030750E-060
  -316.755961649623      -5.051596288612558E-060 -3.935767756146929E-060
  -315.963080644242      -1.057332740244127E-059  6.153985063856341E-060
  -315.170199638861       3.211555863881058E-060  2.319987822995324E-059
  -314.377318633480       4.348048506694803E-059  1.143986252810455E-059
  -313.584437628099       5.274301092348377E-059 -6.862018510095642E-059
  -312.791556622719      -8.240437395945066E-059 -1.452831865502313E-058
  -311.998675617338      -3.208314592401936E-058  3.749452593355544E-059
  -311.205794611957      -1.742295835301122E-058  6.009458682430708E-058
  -310.412913606576       9.446024765568244E-058  7.616472798492385E-058
  -309.620032601196       2.067756171668797E-057 -1.127269528664665E-057
  -308.827151595815      -5.057946854575902E-058 -4.544085673705101E-057
  -308.034270590434      -8.546471622910311E-057 -2.371013668651222E-057
  -307.241389585053      -1.028698662196725E-056  1.372600277250766E-056
  -306.448508579672       1.765950737768077E-056  2.781989272346776E-056
  -305.655627574292       6.114314001992230E-056 -1.328908639338909E-056
  -304.862746568911       1.507787292672876E-056 -1.158537490066457E-055
  -304.069865563530      -1.904705187572023E-055 -9.660918409881521E-056
  -303.276984558149      -2.768436651444186E-055  2.622075022643637E-055
  -302.484103552769       2.616783238560937E-055  6.114855279415311E-055
  -301.691222547388       1.136861064388768E-054 -3.678994864083248E-056
  -300.898341542007       6.823199937812165E-055 -1.794154954082102E-054
  -300.105460536626      -2.279848839561340E-054 -2.279557664409273E-054
  -299.312579531245      -5.126677255218686E-054  1.808304829347306E-054
  -298.519698525865      -1.167671931943805E-054  9.187343307453799E-054
  -297.726817520484       1.315030707400313E-053  9.082035101602258E-054
  -296.933936515103       2.473970743898826E-053 -1.292830342591966E-053
  -296.141055509722       3.349438037026128E-055 -4.922985181521765E-053
  -295.348174504342      -7.687030562614534E-053 -4.173179853538241E-053
  -294.555293498961      -1.306779894155617E-052  8.575888663887184E-053
  -293.762412493580       2.402671031163111E-053  2.797136499062942E-052
  -292.969531488199       4.643446977603345E-052  2.029900786079998E-052
  -292.176650482818       7.277003637783680E-052 -5.623262288275684E-052
  -291.383769477438      -2.574876905753815E-052 -1.659053021488075E-051
  -290.590888472057      -2.896591835405303E-051 -1.067707763197567E-051
  -289.798007466676      -4.352655452949198E-051  3.723954830953529E-051
  -289.005126461295       2.099923314446953E-051  1.054722026182467E-050
  -288.212245455914       1.948879606860879E-050  6.294694007226482E-051
  -287.419364450534       2.877710725617275E-050 -2.720894918692991E-050
  -286.626483445153      -2.078318769370251E-050 -7.475825624137783E-050
  -285.833602439772      -1.502137413677064E-049 -2.963785030593459E-050
  -285.040721434391      -1.798081895799620E-049  2.422924151472492E-049
  -284.247840429011       2.868522755845130E-049  5.141673326026416E-049
  -283.454959423630       1.124669409525836E-048 -1.127183684066477E-049
  -282.662078418249       6.336082779546583E-049 -2.031251448619678E-048
  -281.869197412868      -2.989892049045326E-048 -2.549668904714446E-048
  -281.076316407487      -6.428412546091711E-048  3.125039398262968E-048
  -280.283435402107       3.581055042387133E-049  1.289081506916092E-047
  -279.490554396726       2.133579664436545E-047  9.251720923703937E-048
  -278.697673391345       3.178037638982765E-047 -2.770194220978243E-047
  -277.904792385964      -2.058361214223052E-047 -7.415787465681869E-047
  -277.111911380583      -1.390741903038639E-046 -2.413639458418924E-047
  -276.319030375203      -1.481155915806343E-046  2.125231903627347E-046
  -275.526149369822       2.397969330858475E-046  4.087900209904217E-046
  -274.733268364441       8.579252148816656E-046 -8.786596187419517E-047
  -273.940387359060       4.989318621016841E-046 -1.477601993509440E-045
  -273.147506353680      -2.041894995012219E-045 -1.920639814606842E-045
  -272.354625348299      -4.648152210809851E-045  1.875543232251510E-045
  -271.561744342918      -4.802019568818736E-046  8.912719150289984E-045
  -270.768863337537       1.393310155175617E-044  7.567197269440357E-045
  -269.975982332156       2.289160050762222E-044 -1.640540626210078E-044
  -269.183101326776      -8.088538564840847E-045 -4.954397107418198E-044
  -268.390220321395      -8.604447318640635E-044 -2.717329518859513E-044
  -267.597339316014      -1.153468383291827E-043  1.171799776831461E-043
  -266.804458310633       9.738945766329120E-044  2.887801918417576E-043
  -266.011577305253       5.689152123686075E-043  7.417499830473723E-044
  -265.218696299872       5.820946511546147E-043 -9.209398993459989E-043
  -264.425815294491      -1.161278728648545E-042 -1.708486998074224E-042
  -263.632934289110      -3.788994484475207E-042  8.005676596395608E-043
  -262.840053283729      -1.174779479351062E-042  7.029014117736677E-042
  -262.047172278349       1.105133994810650E-041  6.519789943571354E-042
  -261.254291272968       1.775785913558735E-041 -1.401523232956365E-041
  -260.461410267587      -1.118905824369223E-041 -3.760812674693162E-041
  -259.668529262206      -6.708919462684588E-041 -6.917169333160593E-042
  -258.875648256826      -5.617800048395871E-041  1.012420004826946E-040
  -258.082767251445       1.213038811668404E-040  1.584249234282971E-040
  -257.289886246064       3.353210810894558E-040 -8.279904577300936E-041
  -256.497005240683       9.870063516144595E-041 -5.905161894122610E-040
  -255.704124235302      -8.720247453036911E-040 -5.571482323616644E-040
  -254.911243229922      -1.464371599161263E-039  1.007385061047048E-039
  -254.118362224541       6.119534857269094E-040  2.966310548293404E-039
  -253.325481219160       5.019652223772865E-039  1.007016880701396E-039
  -252.532600213779       4.881572963959712E-039 -7.071496172778389E-039
  -251.739719208398      -7.541855866949691E-039 -1.220199517460651E-038
  -250.946838203018      -2.366637225887226E-038  3.149634375072371E-039
  -250.153957197637      -1.167865770488270E-038  3.799038028159004E-038
  -249.361076192256       4.916778281338925E-038  4.469981801056437E-038
  -248.568195186875       1.038318100930347E-037 -4.226713402492495E-038
  -247.775314181495       1.175628491538954E-038 -1.912529035762988E-037
  -246.982433176114      -2.910215052251505E-037 -1.602069266413245E-037
  -246.189552170733      -4.669854965848004E-037  3.477590482137064E-037
  -245.396671165352       2.360671926891369E-037  9.963571811882759E-037
  -244.603790159971       1.768915328815155E-036  2.737428573078476E-037
  -243.810909154591       1.536302378852959E-036 -2.673931773543970E-036
  -243.018028149210      -3.326638495481651E-036 -4.002117530390753E-036
  -242.225147143829      -8.078574490296003E-036  2.878612393234201E-036
  -241.432266138448      -1.646375944088743E-037  1.379978536810439E-035
  -240.639385133067       2.022602076476417E-035  7.982605837022030E-036
  -239.846504127687       2.308081986997936E-035 -2.455451992759737E-035
  -239.053623122306      -2.109614962128181E-035 -4.715241730198646E-035
  -238.260742116925      -7.872030608157581E-035  6.141925403221993E-037
  -237.467861111544      -4.893999035608324E-035  1.092847906438130E-034
  -236.674980106164       1.183343315642875E-034  1.385976703465464E-034
  -235.882099100783       2.692540388356649E-034 -6.898116359661231E-035
  -235.089218095402       9.160692267877502E-035 -4.153692758789136E-034
  -234.296337090021      -5.018163328134183E-034 -4.195164959497864E-034
  -233.503456084640      -9.384933847153305E-034  3.798653580622528E-034
  -232.710575079260      -1.810667496623541E-034  1.570272439520373E-033
  -231.917694073879       2.026639872406222E-033  1.453254579129241E-033
  -231.124813068498       3.610907901775828E-033 -1.680876029999369E-033
  -230.331932063117       5.183838731519384E-034 -6.427982661996508E-033
  -229.539051057737      -8.765725832417452E-033 -5.952953955828758E-033
  -228.746170052356      -1.582374912571595E-032  7.876578787608213E-033
  -227.953289046975      -1.271649446072831E-033  2.989385180044192E-032
  -227.160408041594       4.414953323682898E-032  2.612715167332352E-032
  -226.367527036213       7.515002475864573E-032 -4.725743911745378E-032
  -225.574646030833      -1.633715894878985E-032 -1.533616835191202E-031
  -224.781765025452      -2.530410316118088E-031 -8.613739496786842E-032
  -223.988884020071      -3.104203800752517E-031  3.382461429233352E-031
  -223.196003014690       3.239937632284754E-031  7.060407773079344E-031
  -222.403122009309       1.288067088801392E-030 -5.586687468128759E-032
  -221.610241003929       6.955314657247201E-031 -1.974712144718332E-030
  -220.817359998548      -2.494669525713798E-030 -2.198723451048759E-030
  -220.024478993167      -4.644965443430244E-030  2.281033466809482E-030
  -219.231597987786       4.042253313483456E-031  7.907371901005074E-030
  -218.438716982406       1.115036844600454E-029  4.348998326409786E-030
  -217.645835977025       1.307800214818916E-029 -1.233098814164774E-029
  -216.852954971644      -7.777664401724658E-030 -2.583298119096089E-029
  -216.060073966263      -3.995809956056888E-029 -7.723840957857450E-030
  -215.267192960882      -3.957516587114585E-029  4.775528339308344E-029
  -214.474311955502       3.407898431350277E-029  8.964783464760492E-029
  -213.681430950121       1.490155052252235E-028  2.445629604509319E-029
  -212.888549944740       1.553160099477475E-028 -1.865353664392727E-028
  -212.095668939359      -1.346498237604794E-028 -3.755133213342932E-028
  -211.302787933979      -6.594562183158699E-028 -1.219588063777751E-028
  -210.509906928598      -7.418120327511665E-028  8.818576226535198E-028
  -209.717025923217       7.327120235947746E-028  1.882298291308012E-027
  -208.924144917836       3.578769972602090E-027  3.862005364774598E-028
  -208.131263912455       3.449014632659397E-027 -5.499700289198162E-027
  -207.338382907075      -6.531437722031545E-027 -9.803395898906340E-027
  -206.545501901694      -2.095041742977694E-026  4.173903752524001E-027
  -205.752620896313      -6.195319331635128E-027  3.792374825512199E-026
  -204.959739890932       6.005427452508275E-026  3.198366690261545E-026
  -204.166858885551       8.353745159897703E-026 -8.294481476376295E-026
  -203.373977880171      -9.565277232934392E-026 -1.730604496397870E-025
  -202.581096874790      -3.113113585620286E-025  7.746880776153469E-026
  -201.788215869409      -4.628611514816282E-027  5.010516052347266E-025
  -200.995334864028       7.266615009492562E-025  1.957371303110362E-025
  -200.202453858648       5.466917038502230E-025 -9.405936651836445E-025
  -199.409572853267      -1.049677637643607E-024 -1.097393833196065E-024
  -198.616691847886      -1.845950119793897E-024  9.078716465456232E-025
  -197.823810842505       3.265870041807366E-025  2.702800288972529E-024
  -197.030929837124       3.436253011579558E-024  8.820563452127749E-025
  -196.238048831744       2.812553083924580E-024 -3.628408215523862E-024
  -195.445167826363      -2.678043004878405E-024 -5.314095237619353E-024
  -194.652286820982      -7.790301918552939E-024 -9.364263037362039E-026
  -193.859405815601      -5.165940096875155E-024  9.002448781960926E-024
  -193.066524810221       6.992160251483613E-024  1.231135135831930E-023
  -192.273643804840       1.985390201105915E-023  6.792492761742011E-025
  -191.480762799459       1.610187884091564E-023 -2.381540405839811E-023
  -190.687881794078      -1.729221907767817E-023 -3.930301408030408E-023
  -189.895000788697      -6.545873230815771E-023 -9.282249316770598E-024
  -189.102119783317      -6.597965223702276E-023  8.118095553050732E-023
  -188.309238777936       6.070260795009785E-023  1.580503532412086E-022
  -187.516357772555       2.762270404918816E-022  3.615569296007986E-023
  -186.723476767174       2.609869292384266E-022 -3.822225727800131E-022
  -185.930595761794      -3.908742354826899E-022 -6.641718755275752E-022
  -185.137714756413      -1.267400737109627E-021  1.537524042845246E-022
  -184.344833751032      -5.460853054690907E-022  2.017322263447278E-021
  -183.551952745651       2.720828373922876E-021  1.972865476354534E-021
  -182.759071740270       4.370539846292585E-021 -2.971875384972343E-021
  -181.966190734890      -2.094911521040037E-021 -7.829089068818611E-021
  -181.173309729509      -1.207449303281390E-020 -8.499756854999917E-022
  -180.380428724128      -6.934500161616082E-021  1.619711813121092E-020
  -179.587547718747       1.837829707780621E-020  1.702487206066083E-020
  -178.794666713366       3.117518876644498E-020 -1.574041902743390E-020
  -178.001785707986      -4.523179043829882E-021 -4.774449600881435E-020
  -177.208904702605      -6.235340457387330E-020 -1.914596469384684E-020
  -176.416023697224      -5.760911677702501E-020  6.699611724809445E-020
  -175.623142691843       4.988893354435895E-020  1.089940110384025E-019
  -174.830261686463       1.636220020029804E-019  3.087253924509812E-021
  -174.037380681082       1.043198135939384E-019 -2.001983661904704E-019
  -173.244499675701      -1.832953376097287E-019 -2.568559127284033E-019
  -172.451618670320      -4.429756492054602E-019  6.461743618490637E-020
  -171.658737664939      -2.086026148380612E-019  6.100731710305052E-019
  -170.865856659559       6.572686638355986E-019  6.744932211597796E-019
  -170.072975654178       1.324238687620874E-018 -4.292171927129236E-019
  -169.280094648797       2.732537233922457E-019 -2.057362265176172E-018
  -168.487213643416      -2.631448116219858E-018 -1.654036560822450E-018
  -167.694332638036      -3.843654835785976E-018  2.622040199284192E-018
  -166.901451632655       1.418917803920370E-018  6.778409668201610E-018
  -166.108570627274       1.004759476774508E-017  1.706187100882011E-018
  -165.315689621893       7.423604679336028E-018 -1.274308168492061E-017
  -164.522808616512      -1.337590836749253E-017 -1.603750338675331E-017
  -163.729927611132      -2.705677222009446E-017  9.954818038043627E-018
  -162.937046605751       3.384537655495681E-019  3.871894947609335E-017
  -162.144165600370       4.762801829763840E-017  1.704457281387495E-017
  -161.351284594989       4.209030538516750E-017 -4.876182058520716E-017
  -160.558403589608      -3.617338673977614E-017 -7.166865517467461E-017
  -159.765522584228      -9.840837496622558E-017  4.697462510755623E-018
  -158.972641578847      -4.719286408411310E-017  1.102919074346300E-016
  -158.179760573466       9.199318778982777E-017  1.136258969410283E-016
  -157.386879568085       1.775677681933334E-016 -2.896625073557732E-017
  -156.593998562705       8.502643296511312E-017 -2.088256647948126E-016
  -155.801117557324      -1.664849107766742E-016 -2.372023311471227E-016
  -155.008236551943      -3.838679118251418E-016  8.992659416654425E-018
  -154.215355546562      -2.852823656801682E-016  4.418912824785788E-016
  -153.422474541181       2.910483034962590E-016  6.862061176988251E-016
  -152.629593535801       1.072258605279312E-015  2.027316940002152E-016
  -151.836712530420       1.132611404501936E-015 -1.193525923316370E-015
  -151.043831525039      -6.565777951126400E-016 -2.457319210591029E-015
  -150.250950519658      -3.870988825751111E-015 -1.040527193665485E-015
  -149.458069514277      -4.389465389567107E-015  4.655444197183564E-015
  -148.665188508897       3.558178676707086E-015  9.639027378374680E-015
  -147.872307503516       1.643756807296917E-014  1.232819712396758E-015
  -147.079426498135       1.192249079549189E-014 -2.337959266360439E-014
  -146.286545492754      -2.754883741176892E-014 -3.064850251632107E-014
  -145.493664487374      -5.865166322328436E-014  2.423052964780994E-014
  -144.700783481993       7.043888480569259E-015  9.507738573622341E-014
  -143.907902476612       1.355481355881612E-013  3.121197000286613E-014
  -143.115021471231       9.674509670756922E-014 -1.708512352713356E-013
  -142.322140465850      -1.863315103682696E-013 -1.919017528670543E-013
  -141.529259460470      -3.114686967902340E-013  1.627935069310378E-013
  -140.736378455089       7.977687250749862E-014  4.388425300310503E-013
  -139.943497449708       5.433458174795574E-013  7.818630279401770E-014
  -139.150616444327       3.124210912984365E-013 -5.805586960335424E-013
  -138.357735438947      -4.978964061104533E-013 -5.993377130434900E-013
  -137.564854433566      -8.808883070561729E-013  2.474374331091392E-013
  -136.771973428185      -1.932132039263128E-013  1.060809204492096E-012
  -135.979092422804       1.012521958385090E-012  7.937570818212286E-013
  -135.186211417423       1.443288680475008E-012 -6.046973547204830E-013
  -134.393330412043       2.515555465890540E-013 -1.931859136084259E-012
  -133.600449406662      -1.956132287424604E-012 -1.535056142402787E-012
  -132.807568401281      -3.036353395165961E-012  1.166010689133203E-012
  -132.014687395900      -7.332051646061212E-013  4.290548260276468E-012
  -131.221806390520       4.555368806357527E-012  3.818036458507557E-012
  -130.428925385139       7.736826130042044E-012 -2.878351168237114E-012
  -129.636044379758       1.702188489866102E-012 -1.149332214652237E-011
  -128.843163374377      -1.329751453041099E-011 -9.792455951717240E-012
  -128.050282368996      -2.112126757189996E-011  1.058780758566824E-011
  -127.257401363616       3.438922216996594E-013  3.392836041597814E-011
  -126.464520358235       4.441180888962351E-011  2.020625369622951E-011
  -125.671639352854       5.244500099260610E-011 -4.647123986054942E-011
  -124.878758347473      -3.205081322889443E-011 -9.486991601041200E-011
  -124.085877342092      -1.415017010913366E-010 -7.606509882048311E-012
  -123.292996336712      -7.957948675317036E-011  1.806627663324987E-010
  -122.500115331331       1.947935445154832E-010  1.857904456951437E-010
  -121.707234325950       3.188478432572007E-010 -1.620889696479724E-010
  -120.914353320569      -6.066910156618448E-011 -4.581354911008478E-010
  -120.121472315189      -5.675980752705594E-010 -1.243644458850176E-010
  -119.328591309808      -3.913719241581546E-010  5.970604135740166E-010
  -118.535710304427       4.889698580479387E-010  7.116095629538468E-010
  -117.742829299046       1.020469262990664E-009 -1.919397027435631E-010
  -116.949948293665       3.188093986679122E-010 -1.214569063206049E-009
  -116.157067288285      -1.159419194278836E-009 -1.016152789428043E-009
  -115.364186282904      -1.795803303431565E-009  7.119746275732984E-010
  -114.571305277523      -2.396439274148170E-010  2.459057875397251E-009
  -113.778424272142       2.713952605505097E-009  1.720952556590808E-009
  -112.985543266762       3.607955127598145E-009 -2.205868074702319E-009
  -112.192662261381      -5.862088464449857E-010 -5.570529556241542E-009
  -111.399781256000      -7.043403756932261E-009 -2.378706813574800E-009
  -110.606900250619      -6.667282458823805E-009  7.249658729463276E-009
  -109.814019245238       5.300129251946388E-009  1.185392411267172E-008
  -109.021138239858       1.699056136639674E-008 -3.824313278173448E-010
  -108.228257234477       7.965913275272994E-009 -2.056952701007828E-008
  -107.435376229096      -2.062319732000798E-008 -1.953396569300949E-008
  -106.642495223715      -3.313025010844426E-008  1.500619134245865E-008
  -105.849614218334       1.877732037531192E-009  4.638886105650466E-008
  -105.056733212954       5.580168790628133E-008  1.964709347352840E-008
  -104.263852207573       4.877520934652201E-008 -5.708016966440138E-008
  -103.470971202192      -4.590669958523287E-008 -8.241477653692212E-008
  -102.678090196811      -1.148888826018012E-007  1.905666237704108E-008
  -101.885209191431      -2.423801640161885E-008  1.382349918762002E-007
  -101.092328186050       1.432875752367044E-007  8.094211936291822E-008
  -100.299447180669       1.432710920147716E-007 -1.216001883850108E-007
  -99.5065661752882      -6.804371853629227E-008 -1.986117234633387E-007
  -98.7136851699074      -2.307585913501294E-007 -1.634796317949335E-008
  -97.9208041645266      -1.219743567121966E-007  2.227461228185080E-007
  -97.1279231591459       1.612121668220778E-007  2.295839061567876E-007
  -96.3350421537651       3.114161742647541E-007 -4.173920505631988E-008
  -95.5421611483843       1.259302142344481E-007 -3.352625350047946E-007
  -94.7492801430035      -2.716164146000804E-007 -3.143798201549285E-007
  -93.9563991376227      -4.785077934468856E-007  1.032652825047783E-007
  -93.1635181322419      -1.643346342051792E-007  5.606158283704949E-007
  -92.3706371268612       5.014384258088154E-007  4.945493241304858E-007
  -91.5777561214804       8.162341932751734E-007 -2.566028904868349E-007
  -90.7848751160996       1.837968084633516E-007 -1.028877405325047E-006
  -89.9919941107188      -1.018535092370117E-006 -7.767683383553726E-007
  -89.1991131053380      -1.414946135190699E-006  6.847694723767445E-007
  -88.4062320999573      -2.430547077354704E-008  1.928439414348359E-006
  -87.6133510945765       2.105310386552048E-006  1.075406332890145E-006
  -86.8204700891957       2.321765632336654E-006 -1.732933384566670E-006
  -86.0275890838149      -6.574641583299472E-007 -3.494913108288784E-006
  -85.2347080784341      -4.227640035211780E-006 -1.147723426178160E-006
  -84.4418270730533      -3.520253511061779E-006  4.114951229367547E-006
  -83.6489460676726       2.811673470272684E-006  6.074043885816237E-006
  -82.8560650622918       8.213181099556933E-006 -1.542051939926515E-007
  -82.0631840569110       3.718264956880058E-006 -9.211255175157851E-006
  -81.2703030515302      -8.361451786608946E-006 -8.277751898139724E-006
  -80.4774220461494      -1.259565162692558E-005  5.184398583346909E-006
  -79.6845410407687      -3.416972493456456E-007  1.543934908930826E-005
  -78.8916600353879       1.549544586111298E-005  7.585621240135990E-006
  -78.0987790300071       1.517326446105061E-005 -1.170996175311448E-005
  -77.3058980246263      -3.698850441853146E-006 -2.107331899478223E-005
  -76.5130170192455      -2.290792954956613E-005 -7.857468917460045E-006
  -75.7201360138647      -2.095384709083896E-005  1.849520497147123E-005
  -74.9272550084840       6.569247831602941E-006  3.226477821940605E-005
  -74.1343740031032       3.752471001298045E-005  1.244748767350880E-005
  -73.3414929977224       3.580978373866236E-005 -3.233857500703803E-005
  -72.5486119923416      -1.338296389684470E-005 -5.818303290505015E-005
  -71.7557309869608      -7.196795708005763E-005 -2.016087825594865E-005
  -70.9628499815800      -6.522314481933165E-005  6.837255410714477E-005
  -70.1699689761993       3.925314244622135E-005  1.138849813487001E-004
  -69.3770879708185       1.532452780350836E-004  2.044349617378830E-005
  -68.5842069654377       1.100225800595555E-004 -1.664538028052674E-004
  -67.7913259600569      -1.350758871996086E-004 -2.207557341745682E-004
  -66.9984449546761      -3.346854914925822E-004  4.268334447342514E-005
  -66.2055639492953      -1.207540425002815E-004  4.252382388520593E-004
  -65.4126829439146       4.601733470437716E-004  3.543969237814151E-004
  -64.6198019385338       6.429013220939134E-004 -4.069657501395225E-004
  -63.8269209331530      -2.400537951765518E-004 -9.546116447885361E-004
  -63.0340399277722      -1.242563168311956E-003 -5.137284733337281E-005
  -62.2411589223914      -4.568926248544566E-004  1.449170243089135E-003
  -61.4482779170106       1.515069020739426E-003  9.414687063456916E-004
  -60.6553969116299       1.446312974799239E-003 -1.391564010169038E-003
  -59.8625159062491      -1.054554746442375E-003 -1.894386850899000E-003
  -59.0696349008683      -2.200471328144392E-003  5.164355096629472E-004
  -58.2767538954875      -1.678030827311861E-004  2.285376948350921E-003
  -57.4838728901067       2.092998452361086E-003  9.029648175439049E-004
  -56.6909918847260       1.565419760631947E-003 -1.607447097049200E-003
  -55.8981108793452      -8.661340003660628E-004 -2.023296314450714E-003
  -55.1052298739644      -2.162440804944612E-003 -3.566786959522077E-005
  -54.3123488685836      -9.522038679931908E-004  1.913920916854319E-003
  -53.5194678632028       1.277585490634509E-003  1.707741406337798E-003
  -52.7265868578220       2.128449592505593E-003 -3.357086160029415E-004
  -51.9337058524413       7.484849331134568E-004 -2.080866767244948E-003
  -51.1408248470605      -1.509640274201808E-003 -1.750395978352512E-003
  -50.3479438416797      -2.421238147080158E-003  4.658513884109931E-004
  -49.5550628362989      -8.824271254398090E-004  2.538192452042099E-003
  -48.7621818309181       1.958912904417524E-003  2.263365667291700E-003
  -47.9693008255373       3.340233358350601E-003 -6.689622946450934E-004
  -47.1764198201566       1.189966037222780E-003 -3.772244383353733E-003
  -46.3835388147758      -3.288082907084392E-003 -3.321214424307591E-003
  -45.5906578093950      -5.309115340619492E-003  1.758183044862100E-003
  -44.7977768040142      -7.504441916137524E-004  6.688086991104181E-003
  -44.0048957986334       7.035121615543163E-003  3.952119989079348E-003
  -43.2120147932526       7.364020916873589E-003 -6.068598274442968E-003
  -42.4191337878719      -3.731955942727800E-003 -1.037466524439471E-002
  -41.6262527824911      -1.235289852602251E-002  2.410590164335067E-004
  -40.8333717771103      -3.920431760937525E-003  1.278019364534237E-002
  -40.0404907717295       1.137976957977203E-002  8.063893358300305E-003
  -39.2476097663487       1.141162466968662E-002 -8.211445751584131E-003
  -38.4547287609680      -3.704270137673185E-003 -1.324911508890227E-002
  -37.6618477555872      -1.308663016193505E-002 -1.389706032206643E-003
  -36.8689667502064      -6.120287705750274E-003  1.079574329153027E-002
  -36.0760857448256       6.685386148462935E-003  9.524318569806588E-003
  -35.2832047394448       1.083734196770401E-002 -1.489792550039481E-003
  -34.4903237340640       3.742719934941892E-003 -9.687823208321646E-003
  -33.6974427286833      -6.227893253256515E-003 -7.849069026915284E-003
  -32.9045617233025      -9.805198742623054E-003  1.162238801120717E-003
  -32.1116807179217      -4.345646229206744E-003  8.983148101604997E-003
  -31.3187997125409       5.352323064199757E-003  8.885494377409564E-003
  -30.5259187071601       1.109832197736632E-002  4.292747637580915E-004
  -29.7330377017793       7.070017371755857E-003 -1.000380446755248E-002
  -28.9401566963986      -5.285560045770993E-003 -1.285303373378111E-002
  -28.1472756910178      -1.597073819753130E-002 -2.537240454428131E-003
  -27.3543946856370      -1.210717437873813E-002  1.492557563078459E-002
  -26.5615136802562       8.914225424060281E-003  2.141875204956304E-002
  -25.7686326748754       2.818443060799474E-002  1.893708854333519E-003
  -24.9757516694946       1.625750228650281E-002 -3.031642086814208E-002
  -24.1828706641139      -2.642839179705896E-002 -3.198969152044812E-002
  -23.3899896587331      -4.630025087611791E-002  1.624163594525726E-002
  -22.5971086533523       7.856865038793118E-004  5.631159001139337E-002
  -21.8042276479715       5.965720680895262E-002  1.768021992444315E-002
  -21.0113466425907       3.603400202763766E-002 -5.504981823674682E-002
  -20.2184656372100      -4.268964240791705E-002 -5.088126866477062E-002
  -19.4255846318292      -5.925010147347170E-002  2.438951473363197E-002
  -18.6327036264484       3.338318834101193E-003  5.925098603600565E-002
  -17.8398226210676       5.056940860194211E-002  1.648904490369015E-002
  -17.0469416156868       3.116681730084071E-002 -3.467671538893669E-002
  -16.2540606103060      -1.467766112334824E-002 -3.771805942755380E-002
  -15.4611796049253      -3.487494076745813E-002 -5.226174294725750E-003
  -14.6682985995445      -2.059200795381837E-002  2.351750397123490E-002
  -13.8754175941637       6.664720886705055E-003  2.775827103603301E-002
  -13.0825365887829       2.482170708266321E-002  1.102641155954029E-002
  -12.2896555834021       2.420013668752134E-002 -1.234297634163524E-002
  -11.4967745780213       6.408268499743363E-003 -2.802900943791151E-002
  -10.7038935726406      -1.950340765147924E-002 -2.577513529861834E-002
  -9.91101256725978      -3.859436667972863E-002 -1.475161261324822E-003
  -9.11813156187900      -3.143580067940589E-002  3.750377508131932E-002
  -8.32525055649822       1.643035230725141E-002  6.328145466253085E-002
  -7.53236955111743       8.689058180341334E-002  2.806954988233242E-002
  -6.73948854573665       9.598598280884718E-002 -9.032151908825831E-002
  -5.94660754035587      -6.150380417918219E-002 -0.183897767403980     
  -5.15372653497509      -0.286112329724315      -9.636203192773791E-003
  -4.36084552959430      -0.128463153076424       0.396777985399462     
  -3.56796452421352       0.512048443264442       0.292066084120368     
  -2.77508351883274       0.485248872296861      -0.630258520960859     
  -1.98220251345196      -0.747915168862432      -0.678653628282075     
  -1.18932150807117      -0.833836522903812       0.852461626209023     
 -0.396440502690391       0.918778091333312       0.917646298041607     
  0.396440502690391       0.918778091333312      -0.917646298041607     
   1.18932150807117      -0.833836522903812      -0.852461626209023     
   1.98220251345196      -0.747915168862432       0.678653628282075     
   2.77508351883274       0.485248872296861       0.630258520960859     
   3.56796452421352       0.512048443264442      -0.292066084120368     
   4.36084552959430      -0.128463153076424      -0.396777985399462     
   5.15372653497509      -0.286112329724315       9.636203192773791E-003
   5.94660754035587      -6.150380417918219E-002  0.183897767403980     
   6.73948854573665       9.598598280884718E-002  9.032151908825831E-002
   7.53236955111743       8.689058180341334E-002 -2.806954988233242E-002
   8.32525055649822       1.643035230725141E-002 -6.328145466253085E-002
   9.11813156187900      -3.143580067940589E-002 -3.750377508131932E-002
   9.91101256725978      -3.859436667972863E-002  1.475161261324822E-003
   10.7038935726406      -1.950340765147924E-002  2.577513529861834E-002
   11.4967745780213       6.408268499743363E-003  2.802900943791151E-002
   12.2896555834021       2.420013668752134E-002  1.234297634163524E-002
   13.0825365887829       2.482170708266321E-002 -1.102641155954029E-002
   13.8754175941637       6.664720886705055E-003 -2.775827103603301E-002
   14.6682985995445      -2.059200795381837E-002 -2.351750397123490E-002
   15.4611796049253      -3.487494076745813E-002  5.226174294725750E-003
   16.2540606103060      -1.467766112334824E-002  3.771805942755380E-002
   17.0469416156868       3.116681730084071E-002  3.467671538893669E-002
   17.8398226210676       5.056940860194211E-002 -1.648904490369015E-002
   18.6327036264484       3.338318834101193E-003 -5.925098603600565E-002
   19.4255846318292      -5.925010147347170E-002 -2.438951473363197E-002
   20.2184656372100      -4.268964240791705E-002  5.088126866477062E-002
   21.0113466425907       3.603400202763766E-002  5.504981823674682E-002
   21.8042276479715       5.965720680895262E-002 -1.768021992444315E-002
   22.5971086533523       7.856865038793118E-004 -5.631159001139337E-002
   23.3899896587331      -4.630025087611791E-002 -1.624163594525726E-002
   24.1828706641139      -2.642839179705896E-002  3.198969152044812E-002
   24.9757516694946       1.625750228650281E-002  3.031642086814208E-002
   25.7686326748754       2.818443060799474E-002 -1.893708854333519E-003
   26.5615136802562       8.914225424060281E-003 -2.141875204956304E-002
   27.3543946856370      -1.210717437873813E-002 -1.492557563078459E-002
   28.1472756910178      -1.597073819753130E-002  2.537240454428131E-003
   28.9401566963986      -5.285560045770993E-003  1.285303373378111E-002
   29.7330377017793       7.070017371755857E-003  1.000380446755248E-002
   30.5259187071601       1.109832197736632E-002 -4.292747637580915E-004
   31.3187997125409       5.352323064199757E-003 -8.885494377409564E-003
   32.1116807179217      -4.345646229206744E-003 -8.983148101604997E-003
   32.9045617233025      -9.805198742623054E-003 -1.162238801120717E-003
   33.6974427286833      -6.227893253256515E-003  7.849069026915284E-003
   34.4903237340640       3.742719934941892E-003  9.687823208321646E-003
   35.2832047394448       1.083734196770401E-002  1.489792550039481E-003
   36.0760857448256       6.685386148462935E-003 -9.524318569806588E-003
   36.8689667502064      -6.120287705750274E-003 -1.079574329153027E-002
   37.6618477555872      -1.308663016193505E-002  1.389706032206643E-003
   38.4547287609680      -3.704270137673185E-003  1.324911508890227E-002
   39.2476097663487       1.141162466968662E-002  8.211445751584131E-003
   40.0404907717295       1.137976957977203E-002 -8.063893358300305E-003
   40.8333717771103      -3.920431760937525E-003 -1.278019364534237E-002
   41.6262527824911      -1.235289852602251E-002 -2.410590164335067E-004
   42.4191337878719      -3.731955942727800E-003  1.037466524439471E-002
   43.2120147932526       7.364020916873589E-003  6.068598274442968E-003
   44.0048957986334       7.035121615543163E-003 -3.952119989079348E-003
   44.7977768040142      -7.504441916137524E-004 -6.688086991104181E-003
   45.5906578093950      -5.309115340619492E-003 -1.758183044862100E-003
   46.3835388147758      -3.288082907084392E-003  3.321214424307591E-003
   47.1764198201566       1.189966037222780E-003  3.772244383353733E-003
   47.9693008255373       3.340233358350601E-003  6.689622946450934E-004
   48.7621818309181       1.958912904417524E-003 -2.263365667291700E-003
   49.5550628362989      -8.824271254398090E-004 -2.538192452042099E-003
   50.3479438416797      -2.421238147080158E-003 -4.658513884109931E-004
   51.1408248470605      -1.509640274201808E-003  1.750395978352512E-003
   51.9337058524412       7.484849331134568E-004  2.080866767244948E-003
   52.7265868578220       2.128449592505593E-003  3.357086160029415E-004
   53.5194678632028       1.277585490634509E-003 -1.707741406337798E-003
   54.3123488685836      -9.522038679931908E-004 -1.913920916854319E-003
   55.1052298739644      -2.162440804944612E-003  3.566786959522077E-005
   55.8981108793452      -8.661340003660628E-004  2.023296314450714E-003
   56.6909918847259       1.565419760631947E-003  1.607447097049200E-003
   57.4838728901067       2.092998452361086E-003 -9.029648175439049E-004
   58.2767538954875      -1.678030827311861E-004 -2.285376948350921E-003
   59.0696349008683      -2.200471328144392E-003 -5.164355096629472E-004
   59.8625159062491      -1.054554746442375E-003  1.894386850899000E-003
   60.6553969116299       1.446312974799239E-003  1.391564010169038E-003
   61.4482779170106       1.515069020739426E-003 -9.414687063456916E-004
   62.2411589223914      -4.568926248544566E-004 -1.449170243089135E-003
   63.0340399277722      -1.242563168311956E-003  5.137284733337281E-005
   63.8269209331530      -2.400537951765518E-004  9.546116447885361E-004
   64.6198019385338       6.429013220939134E-004  4.069657501395225E-004
   65.4126829439146       4.601733470437716E-004 -3.543969237814151E-004
   66.2055639492953      -1.207540425002815E-004 -4.252382388520593E-004
   66.9984449546761      -3.346854914925822E-004 -4.268334447342514E-005
   67.7913259600569      -1.350758871996086E-004  2.207557341745682E-004
   68.5842069654377       1.100225800595555E-004  1.664538028052674E-004
   69.3770879708185       1.532452780350836E-004 -2.044349617378830E-005
   70.1699689761992       3.925314244622135E-005 -1.138849813487001E-004
   70.9628499815800      -6.522314481933165E-005 -6.837255410714477E-005
   71.7557309869608      -7.196795708005763E-005  2.016087825594865E-005
   72.5486119923416      -1.338296389684470E-005  5.818303290505015E-005
   73.3414929977224       3.580978373866236E-005  3.233857500703803E-005
   74.1343740031032       3.752471001298045E-005 -1.244748767350880E-005
   74.9272550084840       6.569247831602941E-006 -3.226477821940605E-005
   75.7201360138647      -2.095384709083896E-005 -1.849520497147123E-005
   76.5130170192455      -2.290792954956613E-005  7.857468917460045E-006
   77.3058980246263      -3.698850441853146E-006  2.107331899478223E-005
   78.0987790300071       1.517326446105061E-005  1.170996175311448E-005
   78.8916600353879       1.549544586111298E-005 -7.585621240135990E-006
   79.6845410407687      -3.416972493456456E-007 -1.543934908930826E-005
   80.4774220461494      -1.259565162692558E-005 -5.184398583346909E-006
   81.2703030515302      -8.361451786608946E-006  8.277751898139724E-006
   82.0631840569110       3.718264956880058E-006  9.211255175157851E-006
   82.8560650622918       8.213181099556933E-006  1.542051939926515E-007
   83.6489460676726       2.811673470272684E-006 -6.074043885816237E-006
   84.4418270730533      -3.520253511061779E-006 -4.114951229367547E-006
   85.2347080784341      -4.227640035211780E-006  1.147723426178160E-006
   86.0275890838149      -6.574641583299472E-007  3.494913108288784E-006
   86.8204700891957       2.321765632336654E-006  1.732933384566670E-006
   87.6133510945765       2.105310386552048E-006 -1.075406332890145E-006
   88.4062320999573      -2.430547077354704E-008 -1.928439414348359E-006
   89.1991131053380      -1.414946135190699E-006 -6.847694723767445E-007
   89.9919941107188      -1.018535092370117E-006  7.767683383553726E-007
   90.7848751160996       1.837968084633516E-007  1.028877405325047E-006
   91.5777561214804       8.162341932751734E-007  2.566028904868349E-007
   92.3706371268612       5.014384258088154E-007 -4.945493241304858E-007
   93.1635181322419      -1.643346342051792E-007 -5.606158283704949E-007
   93.9563991376227      -4.785077934468856E-007 -1.032652825047783E-007
   94.7492801430035      -2.716164146000804E-007  3.143798201549285E-007
   95.5421611483843       1.259302142344481E-007  3.352625350047946E-007
   96.3350421537651       3.114161742647541E-007  4.173920505631988E-008
   97.1279231591459       1.612121668220778E-007 -2.295839061567876E-007
   97.9208041645266      -1.219743567121966E-007 -2.227461228185080E-007
   98.7136851699074      -2.307585913501294E-007  1.634796317949335E-008
   99.5065661752882      -6.804371853629227E-008  1.986117234633387E-007
   100.299447180669       1.432710920147716E-007  1.216001883850108E-007
   101.092328186050       1.432875752367044E-007 -8.094211936291822E-008
   101.885209191431      -2.423801640161885E-008 -1.382349918762002E-007
   102.678090196811      -1.148888826018012E-007 -1.905666237704108E-008
   103.470971202192      -4.590669958523287E-008  8.241477653692212E-008
   104.263852207573       4.877520934652201E-008  5.708016966440138E-008
   105.056733212954       5.580168790628133E-008 -1.964709347352840E-008
   105.849614218334       1.877732037531192E-009 -4.638886105650466E-008
   106.642495223715      -3.313025010844426E-008 -1.500619134245865E-008
   107.435376229096      -2.062319732000798E-008  1.953396569300949E-008
   108.228257234477       7.965913275272994E-009  2.056952701007828E-008
   109.021138239858       1.699056136639674E-008  3.824313278173448E-010
   109.814019245238       5.300129251946388E-009 -1.185392411267172E-008
   110.606900250619      -6.667282458823805E-009 -7.249658729463276E-009
   111.399781256000      -7.043403756932261E-009  2.378706813574800E-009
   112.192662261381      -5.862088464449857E-010  5.570529556241542E-009
   112.985543266762       3.607955127598145E-009  2.205868074702319E-009
   113.778424272142       2.713952605505097E-009 -1.720952556590808E-009
   114.571305277523      -2.396439274148170E-010 -2.459057875397251E-009
   115.364186282904      -1.795803303431565E-009 -7.119746275732984E-010
   116.157067288285      -1.159419194278836E-009  1.016152789428043E-009
   116.949948293665       3.188093986679122E-010  1.214569063206049E-009
   117.742829299046       1.020469262990664E-009  1.919397027435631E-010
   118.535710304427       4.889698580479387E-010 -7.116095629538468E-010
   119.328591309808      -3.913719241581546E-010 -5.970604135740166E-010
   120.121472315189      -5.675980752705594E-010  1.243644458850176E-010
   120.914353320569      -6.066910156618448E-011  4.581354911008478E-010
   121.707234325950       3.188478432572007E-010  1.620889696479724E-010
   122.500115331331       1.947935445154832E-010 -1.857904456951437E-010
   123.292996336712      -7.957948675317036E-011 -1.806627663324987E-010
   124.085877342092      -1.415017010913366E-010  7.606509882048311E-012
   124.878758347473      -3.205081322889443E-011  9.486991601041200E-011
   125.671639352854       5.244500099260610E-011  4.647123986054942E-011
   126.464520358235       4.441180888962351E-011 -2.020625369622951E-011
   127.257401363616       3.438922216996594E-013 -3.392836041597814E-011
   128.050282368996      -2.112126757189996E-011 -1.058780758566824E-011
   128.843163374377      -1.329751453041099E-011  9.792455951717240E-012
   129.636044379758       1.702188489866102E-012  1.149332214652237E-011
   130.428925385139       7.736826130042044E-012  2.878351168237114E-012
   131.221806390520       4.555368806357527E-012 -3.818036458507557E-012
   132.014687395900      -7.332051646061212E-013 -4.290548260276468E-012
   132.807568401281      -3.036353395165961E-012 -1.166010689133203E-012
   133.600449406662      -1.956132287424604E-012  1.535056142402787E-012
   134.393330412043       2.515555465890540E-013  1.931859136084259E-012
   135.186211417423       1.443288680475008E-012  6.046973547204830E-013
   135.979092422804       1.012521958385090E-012 -7.937570818212286E-013
   136.771973428185      -1.932132039263128E-013 -1.060809204492096E-012
   137.564854433566      -8.808883070561729E-013 -2.474374331091392E-013
   138.357735438947      -4.978964061104533E-013  5.993377130434900E-013
   139.150616444327       3.124210912984365E-013  5.805586960335424E-013
   139.943497449708       5.433458174795574E-013 -7.818630279401770E-014
   140.736378455089       7.977687250749862E-014 -4.388425300310503E-013
   141.529259460470      -3.114686967902340E-013 -1.627935069310378E-013
   142.322140465850      -1.863315103682696E-013  1.919017528670543E-013
   143.115021471231       9.674509670756922E-014  1.708512352713356E-013
   143.907902476612       1.355481355881612E-013 -3.121197000286613E-014
   144.700783481993       7.043888480569259E-015 -9.507738573622341E-014
   145.493664487374      -5.865166322328436E-014 -2.423052964780994E-014
   146.286545492754      -2.754883741176892E-014  3.064850251632107E-014
   147.079426498135       1.192249079549189E-014  2.337959266360439E-014
   147.872307503516       1.643756807296917E-014 -1.232819712396758E-015
   148.665188508897       3.558178676707086E-015 -9.639027378374680E-015
   149.458069514277      -4.389465389567107E-015 -4.655444197183564E-015
   150.250950519658      -3.870988825751111E-015  1.040527193665485E-015
   151.043831525039      -6.565777951126400E-016  2.457319210591029E-015
   151.836712530420       1.132611404501936E-015  1.193525923316370E-015
   152.629593535801       1.072258605279312E-015 -2.027316940002152E-016
   153.422474541181       2.910483034962590E-016 -6.862061176988251E-016
   154.215355546562      -2.852823656801682E-016 -4.418912824785788E-016
   155.008236551943      -3.838679118251418E-016 -8.992659416654425E-018
   155.801117557324      -1.664849107766742E-016  2.372023311471227E-016
   156.593998562705       8.502643296511312E-017  2.088256647948126E-016
   157.386879568085       1.775677681933334E-016  2.896625073557732E-017
   158.179760573466       9.199318778982777E-017 -1.136258969410283E-016
   158.972641578847      -4.719286408411310E-017 -1.102919074346300E-016
   159.765522584228      -9.840837496622558E-017 -4.697462510755623E-018
   160.558403589608      -3.617338673977614E-017  7.166865517467461E-017
   161.351284594989       4.209030538516750E-017  4.876182058520716E-017
   162.144165600370       4.762801829763840E-017 -1.704457281387495E-017
   162.937046605751       3.384537655495681E-019 -3.871894947609335E-017
   163.729927611132      -2.705677222009446E-017 -9.954818038043627E-018
   164.522808616512      -1.337590836749253E-017  1.603750338675331E-017
   165.315689621893       7.423604679336028E-018  1.274308168492061E-017
   166.108570627274       1.004759476774508E-017 -1.706187100882011E-018
   166.901451632655       1.418917803920370E-018 -6.778409668201610E-018
   167.694332638036      -3.843654835785976E-018 -2.622040199284192E-018
   168.487213643416      -2.631448116219858E-018  1.654036560822450E-018
   169.280094648797       2.732537233922457E-019  2.057362265176172E-018
   170.072975654178       1.324238687620874E-018  4.292171927129236E-019
   170.865856659559       6.572686638355986E-019 -6.744932211597796E-019
   171.658737664939      -2.086026148380612E-019 -6.100731710305052E-019
   172.451618670320      -4.429756492054602E-019 -6.461743618490637E-020
   173.244499675701      -1.832953376097287E-019  2.568559127284033E-019
   174.037380681082       1.043198135939384E-019  2.001983661904704E-019
   174.830261686463       1.636220020029804E-019 -3.087253924509812E-021
   175.623142691843       4.988893354435895E-020 -1.089940110384025E-019
   176.416023697224      -5.760911677702501E-020 -6.699611724809445E-020
   177.208904702605      -6.235340457387330E-020  1.914596469384684E-020
   178.001785707986      -4.523179043829882E-021  4.774449600881435E-020
   178.794666713366       3.117518876644498E-020  1.574041902743390E-020
   179.587547718747       1.837829707780621E-020 -1.702487206066083E-020
   180.380428724128      -6.934500161616082E-021 -1.619711813121092E-020
   181.173309729509      -1.207449303281390E-020  8.499756854999917E-022
   181.966190734890      -2.094911521040037E-021  7.829089068818611E-021
   182.759071740270       4.370539846292585E-021  2.971875384972343E-021
   183.551952745651       2.720828373922876E-021 -1.972865476354534E-021
   184.344833751032      -5.460853054690907E-022 -2.017322263447278E-021
   185.137714756413      -1.267400737109627E-021 -1.537524042845246E-022
   185.930595761794      -3.908742354826899E-022  6.641718755275752E-022
   186.723476767174       2.609869292384266E-022  3.822225727800131E-022
   187.516357772555       2.762270404918816E-022 -3.615569296007986E-023
   188.309238777936       6.070260795009785E-023 -1.580503532412086E-022
   189.102119783317      -6.597965223702276E-023 -8.118095553050732E-023
   189.895000788697      -6.545873230815771E-023  9.282249316770598E-024
   190.687881794078      -1.729221907767817E-023  3.930301408030408E-023
   191.480762799459       1.610187884091564E-023  2.381540405839811E-023
   192.273643804840       1.985390201105915E-023 -6.792492761742011E-025
   193.066524810221       6.992160251483613E-024 -1.231135135831930E-023
   193.859405815601      -5.165940096875155E-024 -9.002448781960926E-024
   194.652286820982      -7.790301918552939E-024  9.364263037362039E-026
   195.445167826363      -2.678043004878405E-024  5.314095237619353E-024
   196.238048831744       2.812553083924580E-024  3.628408215523862E-024
   197.030929837124       3.436253011579558E-024 -8.820563452127749E-025
   197.823810842505       3.265870041807366E-025 -2.702800288972529E-024
   198.616691847886      -1.845950119793897E-024 -9.078716465456232E-025
   199.409572853267      -1.049677637643607E-024  1.097393833196065E-024
   200.202453858648       5.466917038502230E-025  9.405936651836445E-025
   200.995334864028       7.266615009492562E-025 -1.957371303110362E-025
   201.788215869409      -4.628611514816282E-027 -5.010516052347266E-025
   202.581096874790      -3.113113585620286E-025 -7.746880776153469E-026
   203.373977880171      -9.565277232934392E-026  1.730604496397870E-025
   204.166858885551       8.353745159897703E-026  8.294481476376295E-026
   204.959739890932       6.005427452508275E-026 -3.198366690261545E-026
   205.752620896313      -6.195319331635128E-027 -3.792374825512199E-026
   206.545501901694      -2.095041742977694E-026 -4.173903752524001E-027
   207.338382907075      -6.531437722031545E-027  9.803395898906340E-027
   208.131263912455       3.449014632659397E-027  5.499700289198162E-027
   208.924144917836       3.578769972602090E-027 -3.862005364774598E-028
   209.717025923217       7.327120235947746E-028 -1.882298291308012E-027
   210.509906928598      -7.418120327511665E-028 -8.818576226535198E-028
   211.302787933979      -6.594562183158699E-028  1.219588063777751E-028
   212.095668939359      -1.346498237604794E-028  3.755133213342932E-028
   212.888549944740       1.553160099477475E-028  1.865353664392727E-028
   213.681430950121       1.490155052252235E-028 -2.445629604509319E-029
   214.474311955502       3.407898431350277E-029 -8.964783464760492E-029
   215.267192960882      -3.957516587114585E-029 -4.775528339308344E-029
   216.060073966263      -3.995809956056888E-029  7.723840957857450E-030
   216.852954971644      -7.777664401724658E-030  2.583298119096089E-029
   217.645835977025       1.307800214818916E-029  1.233098814164774E-029
   218.438716982406       1.115036844600454E-029 -4.348998326409786E-030
   219.231597987786       4.042253313483456E-031 -7.907371901005074E-030
   220.024478993167      -4.644965443430244E-030 -2.281033466809482E-030
   220.817359998548      -2.494669525713798E-030  2.198723451048759E-030
   221.610241003929       6.955314657247201E-031  1.974712144718332E-030
   222.403122009309       1.288067088801392E-030  5.586687468128759E-032
   223.196003014690       3.239937632284754E-031 -7.060407773079344E-031
   223.988884020071      -3.104203800752517E-031 -3.382461429233352E-031
   224.781765025452      -2.530410316118088E-031  8.613739496786842E-032
   225.574646030833      -1.633715894878985E-032  1.533616835191202E-031
   226.367527036213       7.515002475864573E-032  4.725743911745378E-032
   227.160408041594       4.414953323682898E-032 -2.612715167332352E-032
   227.953289046975      -1.271649446072831E-033 -2.989385180044192E-032
   228.746170052356      -1.582374912571595E-032 -7.876578787608213E-033
   229.539051057737      -8.765725832417452E-033  5.952953955828758E-033
   230.331932063117       5.183838731519384E-034  6.427982661996508E-033
   231.124813068498       3.610907901775828E-033  1.680876029999369E-033
   231.917694073879       2.026639872406222E-033 -1.453254579129241E-033
   232.710575079260      -1.810667496623541E-034 -1.570272439520373E-033
   233.503456084640      -9.384933847153305E-034 -3.798653580622528E-034
   234.296337090021      -5.018163328134183E-034  4.195164959497864E-034
   235.089218095402       9.160692267877502E-035  4.153692758789136E-034
   235.882099100783       2.692540388356649E-034  6.898116359661231E-035
   236.674980106164       1.183343315642875E-034 -1.385976703465464E-034
   237.467861111544      -4.893999035608324E-035 -1.092847906438130E-034
   238.260742116925      -7.872030608157581E-035 -6.141925403221993E-037
   239.053623122306      -2.109614962128181E-035  4.715241730198646E-035
   239.846504127687       2.308081986997936E-035  2.455451992759737E-035
   240.639385133067       2.022602076476417E-035 -7.982605837022030E-036
   241.432266138448      -1.646375944088743E-037 -1.379978536810439E-035
   242.225147143829      -8.078574490296003E-036 -2.878612393234201E-036
   243.018028149210      -3.326638495481651E-036  4.002117530390753E-036
   243.810909154591       1.536302378852959E-036  2.673931773543970E-036
   244.603790159971       1.768915328815155E-036 -2.737428573078476E-037
   245.396671165352       2.360671926891369E-037 -9.963571811882759E-037
   246.189552170733      -4.669854965848004E-037 -3.477590482137064E-037
   246.982433176114      -2.910215052251505E-037  1.602069266413245E-037
   247.775314181495       1.175628491538954E-038  1.912529035762988E-037
   248.568195186875       1.038318100930347E-037  4.226713402492495E-038
   249.361076192256       4.916778281338925E-038 -4.469981801056437E-038
   250.153957197637      -1.167865770488270E-038 -3.799038028159004E-038
   250.946838203018      -2.366637225887226E-038 -3.149634375072371E-039
   251.739719208398      -7.541855866949691E-039  1.220199517460651E-038
   252.532600213779       4.881572963959712E-039  7.071496172778389E-039
   253.325481219160       5.019652223772865E-039 -1.007016880701396E-039
   254.118362224541       6.119534857269094E-040 -2.966310548293404E-039
   254.911243229922      -1.464371599161263E-039 -1.007385061047048E-039
   255.704124235302      -8.720247453036911E-040  5.571482323616644E-040
   256.497005240683       9.870063516144595E-041  5.905161894122610E-040
   257.289886246064       3.353210810894558E-040  8.279904577300936E-041
   258.082767251445       1.213038811668404E-040 -1.584249234282971E-040
   258.875648256826      -5.617800048395871E-041 -1.012420004826946E-040
   259.668529262206      -6.708919462684588E-041  6.917169333160593E-042
   260.461410267587      -1.118905824369223E-041  3.760812674693162E-041
   261.254291272968       1.775785913558735E-041  1.401523232956365E-041
   262.047172278349       1.105133994810650E-041 -6.519789943571354E-042
   262.840053283729      -1.174779479351062E-042 -7.029014117736677E-042
   263.632934289110      -3.788994484475207E-042 -8.005676596395608E-043
   264.425815294491      -1.161278728648545E-042  1.708486998074224E-042
   265.218696299872       5.820946511546147E-043  9.209398993459989E-043
   266.011577305253       5.689152123686075E-043 -7.417499830473723E-044
   266.804458310633       9.738945766329120E-044 -2.887801918417576E-043
   267.597339316014      -1.153468383291827E-043 -1.171799776831461E-043
   268.390220321395      -8.604447318640635E-044  2.717329518859513E-044
   269.183101326776      -8.088538564840847E-045  4.954397107418198E-044
   269.975982332156       2.289160050762222E-044  1.640540626210078E-044
   270.768863337537       1.393310155175617E-044 -7.567197269440357E-045
   271.561744342918      -4.802019568818736E-046 -8.912719150289984E-045
   272.354625348299      -4.648152210809851E-045 -1.875543232251510E-045
   273.147506353680      -2.041894995012219E-045  1.920639814606842E-045
   273.940387359060       4.989318621016841E-046  1.477601993509440E-045
   274.733268364441       8.579252148816656E-046  8.786596187419517E-047
   275.526149369822       2.397969330858475E-046 -4.087900209904217E-046
   276.319030375203      -1.481155915806343E-046 -2.125231903627347E-046
   277.111911380583      -1.390741903038639E-046  2.413639458418924E-047
   277.904792385964      -2.058361214223052E-047  7.415787465681869E-047
   278.697673391345       3.178037638982765E-047  2.770194220978243E-047
   279.490554396726       2.133579664436545E-047 -9.251720923703937E-048
   280.283435402107       3.581055042387133E-049 -1.289081506916092E-047
   281.076316407487      -6.428412546091711E-048 -3.125039398262968E-048
   281.869197412868      -2.989892049045326E-048  2.549668904714446E-048
   282.662078418249       6.336082779546583E-049  2.031251448619678E-048
   283.454959423630       1.124669409525836E-048  1.127183684066477E-049
   284.247840429011       2.868522755845130E-049 -5.141673326026416E-049
   285.040721434391      -1.798081895799620E-049 -2.422924151472492E-049
   285.833602439772      -1.502137413677064E-049  2.963785030593459E-050
   286.626483445153      -2.078318769370251E-050  7.475825624137783E-050
   287.419364450534       2.877710725617275E-050  2.720894918692991E-050
   288.212245455914       1.948879606860879E-050 -6.294694007226482E-051
   289.005126461295       2.099923314446953E-051 -1.054722026182467E-050
   289.798007466676      -4.352655452949198E-051 -3.723954830953529E-051
   290.590888472057      -2.896591835405303E-051  1.067707763197567E-051
   291.383769477438      -2.574876905753815E-052  1.659053021488075E-051
   292.176650482818       7.277003637783680E-052  5.623262288275684E-052
   292.969531488199       4.643446977603345E-052 -2.029900786079998E-052
   293.762412493580       2.402671031163111E-053 -2.797136499062942E-052
   294.555293498961      -1.306779894155617E-052 -8.575888663887184E-053
   295.348174504342      -7.687030562614534E-053  4.173179853538241E-053
   296.141055509722       3.349438037026128E-055  4.922985181521765E-053
   296.933936515103       2.473970743898826E-053  1.292830342591966E-053
   297.726817520484       1.315030707400313E-053 -9.082035101602258E-054
   298.519698525865      -1.167671931943805E-054 -9.187343307453799E-054
   299.312579531245      -5.126677255218686E-054 -1.808304829347306E-054
   300.105460536626      -2.279848839561340E-054  2.279557664409273E-054
   300.898341542007       6.823199937812165E-055  1.794154954082102E-054
   301.691222547388       1.136861064388768E-054  3.678994864083248E-056
   302.484103552769       2.616783238560937E-055 -6.114855279415311E-055
   303.276984558149      -2.768436651444186E-055 -2.622075022643637E-055
   304.069865563530      -1.904705187572023E-055  9.660918409881521E-056
   304.862746568911       1.507787292672876E-056  1.158537490066457E-055
   305.655627574292       6.114314001992230E-056  1.328908639338909E-056
   306.448508579672       1.765950737768077E-056 -2.781989272346776E-056
   307.241389585053      -1.028698662196725E-056 -1.372600277250766E-056
   308.034270590434      -8.546471622910311E-057  2.371013668651222E-057
   308.827151595815      -5.057946854575902E-058  4.544085673705101E-057
   309.620032601196       2.067756171668797E-057  1.127269528664665E-057
   310.412913606576       9.446024765568244E-058 -7.616472798492385E-058
   311.205794611957      -1.742295835301122E-058 -6.009458682430708E-058
   311.998675617338      -3.208314592401936E-058 -3.749452593355544E-059
   312.791556622719      -8.240437395945066E-059  1.452831865502313E-058
   313.584437628099       5.274301092348377E-059  6.862018510095642E-059
   314.377318633480       4.348048506694803E-059 -1.143986252810455E-059
   315.170199638861       3.211555863881058E-060 -2.319987822995324E-059
   315.963080644242      -1.057332740244127E-059 -6.153985063856341E-060
   316.755961649623      -5.051596288612558E-060  3.935767756146929E-060
   317.548842655003       9.609431684067790E-061  3.213942641030750E-060
   318.341723660384       1.750009556973480E-060  1.183509875054557E-061
   319.134604665765       3.634423673724670E-061 -8.362816555779755E-061
   319.927485671146      -3.475599362467760E-061 -3.146134381391274E-061
   320.720366676527      -2.049682357195854E-061  1.188078647286850E-061
   321.513247681907       2.647565867539335E-062  1.139266301230401E-061
   322.306128687288       5.601848091140632E-062  3.427243468221517E-063
   323.099009692669       8.944912898789736E-063 -2.450433040421646E-062
   323.891890698050      -9.364976869122945E-063 -7.065044009926661E-063
   324.684771703430      -4.181219008064748E-063  2.938734681433379E-063
   325.477652708811       5.934139823532559E-064  2.081504462238334E-063
   326.270533714192       8.926184920491454E-064  7.745555616579804E-065
   327.063414719573       1.701137788727918E-064 -3.229187897933206E-064
   327.856295724954      -8.932145678217903E-065 -1.172966271115984E-064
   328.649176730334      -5.858307646921495E-065  1.053620342495838E-065
   329.442057735715      -7.886918820802976E-066  2.288395986542758E-065
   330.234938741096       6.390860405836515E-066  7.674464270291029E-066
   331.027819746477       4.179332402819277E-066 -4.993350939582537E-067
   331.820700751857       8.458485721720915E-067 -1.614477096751188E-066
   332.613581757238      -3.666531644618016E-067 -7.277152482195312E-067
   333.406462762619      -3.721947567088211E-067 -6.301849003760562E-068
   334.199343768000      -1.311960389577093E-067  1.255536581890098E-067
   334.992224773381       1.147495273258900E-068  9.002932024560177E-068
   335.785105778761       4.133734896240219E-068  2.250637548018593E-068
   336.577986784142       2.255609756935035E-068 -1.135028771374586E-068
   337.370867789523       1.573849775390039E-069 -1.385709826344883E-068
   338.163748794904      -6.226493830977651E-069 -4.826285785253286E-069
   338.956629800285      -4.153497747966129E-069  1.770231519981033E-069
   339.749510805665      -1.691272374866806E-070  2.595798443199711E-069
   340.542391811046       1.314932338479898E-069  7.047156624588435E-070
   341.335272816427       6.499631886917615E-070 -5.373685538757416E-070
   342.128153821808      -1.540697224997502E-070 -4.394177147752141E-070
   342.921034827188      -2.492052590901190E-070  2.768260878956656E-072
   343.713915832569      -3.751705825338270E-071  1.229840923455306E-070
   344.506796837950       5.282656139474719E-071  3.567840307107597E-071
   345.299677843331       2.363779129077513E-071 -1.904096207312543E-071
   346.092558848712      -5.016345963115174E-072 -1.297214096118533E-071
   346.885439854092      -6.154199241631232E-072  2.506101105871261E-073
   347.678320859473      -8.194261980487451E-073  2.522845661882576E-072
   348.471201864854       8.556938615678236E-073  7.218161537412558E-073
   349.264082870235       4.209051004883257E-073 -2.023003547723076E-073
   350.056963875615       2.060316309230579E-075 -1.943046236715407E-073
   350.849844880996      -7.122378905221283E-074 -3.936865706490495E-074
   351.642725886377      -2.969678768685751E-074  1.775107788720019E-074
   352.435606891758      -2.439700551499430E-076  1.504266836293867E-074
   353.228487897139       5.585191480917415E-075  3.760705967817917E-075
   354.021368902519       2.883993466756587E-075 -1.179228895886886E-075
   354.814249907900       3.070983927710172E-076 -1.462782934988482E-075
   355.607130913281      -5.192504309830070E-076 -5.324967367703460E-076
   356.400011918662      -3.760708839503213E-076  7.420349183700246E-077
   357.192892924042      -7.211947099700881E-077  1.907003075574519E-076
   357.985773929423       7.016020280506290E-077  8.638459115091139E-077
   358.778654934804       6.075869413139119E-077 -1.171551687490940E-077
   359.571535940185       8.976322278580114E-078 -3.355597752805023E-077
   360.364416945566      -1.525988765772204E-077 -1.212713793141426E-077
   361.157297950946      -9.335604652331623E-078  5.472849489427663E-078
   361.950178956327       1.162711721325836E-078  5.769662770018338E-078
   362.743059961708       3.093041515567447E-078  3.126886566882225E-079
   363.535940967089       5.824740810049034E-079 -1.472855975039970E-078
   364.328821972470      -6.223246478397658E-079 -4.615882989482580E-079
   365.121702977850      -2.836268593837949E-079  2.270192205434147E-079
   365.914583983231       6.527648499894723E-080  1.498020579299082E-079
   366.707464988612       7.015676681160390E-080 -9.223662053057986E-081
   367.500345993993       5.139973792785659E-081 -2.922845570495151E-080
   368.293226999373      -1.060499513572743E-080 -5.931048232098068E-081
   369.086108004754      -3.781288633785106E-081  3.119971435251263E-081
   369.878989010135       5.483451868796572E-082  1.890500036952764E-081
   370.671870015516       7.841707320651301E-082  1.269645943885735E-082
   371.464751020897       1.927947486542048E-082 -2.617690697687416E-082
   372.257632026277      -5.742338251151464E-083 -1.232156343291789E-082
   373.050513031658      -5.820579936657046E-083 -4.777138168315170E-084
   373.843394037039      -1.480966529955689E-083  2.120877799196555E-083
   374.636275042420       4.959963753515130E-084  1.073695248120786E-083
   375.429156047801       5.555359740086082E-084  4.886047039536282E-085
   376.222037053181       1.508652259932200E-084 -2.243645950138173E-084
   377.014918058562      -6.407167574894908E-085 -1.178261389837352E-084
   377.807799063943      -6.756762898599842E-085  3.153539188788697E-086
   378.600680069324      -1.248498891804972E-085  3.207576842511387E-085
   379.393561074704       1.278584786879856E-085  1.198420688546278E-085
   380.186442080085       7.880038044054527E-086 -4.025562534736378E-086
   380.979323085466      -7.070488469832549E-087 -4.335384438522319E-086
   381.772204090847      -2.111267110322052E-086 -2.496015328412619E-087
   382.565085096228      -3.611049316778061E-087  9.278606127924096E-087
   383.357966101608       3.685722622792125E-087  2.553437330785962E-087
   384.150847106989       1.426795401637957E-087 -1.303595288158218E-087
   384.943728112370      -3.923461401430835E-088 -6.916432340437201E-088
   385.736609117751      -2.999225425989098E-088  8.673074684439483E-089
   386.529490123131       3.063447151950914E-090  1.172062219134075E-088
   387.322371128512       4.089914712348801E-089  1.088964311883472E-089
   388.115252133893       8.188669738512268E-090 -1.232678727873480E-089
   388.908133139274      -2.907331633503695E-090 -4.143818841616445E-090
   389.701014144655      -1.683067817592861E-090  3.216379223691702E-091
   390.493895150035      -1.633936142933059E-091  5.576373881464723E-091
   391.286776155416       1.381631365626860E-091  1.442406466011634E-091
   392.079657160797       6.890086388120291E-092 -1.394903261983132E-092
   392.872538166178       9.914689602608793E-093 -2.352960151494702E-092
   393.665419171558      -5.011917865158799E-093 -8.212360456764866E-093
   394.458300176939      -3.755641856704142E-093 -3.481217944289741E-094
   395.251181182320      -1.038457136648461E-093  1.136896494477467E-093
   396.044062187701       1.196450648291446E-094  6.430024301047419E-094
   396.836943193082       2.591953217292999E-094  1.264189081259502E-094
   397.629824198462       1.157223309850560E-094 -6.248674884895646E-095
   398.422705203843       6.468305402975518E-096 -6.139994570375839E-095
   399.215586209224      -2.309787238493962E-095 -1.861732239296854E-095
   400.008467214605      -1.362426680994436E-095  4.959498715464756E-096
   400.801348219986      -1.153547083731922E-096  7.064795601848308E-096
   401.594229225366       2.844487373770041E-096  2.116507564991676E-096
   402.387110230747       1.547124898307149E-096 -8.168428698708685E-097
   403.179991236128      -6.057961484748179E-098 -8.521731661748058E-097
   403.972872241509      -3.898874382341758E-097 -1.278075542559734E-097
   404.765753246890      -1.215615062530597E-097  1.496168965496032E-097
   405.558634252270       4.529738698724951E-098  7.574196777933685E-098
   406.351515257651       3.850988028921451E-098 -7.742014255538822E-099
   407.144396263032       2.384906234134718E-099 -1.682765230331238E-098
   407.937277268413      -6.335795373323640E-099 -3.344675209665696E-099
   408.730158273793      -2.205071736765449E-099  1.967182571107320E-099
   409.523039279174       4.181817666698761E-100  1.124257468421872E-099
   410.315920284555       4.820123139832408E-100  1.617147345454097E-101
   411.108801289936       8.225725618867675E-101 -1.748296893423168E-100
   411.901682295317      -5.054516485519456E-101 -5.873254920586363E-101
   412.694563300697      -2.999395899853857E-101  8.600187601223340E-102
   413.487444306078      -2.011339672614230E-102  1.247438776558708E-101
   414.280325311459       4.238037877802548E-102  2.923374594142341E-102
   415.073206316840       1.831323274252659E-102 -1.049622978280098E-102
   415.866087322220      -6.377649493234735E-104 -8.681005096682520E-103
   416.658968327601      -3.360702915110632E-103 -1.314262508017612E-103
   417.451849332982      -1.095434301116877E-103  1.029099929379482E-103
   418.244730338363       1.939769066881325E-104  5.979094502744800E-104
   419.037611343744       2.618722101022125E-104  3.222365806880095E-105
   419.830492349124       5.837694916202375E-105 -9.455182049976142E-105
   420.623373354505      -2.627550381937350E-105 -3.889876842660406E-105
   421.416254359886      -1.955180558018764E-105  3.555057074728022E-106
   422.209135365267      -1.855254312245619E-106  8.205612010364260E-106
   423.002016370648       2.906929680292257E-106  2.033852565820622E-106
   423.794897376028       1.234796742469565E-106 -8.208129430422771E-107
   424.587778381409      -1.365845679834503E-107 -5.952548664905796E-107
   425.380659386790      -2.447940120301957E-107 -3.135694242093459E-108
   426.173540392171      -4.491575945194022E-108  8.664199377561943E-108
   426.966421397551       2.538083189455313E-108  2.796379329354264E-108
   427.759302402932       1.336446998103319E-108 -5.192205644018910E-109
   428.552183408313       6.211398783716566E-111 -5.366247408639709E-109
   429.345064413694      -1.826143249592281E-109 -7.974538708597305E-110
   430.137945419075      -5.447618527899860E-110  4.987198812081786E-110
   430.930826424455       8.341902947956490E-111  2.616371406082833E-110
   431.723707429836       1.017887797387729E-110  1.382663398133377E-111
   432.516588435217       2.139266255615419E-111 -3.223776833547231E-111
   433.309469440598      -7.410875046234641E-112 -1.265554811497256E-111
   434.102350445978      -5.574890344511990E-112  4.026197524416779E-113
   434.895231451359      -8.075935318257842E-113  1.981605312692691E-112
   435.688112456740       5.446322410921491E-113  6.161334051538316E-113
   436.480993462121       3.061292325312521E-113 -8.257452874559423E-114
   437.273874467502       2.403222294317016E-114 -1.202415231910042E-113
   438.066755472882      -3.762005784154018E-114 -2.909791512408231E-114
   438.859636478263      -1.665923628327797E-114  8.065355621217573E-115
   439.652517483644      -8.012207799408260E-117  7.234828281705247E-115
   440.445398489025       2.534260448778235E-115  1.295109411666513E-115
   441.238279494405       9.051201259450976E-116 -6.741203797230400E-116
   442.031160499786      -8.505533562482192E-117 -4.433469784669607E-116
   442.824041505167      -1.761915715150063E-116 -4.464771979008528E-117
   443.616922510548      -4.543885785532123E-117  5.748535915644097E-117
   444.409803515929       1.405941633285839E-117  2.577899766567306E-117
   445.202684521309       1.154049286473575E-117 -1.299345956837883E-118
   445.995565526690       1.182303539895919E-118 -4.352377440408318E-118
   446.788446532071      -1.376755852919215E-118 -1.025033302401087E-118
   447.581327537452      -5.460002341913348E-119  3.359494728631347E-119
   448.374208542832       3.820144934374072E-120  2.329112045539967E-119
   449.167089548213       8.374123528568555E-120  2.035361655005908E-120
   449.959970553594       1.899326900856837E-120 -2.498225777084386E-120
   450.752851558975      -5.504156049163878E-121 -1.002042423663821E-120
   451.545732564356      -4.152506779847272E-121  3.366673562362329E-122
   452.338613569736      -5.072245316011982E-122  1.427834058357070E-121
   453.131494575117       3.959548527643683E-122  3.797770394556272E-122
   453.924375580498       1.833366806623902E-122 -7.330031483584834E-123
   454.717256585879       3.568280200994131E-124 -7.051517324592461E-123
   455.510137591260      -2.217033763288850E-123 -1.178644694323350E-123
   456.303018596640      -7.159260842088958E-124  5.277526211278238E-124
   457.095899602021       5.577042016249428E-125  3.094979944731338E-124
   457.888780607402       1.066346951858724E-124  3.174561703989178E-125
   458.681661612783       2.743167151876332E-125 -2.841365696096521E-125
   459.474542618163      -4.362109820546991E-126 -1.342096177441613E-125
   460.267423623544      -5.008513335384914E-126 -9.269343830970488E-127
   461.060304628925      -1.179348739041324E-126  1.442464146711016E-126
   461.853185634306       2.587104306879355E-127  6.419454145855657E-127
   462.646066639687       2.592911364074579E-127  2.941885035023077E-128
   463.438947645067       5.596463602192313E-128 -8.230071683983105E-128
   464.231828650448      -1.846308625234989E-128 -3.341991113846251E-128
   465.024709655829      -1.462069877784918E-128  7.554874458423028E-130
   465.817590661210      -2.110858779289229E-129  5.165980239011369E-129
   466.610471666591       1.440898083518689E-129  1.537589395966957E-129
   467.403352671971       7.452569407344251E-130 -2.535917236031634E-130
   468.196233677352       2.794164413464682E-131 -2.898940745430864E-130
   468.989114682733      -9.272254494627271E-131 -5.332627962349906E-131
   469.781995688114      -3.182159768674176E-131  2.274519341532823E-131
   470.574876693494       2.706949187777485E-132  1.401459045615623E-131
   471.367757698875       5.054390897649083E-132  1.229569335211555E-132
   472.160638704256       1.169313103924766E-132 -1.487359820805067E-132
   472.953519709637      -3.162234179756711E-133 -6.085624087778881E-133
   473.746400715018      -2.470546971975767E-133  1.375269265455121E-134
   474.539281720398      -3.190533489195805E-134  8.285850090903434E-134
   475.332162725779       2.226237062178954E-134  2.254871355546280E-134
   476.125043731160       1.056256644474565E-134 -3.882990438385403E-135
   476.917924736541       3.108900463794263E-136 -3.969909898114665E-135
   477.710805741921      -1.225041907097903E-135 -6.903901791268469E-136
   478.503686747302      -4.049414269734202E-136  2.875785341599556E-136
   479.296567752683       3.025690818268209E-137  1.733285387643295E-136
   480.089448758064       6.036148944615705E-137  1.701209739383105E-137
   480.882329763445       1.489266849379888E-137 -1.693076491509719E-137
   481.675210768825      -3.254215068821982E-138 -7.511567592271971E-138
   482.468091774206      -2.994463274649479E-138 -5.831709148656975E-140
   483.260972779587      -4.586642127071509E-139  9.984943246635790E-139
   484.053853784968       2.731654972867917E-139  2.941494751009539E-139
   484.846734790349       1.349025974269220E-139 -5.310421388831471E-140
   485.639615795729      -8.326836376702799E-142 -5.144143806043304E-140
   486.432496801110      -1.688219709574288E-140 -5.851302145100629E-141
   487.225377806491      -3.815738618767399E-141  4.711411085725245E-141
   488.018258811872       1.033384097169976E-141  1.725471156986800E-141
   488.811139817252       6.432442261539930E-142 -1.175688507752466E-142
   489.604020822633       3.949029850642506E-143 -2.053438247567798E-142
   490.396901828014      -5.542538246767975E-143 -3.589150456228765E-143
   491.189782833395      -1.709209837066967E-143  1.161638087197819E-143
   491.982663838776       1.172180450156831E-144  6.322221883495020E-144
   492.775544844156       1.934799037906833E-144  4.820668449401970E-145
   493.568425849537       3.907628274242482E-145 -4.783274574954829E-145
   494.361306854918      -8.027774949413494E-146 -1.738918895389914E-145
   495.154187860299      -5.955030764630289E-146 -1.920946139474927E-147
   495.947068865680      -9.046100591584778E-147  1.628926734743165E-146
   496.739949871060       3.222011135648975E-147  4.904895041104094E-147
   497.532830876441       1.856350559943575E-147 -1.732084294286247E-148
   498.325711881822       2.316913626049297E-148 -5.514418255865264E-148
   499.118592887203      -1.223639057229920E-148 -1.504057000592847E-148
   499.911473892583      -6.227021080617953E-149  1.245383682184833E-149
   500.704354897964      -5.789126890732974E-150  2.017809447446014E-149
   501.497235903345       5.146383819258456E-150  4.726567103004480E-150
   502.290116908726       2.164541234734882E-150 -8.694984450700110E-151
   503.082997914107       3.340418296528571E-152 -7.757238159713922E-151
   503.875878919487      -2.308539331456750E-151 -1.102565514581037E-151
   504.668759924868      -6.088823125303388E-152  5.608849192203589E-152
   505.461640930249       9.733801983645991E-153  2.422601932442975E-152
   506.254521935630       7.968630925480412E-153 -2.625618061790570E-154
   507.047402941010       7.148846278210830E-154 -2.234651529226982E-153
   507.840283946391      -5.268969629583013E-154 -4.029747865613772E-154
   508.633164951772      -1.518131150483245E-154  9.661242369454686E-155
   509.426045957153       9.374190126395460E-156  4.588671352273547E-155
   510.218926962534       1.150266186208639E-155  2.124755373282877E-156
   511.011807967914       1.556188757113598E-156 -2.329673732117406E-156
   511.804688973295      -3.364463183340063E-157 -5.460206746271945E-157
   512.597569978676      -1.384143435089947E-157  1.383217049849749E-158
   513.390450984057      -1.024354654639163E-158  2.609594915968559E-158
   514.183331989437       3.262361025350855E-159  3.831761979154818E-159
   514.976212994818       7.118429483403524E-160 -1.445966558650925E-160
   515.769094000199       1.852560877011051E-161 -5.728096862293213E-161
   516.561975005580      -6.137852865447585E-188 -6.691189080348984E-188
