    0.147000039E+01   -0.574787628E-01   -0.431379414E-14
    0.147000039E+01   -0.574787628E-01   -0.431379414E-14
    0.847142552E+00    0.247381067E+00   -0.523053896E-13
    0.893681454E+00    0.201774089E+01    0.911301845E-12
    0.446312789E-11    0.316927391E-11    0.144550083E+01
   -0.563896005E+00   -0.501595027E+00   -0.352007058E-12
   -0.103139676E+01   -0.387975985E+01   -0.116779369E-11
   -0.301744738E-11   -0.213741689E-11   -0.867814117E+00
    0.947992344E-01   -0.254661449E+01   -0.468014736E-12
    0.598282385E-01    0.243192594E+01    0.523536177E-12
   -0.333471284E-11   -0.229623346E-11   -0.100972467E+01
   -0.363798893E+00    0.872175665E+00    0.373906642E-12
    0.457748328E+00   -0.198515269E+01   -0.282273185E-12
    0.927192369E-12    0.632115854E-12    0.257367959E+00
   -0.353951880E+00   -0.454683731E+00   -0.711253409E-12
    0.682708536E-01    0.319293526E+01    0.714259951E-12
    0.505592180E-11    0.348515421E-11    0.145499626E+01
   -0.327656227E+00    0.130122753E+01    0.486194772E-12
   -0.984581724E-01   -0.250496357E+01   -0.839950328E-12
   -0.372513951E-11   -0.262417506E-11   -0.120910719E+01
    0.109468936E-01    0.967471033E-02   -0.462669529E-14
   -0.187969110E-01   -0.223763935E-01   -0.410091567E-13
    0.209546294E-12    0.160634178E-12    0.170474508E-01
    0.231102397E+00    0.935932212E+00    0.351219326E-12
    0.181819671E+00    0.432992740E+00    0.325459197E-12
    0.996755470E-12    0.676109924E-12    0.483003476E+00
    0.423525828E-01    0.439406355E-01   -0.329991527E-13
    0.115476257E-01    0.630197763E-01    0.343542112E-13
    0.598465593E-12    0.418873470E-12    0.170307768E+00
    0.439275318E-01    0.314250506E-01    0.330042129E-13
    0.231331681E-01    0.626327725E-01   -0.297131740E-13
    0.443931306E-12    0.319082187E-12    0.121480169E+00
    0.714232352E+00   -0.510855397E+00    0.203579160E-12
   -0.298304183E+00    0.614694585E+00    0.189482120E-12
   -0.160619461E-11   -0.110527364E-11   -0.368145327E+00
    0.341024145E+00    0.101534410E+01    0.487363132E-12
    0.830576497E-01    0.598319986E+00   -0.466512234E-13
   -0.247364120E-11   -0.164673073E-11   -0.602262222E+00
   -0.669398897E+00   -0.319402791E+00   -0.275334147E-12
   -0.333535493E+00   -0.912124256E+00   -0.265473776E-12
    0.119127302E-11    0.760514064E-12   -0.425599728E-01
   -0.577486480E-02   -0.990669718E-01   -0.201032009E-13
   -0.151380088E-01   -0.240095558E-01   -0.137932362E-13
   -0.117363626E-12   -0.871642993E-13   -0.404023019E-01
   -0.410509214E-01   -0.248825640E-01   -0.186234563E-13
    0.165425444E-01   -0.858756355E-01   -0.117357295E-13
    0.388285416E-12    0.275236285E-12    0.190311893E+00
