    0.122002658E-13   -0.626011915E-14    0.191216467E+00
    0.122002658E-13   -0.626011915E-14    0.191216467E+00
    0.244145998E-12   -0.109836679E-12   -0.255190511E+00
   -0.340420014E-11    0.142158919E-11   -0.186307897E+01
   -0.498329319E+01    0.212099027E+01   -0.325300145E-11
    0.133300537E-11   -0.558342285E-12    0.502209635E+00
    0.436577574E-11   -0.182608725E-11    0.262223578E+01
    0.327642982E+01   -0.142013302E+01    0.220532291E-11
    0.188241932E-11   -0.836570075E-12    0.157472223E+01
   -0.178407122E-11    0.729451890E-12   -0.169167007E+01
    0.347372038E+01   -0.144863732E+01    0.245451497E-11
   -0.147634221E-11    0.607071985E-12   -0.135878195E+01
    0.102536069E-11   -0.377225611E-12    0.411356618E+00
   -0.752140465E+00    0.421404501E+00   -0.686098565E-12
    0.264365066E-11   -0.105610970E-11    0.935495370E+00
   -0.281144859E-11    0.114335876E-11   -0.750664325E+00
   -0.541836825E+01    0.235007220E+01   -0.375034112E-11
   -0.188971035E-11    0.801780800E-12   -0.487912446E+00
    0.318378076E-11   -0.132849270E-11    0.111214889E+01
    0.411758591E+01   -0.171954239E+01    0.276410836E-11
    0.176409807E-13   -0.732436135E-14    0.946136315E-02
    0.152501643E-12   -0.626047170E-13    0.883019010E-01
   -0.159568048E+00    0.739411385E-01   -0.179621779E-12
   -0.133459695E-11    0.558186205E-12   -0.594092170E+00
   -0.123630121E-11    0.522806415E-12   -0.383714419E+00
   -0.105472323E+01    0.409674008E+00   -0.704194530E-12
    0.126285617E-12   -0.530970965E-13    0.414081119E-01
   -0.130097508E-12    0.541164440E-13   -0.342229573E-01
   -0.643885990E+00    0.307225464E+00   -0.441420905E-12
   -0.125184820E-12    0.533428025E-13   -0.775886745E-01
    0.111504913E-12   -0.477348211E-13    0.108275475E+00
   -0.485324329E+00    0.204577477E+00   -0.350408284E-12
   -0.736976370E-12    0.304951336E-12   -0.619999635E+00
   -0.732404170E-12    0.294851384E-12   -0.379943729E+00
    0.161498383E+01   -0.674894860E+00    0.117305212E-11
   -0.184637608E-11    0.770033370E-12   -0.479303077E+00
    0.199539882E-12   -0.839399995E-13    0.121655626E+00
    0.267492955E+01   -0.107027330E+01    0.178674821E-11
    0.101969347E-11   -0.412990267E-12    0.728858180E+00
    0.964682615E-12   -0.399044365E-12    0.440069824E+00
   -0.143335012E+01    0.416178471E+00   -0.790219795E-12
    0.758469800E-13   -0.308353296E-13    0.361332459E-01
    0.476678777E-13   -0.214615508E-13    0.216155384E-01
    0.113334154E+00   -0.531678410E-01    0.835970625E-13
    0.664983875E-13   -0.277783994E-13    0.395247918E-01
    0.452264214E-13   -0.195830742E-13    0.333574149E-01
   -0.335274489E+00    0.226862621E+00   -0.312037192E-12
