     4.00000    -0.62142882E-13
     4.00400    -0.74669207E-13
     4.00800    -0.79108092E-13
     4.01200    -0.82110581E-13
     4.01600    -0.88483704E-13
     4.02000    -0.11932039E-12
     4.02400    -0.13958274E-12
     4.02800    -0.13135764E-12
     4.03200    -0.13150392E-12
     4.03600    -0.13625781E-12
     4.04000    -0.16915380E-12
     4.04400    -0.15921384E-12
     4.04800    -0.14681194E-12
     4.05200    -0.14848286E-12
     4.05600    -0.15797851E-12
     4.06000    -0.15741632E-12
     4.06400    -0.13822030E-12
     4.06800    -0.10795730E-12
     4.07200    -0.12390500E-12
     4.07600    -0.11538859E-12
     4.08000    -0.97256856E-13
     4.08400    -0.81948863E-13
     4.08800    -0.86186328E-13
     4.09200    -0.56542913E-13
     4.09600    -0.68490850E-13
     4.10000    -0.67375072E-13
     4.10400    -0.42121653E-13
     4.10800    -0.22569319E-13
     4.11200    -0.26855926E-13
     4.11600    -0.18860161E-13
     4.12000    -0.11181896E-13
     4.12400     0.19776936E-14
     4.12800     0.17446218E-13
     4.13200     0.16806583E-13
     4.13600     0.28438216E-13
     4.14000     0.43075965E-13
     4.14400     0.57830807E-13
     4.14800     0.47345262E-13
     4.15200     0.73064367E-13
     4.15600     0.84465203E-13
     4.16000     0.94387967E-13
     4.16400     0.72724611E-13
     4.16800     0.84525961E-13
     4.17200     0.80640316E-13
     4.17600     0.79019720E-13
     4.18000     0.70410899E-13
     4.18400     0.50483883E-13
     4.18800     0.31364924E-13
     4.19200     0.21252003E-13
     4.19600     0.67199406E-14
     4.20000    -0.58023801E-14
     4.20400    -0.32830939E-13
     4.20800    -0.29270202E-13
     4.21200    -0.32682562E-13
     4.21600    -0.73277630E-13
     4.22000    -0.74045394E-13
     4.22400    -0.79316423E-13
     4.22800    -0.77385175E-13
     4.23200    -0.92804921E-13
     4.23600    -0.10011256E-12
     4.24000    -0.92447034E-13
     4.24400    -0.79489037E-13
     4.24800    -0.67978835E-13
     4.25200    -0.66475975E-13
     4.25600    -0.59801120E-13
     4.26000    -0.65517638E-13
     4.26400    -0.59152108E-13
     4.26800    -0.47039258E-13
     4.27200    -0.51188360E-13
     4.27600    -0.51033667E-13
     4.28000    -0.36775886E-13
     4.28400    -0.39307439E-13
     4.28800    -0.50093267E-13
     4.29200    -0.27111227E-13
     4.29600    -0.32998690E-13
     4.30000    -0.43107605E-13
     4.30400    -0.33052907E-13
     4.30800    -0.24357961E-13
     4.31200    -0.78454874E-14
     4.31600    -0.46793748E-14
     4.32000    -0.11466762E-13
     4.32400     0.20819748E-14
     4.32800     0.24133934E-14
     4.33200     0.28297028E-13
     4.33600     0.48800603E-13
     4.34000     0.48405989E-13
     4.34400     0.55243326E-13
     4.34800     0.52808447E-13
     4.35200     0.62420971E-13
     4.35600     0.53352360E-13
     4.36000     0.50113666E-13
     4.36400     0.63027053E-13
     4.36800     0.73277290E-13
     4.37200     0.46491549E-13
     4.37600     0.26755083E-13
     4.38000     0.20148988E-13
     4.38400     0.26109323E-13
     4.38800     0.16851701E-13
     4.39200     0.90616912E-14
     4.39600    -0.93699218E-14
     4.40000    -0.62727267E-14
     4.40400    -0.15438424E-13
     4.40800    -0.33494704E-13
     4.41200    -0.36879074E-13
     4.41600    -0.41515544E-13
     4.42000    -0.42736147E-13
     4.42400    -0.43727514E-13
     4.42800    -0.43729445E-13
     4.43200    -0.47211737E-13
     4.43600    -0.49377362E-13
     4.44000    -0.46403585E-13
     4.44400    -0.41225040E-13
     4.44800    -0.25085279E-13
     4.45200    -0.27442539E-13
     4.45600    -0.44913113E-13
     4.46000    -0.48823020E-13
     4.46400    -0.41607635E-13
     4.46800    -0.28082198E-13
     4.47200    -0.16873310E-13
     4.47600    -0.13405015E-13
     4.48000    -0.18201068E-13
     4.48400    -0.12130906E-13
     4.48800     0.45447633E-14
     4.49200     0.49582242E-14
     4.49600     0.20393944E-13
     4.50000     0.96738031E-14
     4.50400     0.77957150E-14
     4.50800     0.47195388E-13
     4.51200     0.45785560E-13
     4.51600     0.54675130E-13
     4.52000     0.48063930E-13
     4.52400     0.53769035E-13
     4.52800     0.58920972E-13
     4.53200     0.63103971E-13
     4.53600     0.53638405E-13
     4.54000     0.51787803E-13
     4.54400     0.43428256E-13
     4.54800     0.54253692E-13
     4.55200     0.56596476E-13
     4.55600     0.46487348E-13
     4.56000     0.33104726E-13
     4.56400     0.16496805E-13
     4.56800     0.59092874E-14
     4.57200     0.31128815E-14
     4.57600     0.35299459E-14
     4.58000     0.10152657E-13
     4.58400    -0.21148996E-14
     4.58800    -0.28530779E-13
     4.59200    -0.33743745E-13
     4.59600    -0.41132869E-13
     4.60000    -0.29477133E-13
     4.60400    -0.17662486E-13
     4.60800    -0.14711873E-13
     4.61200    -0.27724335E-13
     4.61600    -0.36855346E-13
     4.62000    -0.36613155E-13
     4.62400    -0.37629564E-13
     4.62800    -0.32557045E-13
     4.63200    -0.25369994E-13
     4.63600    -0.24666223E-13
     4.64000    -0.77791390E-14
     4.64400    -0.15120159E-13
     4.64800    -0.98415299E-14
     4.65200    -0.12488145E-13
     4.65600    -0.13369141E-13
     4.66000    -0.11685834E-13
     4.66400     0.16964625E-14
     4.66800     0.46034224E-14
     4.67200     0.10221585E-13
     4.67600     0.29547137E-13
     4.68000     0.29959076E-13
     4.68400     0.23726341E-13
     4.68800     0.27861617E-13
     4.69200     0.33949256E-13
     4.69600     0.42069831E-13
     4.70000     0.47812350E-13
     4.70400     0.62969109E-13
     4.70800     0.74116957E-13
     4.71200     0.56744603E-13
     4.71600     0.57532277E-13
     4.72000     0.62237276E-13
     4.72400     0.71904485E-13
     4.72800     0.93807860E-13
     4.73200     0.80906716E-13
     4.73600     0.68502816E-13
     4.74000     0.57202861E-13
     4.74400     0.59874675E-13
     4.74800     0.44308344E-13
     4.75200     0.41759859E-13
     4.75600     0.43589393E-13
     4.76000     0.34870641E-13
     4.76400     0.42042361E-13
     4.76800     0.48740675E-13
     4.77200     0.84409017E-13
     4.77600     0.10972735E-12
     4.78000     0.25499512E-12
     4.78400     0.60128491E-12
     4.78800     0.15233992E-11
     4.79200     0.38428811E-11
     4.79600     0.96087155E-11
     4.80000     0.23744476E-10
     4.80400     0.57781887E-10
     4.80800     0.13873909E-09
     4.81200     0.32861873E-09
     4.81600     0.76778161E-09
     4.82000     0.17693466E-08
     4.82400     0.40217089E-08
     4.82800     0.90162218E-08
     4.83200     0.19936851E-07
     4.83600     0.43481441E-07
     4.84000     0.93533435E-07
     4.84400     0.19844748E-06
     4.84800     0.41527933E-06
     4.85200     0.85713884E-06
     4.85600     0.17449314E-05
     4.86000     0.35036609E-05
     4.86400     0.69387704E-05
     4.86800     0.13553764E-04
     4.87200     0.26112863E-04
     4.87600     0.49621105E-04
     4.88000     0.93002791E-04
     4.88400     0.17192672E-03
     4.88800     0.31347927E-03
     4.89200     0.56375782E-03
     4.89600     0.99998826E-03
     4.90000     0.17495084E-02
     4.90400     0.30189523E-02
     4.90800     0.51382572E-02
     4.91200     0.86257148E-02
     4.91600     0.14282174E-01
     4.92000     0.23324583E-01
     4.92400     0.37571119E-01
     4.92800     0.59691904E-01
     4.93200     0.93540187E-01
     4.93600     0.14457826    
     4.94000     0.22040944    
     4.94400     0.33142130    
     4.94800     0.49153482    
     4.95200     0.71903906    
     4.95600      1.0374706    
     4.96000      1.4764716    
     4.96400      2.0725328    
     4.96800      2.8694978    
     4.97200      3.9186807    
     4.97600      5.2784315    
     4.98000      7.0129823    
     4.98400      9.1904243    
     4.98800      11.879710    
     4.99200      15.146649    
     4.99600      19.048960    
     5.00000      23.630571    
     5.00400      28.915492    
     5.00800      34.901701    
     5.01200      41.555632    
     5.01600      48.807867    
     5.02000      56.550691    
     5.02400      64.638072    
     5.02800      72.888483    
     5.03200      81.090780    
     5.03600      89.013024    
     5.04000      96.413872    
     5.04400      103.05582    
     5.04800      108.71935    
     5.05200      113.21673    
     5.05600      116.40449    
     5.06000      118.19310    
     5.06400      118.55324    
     5.06800      117.51776    
     5.07200      115.17926    
     5.07600      111.68344    
     5.08000      107.21879    
     5.08400      102.00355    
     5.08800      96.271274    
     5.09200      90.256070    
     5.09600      84.178997    
     5.10000      78.236579    
     5.10400      72.592339    
     5.10800      67.371836    
     5.11200      62.661331    
     5.11600      58.509885    
     5.12000      54.934359    
     5.12400      51.926577    
     5.12800      49.461798    
     5.13200      47.507570    
     5.13600      46.032123    
     5.14000      45.011557    
     5.14400      44.435274    
     5.14800      44.309272    
     5.15200      44.657154    
     5.15600      45.518889    
     5.16000      46.947524    
     5.16400      49.004196    
     5.16800      51.751876    
     5.17200      55.248364    
     5.17600      59.539049    
     5.18000      64.649976    
     5.18400      70.581703    
     5.18800      77.304398    
     5.19200      84.754544    
     5.19600      92.833522    
     5.20000      101.40825    
     5.20400      110.31390    
     5.20800      119.35869    
     5.21200      128.33046    
     5.21600      137.00482    
     5.22000      145.15432    
     5.22400      152.55829    
     5.22800      159.01274    
     5.23200      164.33959    
     5.23600      168.39503    
     5.24000      171.07607    
     5.24400      172.32522    
     5.24800      172.13282    
     5.25200      170.53690    
     5.25600      167.62065    
     5.26000      163.50758    
     5.26400      158.35471    
     5.26800      152.34433    
     5.27200      145.67477    
     5.27600      138.55086    
     5.28000      131.17468    
     5.28400      123.73718    
     5.28800      116.41121    
     5.29200      109.34626    
     5.29600      102.66519    
     5.30000      96.463064    
     5.30400      90.807786    
     5.30800      85.742522    
     5.31200      81.289361    
     5.31600      77.453851    
     5.32000      74.229882    
     5.32400      71.604453    
     5.32800      69.561899    
     5.33200      68.087231    
     5.33600      67.168364    
     5.34000      66.797118    
     5.34400      66.969009    
     5.34800      67.681947    
     5.35200      68.934057    
     5.35600      70.720899    
     5.36000      73.032411    
     5.36400      75.849893    
     5.36800      79.143343    
     5.37200      82.869416    
     5.37600      86.970196    
     5.38000      91.372936    
     5.38400      95.990803    
     5.38800      100.72463    
     5.39200      105.46555    
     5.39600      110.09842    
     5.40000      114.50577    
     5.40400      118.57207    
     5.40800      122.18812    
     5.41200      125.25522    
     5.41600      127.68892    
     5.42000      129.42227    
     5.42400      130.40817    
     5.42800      130.62092    
     5.43200      130.05680    
     5.43600      128.73369    
     5.44000      126.68986    
     5.44400      123.98185    
     5.44800      120.68175    
     5.45200      116.87399    
     5.45600      112.65176    
     5.46000      108.11333    
     5.46400      103.35848    
     5.46800      98.485094    
     5.47200      93.586152    
     5.47600      88.747276    
     5.48000      84.044801    
     5.48400      79.544490    
     5.48800      75.300875    
     5.49200      71.357172    
     5.49600      67.745722    
     5.50000      64.488841    
     5.50400      61.599972    
     5.50800      59.085017    
     5.51200      56.943720    
     5.51600      55.170981    
     5.52000      53.758023    
     5.52400      52.693315    
     5.52800      51.963239    
     5.53200      51.552460    
     5.53600      51.444040    
     5.54000      51.619322    
     5.54400      52.057654    
     5.54800      52.736031    
     5.55200      53.628729    
     5.55600      54.707002    
     5.56000      55.938931    
     5.56400      57.289453    
     5.56800      58.720618    
     5.57200      60.192082    
     5.57600      61.661820    
     5.58000      63.087043    
     5.58400      64.425264    
     5.58800      65.635456    
     5.59200      66.679246    
     5.59600      67.522064    
     5.60000      68.134199    
     5.60400      68.491698    
     5.60800      68.577060    
     5.61200      68.379695    
     5.61600      67.896130    
     5.62000      67.129959    
     5.62400      66.091538    
     5.62800      64.797458    
     5.63200      63.269819    
     5.63600      61.535354    
     5.64000      59.624438    
     5.64400      57.570037    
     5.64800      55.406643    
     5.65200      53.169231    
     5.65600      50.892291    
     5.66000      48.608954    
     5.66400      46.350246    
     5.66800      44.144484    
     5.67200      42.016815    
     5.67600      39.988916    
     5.68000      38.078829    
     5.68400      36.300932    
     5.68800      34.666026    
     5.69200      33.181505    
     5.69600      31.851611    
     5.70000      30.677724    
     5.70400      29.658686    
     5.70800      28.791123    
     5.71200      28.069758    
     5.71600      27.487701    
     5.72000      27.036704    
     5.72400      26.707380    
     5.72800      26.489379    
     5.73200      26.371545    
     5.73600      26.342035    
     5.74000      26.388432    
     5.74400      26.497844    
     5.74800      26.657014    
     5.75200      26.852440    
     5.75600      27.070515    
     5.76000      27.297685    
     5.76400      27.520636    
     5.76800      27.726496    
     5.77200      27.903054    
     5.77600      28.038983    
     5.78000      28.124061    
     5.78400      28.149377    
     5.78800      28.107520    
     5.79200      27.992724    
     5.79600      27.800981    
     5.80000      27.530107    
     5.80400      27.179750    
     5.80800      26.751357    
     5.81200      26.248087    
     5.81600      25.674674    
     5.82000      25.037261    
     5.82400      24.343187    
     5.82800      23.600761    
     5.83200      22.819015    
     5.83600      22.007449    
     5.84000      21.175782    
     5.84400      20.333710    
     5.84800      19.490678    
     5.85200      18.655682    
     5.85600      17.837093    
     5.86000      17.042510    
     5.86400      16.278652    
     5.86800      15.551273    
     5.87200      14.865122    
     5.87600      14.223917    
     5.88000      13.630360    
     5.88400      13.086166    
     5.88800      12.592122    
     5.89200      12.148150    
     5.89600      11.753388    
     5.90000      11.406284    
     5.90400      11.104676    
     5.90800      10.845897    
     5.91200      10.626852    
     5.91600      10.444113    
     5.92000      10.293992    
     5.92400      10.172618    
     5.92800      10.076001    
     5.93200      10.000094    
     5.93600      9.9408461    
     5.94000      9.8942530    
     5.94400      9.8564024    
     5.94800      9.8235176    
     5.95200      9.7919982    
     5.95600      9.7584587    
     5.96000      9.7197664    
     5.96400      9.6730764    
     5.96800      9.6158650    
     5.97200      9.5459586    
     5.97600      9.4615600    
     5.98000      9.3612680    
     5.98400      9.2440915    
     5.98800      9.1094562    
     5.99200      8.9572031    
     5.99600      8.7875794    
     6.00000      8.6012203    
     6.00400      8.3991224    
     6.00800      8.1826106    
     6.01200      7.9532968    
     6.01600      7.7130342    
     6.02000      7.4638664    
     6.02400      7.2079741    
     6.02800      6.9476209    
     6.03200      6.6850987    
     6.03600      6.4226757    
     6.04000      6.1625472    
     6.04400      5.9067914    
     6.04800      5.6573300    
     6.05200      5.4158958    
     6.05600      5.1840072    
     6.06000      4.9629488    
     6.06400      4.7537607    
     6.06800      4.5572332    
     6.07200      4.3739091    
     6.07600      4.2040911    
     6.08000      4.0478544    
     6.08400      3.9050639    
     6.08800      3.7753938    
     6.09200      3.6583503    
     6.09600      3.5532949    
     6.10000      3.4594690    
     6.10400      3.3760175    
     6.10800      3.3020119    
     6.11200      3.2364725    
     6.11600      3.1783879    
     6.12000      3.1267333    
     6.12400      3.0804871    
     6.12800      3.0386449    
     6.13200      3.0002318    
     6.13600      2.9643138    
     6.14000      2.9300064    
     6.14400      2.8964836    
     6.14800      2.8629844    
     6.15200      2.8288189    
     6.15600      2.7933738    
     6.16000      2.7561170    
     6.16400      2.7166007    
     6.16800      2.6744646    
     6.17200      2.6294374    
     6.17600      2.5813374    
     6.18000      2.5300720    
     6.18400      2.4756356    
     6.18800      2.4181061    
     6.19200      2.3576404    
     6.19600      2.2944679    
     6.20000      2.2288830    
     6.20400      2.1612363    
     6.20800      2.0919251    
     6.21200      2.0213824    
     6.21600      1.9500663    
     6.22000      1.8784485    
     6.22400      1.8070035    
     6.22800      1.7361977    
     6.23200      1.6664795    
     6.23600      1.5982701    
     6.24000      1.5319559    
     6.24400      1.4678819    
     6.24800      1.4063464    
     6.25200      1.3475974    
     6.25600      1.2918309    
     6.26000      1.2391897    
     6.26400      1.1897644    
     6.26800      1.1435951    
     6.27200      1.1006743    
     6.27600      1.0609512    
     6.28000      1.0243352    
     6.28400     0.99070163    
     6.28800     0.95989642    
     6.29200     0.93174150    
     6.29600     0.90603992    
     6.30000     0.88258080    
     6.30400     0.86114400    
     6.30800     0.84150437    
     6.31200     0.82343565    
     6.31600     0.80671391    
     6.32000     0.79112053    
     6.32400     0.77644483    
     6.32800     0.76248630    
     6.33200     0.74905648    
     6.33600     0.73598057    
     6.34000     0.72309875    
     6.34400     0.71026731    
     6.34800     0.69735950    
     6.35200     0.68426622    
     6.35600     0.67089656    
     6.36000     0.65717803    
     6.36400     0.64305665    
     6.36800     0.62849681    
     6.37200     0.61348085    
     6.37600     0.59800843    
     6.38000     0.58209560    
     6.38400     0.56577362    
     6.38800     0.54908758    
     6.39200     0.53209471    
     6.39600     0.51486259    
     6.40000     0.49746710    
     6.40400     0.47999035    
     6.40800     0.46251850    
     6.41200     0.44513958    
     6.41600     0.42794141    
     6.42000     0.41100956    
     6.42400     0.39442555    
     6.42800     0.37826518    
     6.43200     0.36259712    
     6.43600     0.34748179    
     6.44000     0.33297050    
     6.44400     0.31910487    
     6.44800     0.30591651    
     6.45200     0.29342703    
     6.45600     0.28164821    
     6.46000     0.27058244    
     6.46400     0.26022333    
     6.46800     0.25055644    
     6.47200     0.24156017    
     6.47600     0.23320665    
     6.48000     0.22546276    
     6.48400     0.21829110    
     6.48800     0.21165090    
     6.49200     0.20549902    
     6.49600     0.19979078    
     6.50000     0.19448076    
     6.50400     0.18952354    
     6.50800     0.18487435    
     6.51200     0.18048964    
     6.51600     0.17632758    
     6.52000     0.17234851    
     6.52400     0.16851527    
     6.52800     0.16479354    
     6.53200     0.16115208    
     6.53600     0.15756292    
     6.54000     0.15400154    
     6.54400     0.15044694    
     6.54800     0.14688173    
     6.55200     0.14329214    
     6.55600     0.13966795    
     6.56000     0.13600248    
     6.56400     0.13229238    
     6.56800     0.12853753    
     6.57200     0.12474077    
     6.57600     0.12090764    
     6.58000     0.11704611    
     6.58400     0.11316620    
     6.58800     0.10927965    
     6.59200     0.10539953    
     6.59600     0.10153983    
     6.60000     0.97715098E-01
     6.60400     0.93940044E-01
     6.60800     0.90229174E-01
     6.61200     0.86596456E-01
     6.61600     0.83055017E-01
     6.62000     0.79616880E-01
     6.62400     0.76292741E-01
     6.62800     0.73091801E-01
     6.63200     0.70021642E-01
     6.63600     0.67088150E-01
     6.64000     0.64295485E-01
     6.64400     0.61646096E-01
     6.64800     0.59140773E-01
     6.65200     0.56778730E-01
     6.65600     0.54557720E-01
     6.66000     0.52474169E-01
     6.66400     0.50523327E-01
     6.66800     0.48699429E-01
     6.67200     0.46995862E-01
     6.67600     0.45405332E-01
     6.68000     0.43920025E-01
     6.68400     0.42531770E-01
     6.68800     0.41232180E-01
     6.69200     0.40012796E-01
     6.69600     0.38865207E-01
     6.70000     0.37781168E-01
     6.70400     0.36752695E-01
     6.70800     0.35772156E-01
     6.71200     0.34832347E-01
     6.71600     0.33926553E-01
     6.72000     0.33048602E-01
     6.72400     0.32192907E-01
     6.72800     0.31354496E-01
     6.73200     0.30529037E-01
     6.73600     0.29712845E-01
     6.74000     0.28902888E-01
     6.74400     0.28096781E-01
     6.74800     0.27292766E-01
     6.75200     0.26489694E-01
     6.75600     0.25686987E-01
     6.76000     0.24884602E-01
     6.76400     0.24082981E-01
     6.76800     0.23283002E-01
     6.77200     0.22485915E-01
     6.77600     0.21693288E-01
     6.78000     0.20906934E-01
     6.78400     0.20128853E-01
     6.78800     0.19361162E-01
     6.79200     0.18606034E-01
     6.79600     0.17865636E-01
     6.80000     0.17142075E-01
     6.80400     0.16437345E-01
     6.80800     0.15753285E-01
     6.81200     0.15091539E-01
     6.81600     0.14453528E-01
     6.82000     0.13840429E-01
     6.82400     0.13253156E-01
     6.82800     0.12692353E-01
     6.83200     0.12158400E-01
     6.83600     0.11651407E-01
     6.84000     0.11171234E-01
     6.84400     0.10717504E-01
     6.84800     0.10289620E-01
     6.85200     0.98867900E-02
     6.85600     0.95080500E-02
     6.86000     0.91522902E-02
     6.86400     0.88182811E-02
     6.86800     0.85047000E-02
     6.87200     0.82101558E-02
     6.87600     0.79332143E-02
     6.88000     0.76724211E-02
     6.88400     0.74263229E-02
     6.88800     0.71934869E-02
     6.89200     0.69725190E-02
     6.89600     0.67620787E-02
     6.90000     0.65608932E-02
     6.90400     0.63677683E-02
     6.90800     0.61815984E-02
     6.91200     0.60013735E-02
     6.91600     0.58261853E-02
     6.92000     0.56552309E-02
     6.92400     0.54878145E-02
     6.92800     0.53233482E-02
     6.93200     0.51613505E-02
     6.93600     0.50014438E-02
     6.94000     0.48433500E-02
     6.94400     0.46868848E-02
     6.94800     0.45319516E-02
     6.95200     0.43785335E-02
     6.95600     0.42266847E-02
     6.96000     0.40765211E-02
     6.96400     0.39282110E-02
     6.96800     0.37819647E-02
     6.97200     0.36380246E-02
     6.97600     0.34966550E-02
     6.98000     0.33581325E-02
     6.98400     0.32227369E-02
     6.98800     0.30907425E-02
     6.99200     0.29624106E-02
     6.99600     0.28379828E-02
     7.00000     0.27176749E-02
     7.00400     0.26016725E-02
     7.00800     0.24901273E-02
     7.01200     0.23831548E-02
     7.01600     0.22808324E-02
     7.02000     0.21831996E-02
     7.02400     0.20902579E-02
     7.02800     0.20019721E-02
     7.03200     0.19182727E-02
     7.03600     0.18390580E-02
     7.04000     0.17641975E-02
     7.04400     0.16935350E-02
     7.04800     0.16268922E-02
     7.05200     0.15640729E-02
     7.05600     0.15048662E-02
     7.06000     0.14490506E-02
     7.06400     0.13963978E-02
     7.06800     0.13466757E-02
     7.07200     0.12996523E-02
     7.07600     0.12550979E-02
     7.08000     0.12127887E-02
     7.08400     0.11725084E-02
     7.08800     0.11340511E-02
     7.09200     0.10972225E-02
     7.09600     0.10618416E-02
     7.10000     0.10277419E-02
     7.10400     0.99477229E-03
     7.10800     0.96279751E-03
     7.11200     0.93169862E-03
     7.11600     0.90137290E-03
     7.12000     0.87173375E-03
     7.12400     0.84271013E-03
     7.12800     0.81424603E-03
     7.13200     0.78629953E-03
     7.13600     0.75884184E-03
     7.14000     0.73185614E-03
     7.14400     0.70533633E-03
     7.14800     0.67928564E-03
     7.15200     0.65371528E-03
     7.15600     0.62864293E-03
     7.16000     0.60409137E-03
     7.16400     0.58008704E-03
     7.16800     0.55665865E-03
     7.17200     0.53383594E-03
     7.17600     0.51164848E-03
     7.18000     0.49012458E-03
     7.18400     0.46929036E-03
     7.18800     0.44916893E-03
     7.19200     0.42977973E-03
     7.19600     0.41113802E-03
     7.20000     0.39325449E-03
     7.20400     0.37613506E-03
     7.20800     0.35978072E-03
     7.21200     0.34418764E-03
     7.21600     0.32934722E-03
     7.22000     0.31524639E-03
     7.22400     0.30186786E-03
     7.22800     0.28919055E-03
     7.23200     0.27718998E-03
     7.23600     0.26583878E-03
     7.24000     0.25510715E-03
     7.24400     0.24496336E-03
     7.24800     0.23537427E-03
     7.25200     0.22630583E-03
     7.25600     0.21772351E-03
     7.26000     0.20959276E-03
     7.26400     0.20187947E-03
     7.26800     0.19455027E-03
     7.27200     0.18757291E-03
     7.27600     0.18091654E-03
     7.28000     0.17455197E-03
     7.28400     0.16845186E-03
     7.28800     0.16259091E-03
     7.29200     0.15694594E-03
     7.29600     0.15149599E-03
     7.30000     0.14622237E-03
     7.30400     0.14110866E-03
     7.30800     0.13614063E-03
     7.31200     0.13130626E-03
     7.31600     0.12659557E-03
     7.32000     0.12200056E-03
     7.32400     0.11751504E-03
     7.32800     0.11313446E-03
     7.33200     0.10885579E-03
     7.33600     0.10467731E-03
     7.34000     0.10059839E-03
     7.34400     0.96619365E-04
     7.34800     0.92741309E-04
     7.35200     0.88965851E-04
     7.35600     0.85295008E-04
     7.36000     0.81731015E-04
     7.36400     0.78276174E-04
     7.36800     0.74932709E-04
     7.37200     0.71702652E-04
     7.37600     0.68587732E-04
     7.38000     0.65589289E-04
     7.38400     0.62708209E-04
     7.38800     0.59944867E-04
     7.39200     0.57299098E-04
     7.39600     0.54770181E-04
     7.40000     0.52356834E-04
     7.40400     0.50057228E-04
     7.40800     0.47869010E-04
     7.41200     0.45789340E-04
     7.41600     0.43814934E-04
     7.42000     0.41942110E-04
     7.42400     0.40166848E-04
     7.42800     0.38484848E-04
     7.43200     0.36891586E-04
     7.43600     0.35382379E-04
     7.44000     0.33952444E-04
     7.44400     0.32596953E-04
     7.44800     0.31311090E-04
     7.45200     0.30090101E-04
     7.45600     0.28929340E-04
     7.46000     0.27824313E-04
     7.46400     0.26770710E-04
     7.46800     0.25764441E-04
     7.47200     0.24801656E-04
     7.47600     0.23878770E-04
     7.48000     0.22992475E-04
     7.48400     0.22139749E-04
     7.48800     0.21317864E-04
     7.49200     0.20524379E-04
     7.49600     0.19757145E-04
     7.50000     0.19014287E-04
     7.50400     0.18294198E-04
     7.50800     0.17595525E-04
     7.51200     0.16917147E-04
     7.51600     0.16258159E-04
     7.52000     0.15617848E-04
     7.52400     0.14995675E-04
     7.52800     0.14391249E-04
     7.53200     0.13804305E-04
     7.53600     0.13234679E-04
     7.54000     0.12682290E-04
     7.54400     0.12147116E-04
     7.54800     0.11629173E-04
     7.55200     0.11128499E-04
     7.55600     0.10645136E-04
     7.56000     0.10179116E-04
     7.56400     0.97304481E-05
     7.56800     0.92991055E-05
     7.57200     0.88850207E-05
     7.57600     0.84880770E-05
     7.58000     0.81081042E-05
     7.58400     0.77448764E-05
     7.58800     0.73981110E-05
     7.59200     0.70674698E-05
     7.59600     0.67525605E-05
     7.60000     0.64529411E-05
     7.60400     0.61681238E-05
     7.60800     0.58975802E-05
     7.61200     0.56407474E-05
     7.61600     0.53970345E-05
     7.62000     0.51658287E-05
     7.62400     0.49465022E-05
     7.62800     0.47384189E-05
     7.63200     0.45409406E-05
     7.63600     0.43534330E-05
     7.64000     0.41752718E-05
     7.64400     0.40058473E-05
     7.64800     0.38445695E-05
     7.65200     0.36908721E-05
     7.65600     0.35442159E-05
     7.66000     0.34040913E-05
     7.66400     0.32700213E-05
     7.66800     0.31415624E-05
     7.67200     0.30183059E-05
     7.67600     0.28998784E-05
     7.68000     0.27859416E-05
     7.68400     0.26761917E-05
     7.68800     0.25703585E-05
     7.69200     0.24682040E-05
     7.69600     0.23695205E-05
     7.70000     0.22741289E-05
     7.70400     0.21818761E-05
     7.70800     0.20926328E-05
     7.71200     0.20062910E-05
     7.71600     0.19227612E-05
     7.72000     0.18419701E-05
     7.72400     0.17638577E-05
     7.72800     0.16883749E-05
     7.73200     0.16154814E-05
     7.73600     0.15451428E-05
     7.74000     0.14773293E-05
     7.74400     0.14120133E-05
     7.74800     0.13491677E-05
     7.75200     0.12887649E-05
     7.75600     0.12307750E-05
     7.76000     0.11751652E-05
     7.76400     0.11218989E-05
     7.76800     0.10709352E-05
     7.77200     0.10222284E-05
     7.77600     0.97572785E-06
     7.78000     0.93137826E-06
     7.78400     0.88911942E-06
     7.78800     0.84888680E-06
     7.79200     0.81061182E-06
     7.79600     0.77422237E-06
     7.80000     0.73964341E-06
     7.80400     0.70679761E-06
     7.80800     0.67560582E-06
     7.81200     0.64598800E-06
     7.81600     0.61786363E-06
     7.82000     0.59115254E-06
     7.82400     0.56577546E-06
     7.82800     0.54165448E-06
     7.83200     0.51871378E-06
     7.83600     0.49687996E-06
     7.84000     0.47608252E-06
     7.84400     0.45625416E-06
     7.84800     0.43733105E-06
     7.85200     0.41925323E-06
     7.85600     0.40196446E-06
     7.86000     0.38541263E-06
     7.86400     0.36954959E-06
     7.86800     0.35433117E-06
     7.87200     0.33971723E-06
     7.87600     0.32567133E-06
     7.88000     0.31216080E-06
     7.88400     0.29915643E-06
     7.88800     0.28663222E-06
     7.89200     0.27456527E-06
     7.89600     0.26293541E-06
     7.90000     0.25172494E-06
     7.90400     0.24091841E-06
     7.90800     0.23050231E-06
     7.91200     0.22046481E-06
     7.91600     0.21079543E-06
     7.92000     0.20148494E-06
     7.92400     0.19252494E-06
     7.92800     0.18390772E-06
     7.93200     0.17562616E-06
     7.93600     0.16767328E-06
     7.94000     0.16004248E-06
     7.94400     0.15272692E-06
     7.94800     0.14571992E-06
     7.95200     0.13901438E-06
     7.95600     0.13260319E-06
     7.96000     0.12647870E-06
     7.96400     0.12063318E-06
     7.96800     0.11505834E-06
     7.97200     0.10974576E-06
     7.97600     0.10468654E-06
     7.98000     0.99871632E-07
     7.98400     0.95291703E-07
     7.98800     0.90937211E-07
     7.99200     0.86798498E-07
     7.99600     0.82865851E-07
     8.00000     0.79129469E-07
     8.00400     0.75579701E-07
     8.00800     0.72206898E-07
     8.01200     0.69001614E-07
     8.01600     0.65954578E-07
     8.02000     0.63056828E-07
     8.02400     0.60299636E-07
     8.02800     0.57674673E-07
     8.03200     0.55173935E-07
     8.03600     0.52789834E-07
     8.04000     0.50515204E-07
     8.04400     0.48343285E-07
     8.04800     0.46267775E-07
     8.05200     0.44282788E-07
     8.05600     0.42382918E-07
     8.06000     0.40563123E-07
     8.06400     0.38818856E-07
     8.06800     0.37145867E-07
     8.07200     0.35540400E-07
     8.07600     0.33998944E-07
     8.08000     0.32518447E-07
     8.08400     0.31096021E-07
     8.08800     0.29729206E-07
     8.09200     0.28415657E-07
     8.09600     0.27153382E-07
     8.10000     0.25940455E-07
     8.10400     0.24775248E-07
     8.10800     0.23656198E-07
     8.11200     0.22581868E-07
     8.11600     0.21550987E-07
     8.12000     0.20562258E-07
     8.12400     0.19614545E-07
     8.12800     0.18706682E-07
     8.13200     0.17837571E-07
     8.13600     0.17006147E-07
     8.14000     0.16211304E-07
     8.14400     0.15451966E-07
     8.14800     0.14727054E-07
     8.15200     0.14035505E-07
     8.15600     0.13376149E-07
     8.16000     0.12747917E-07
     8.16400     0.12149677E-07
     8.16800     0.11580269E-07
     8.17200     0.11038581E-07
     8.17600     0.10523413E-07
     8.18000     0.10033673E-07
     8.18400     0.95681787E-08
     8.18800     0.91258156E-08
     8.19200     0.87054524E-08
     8.19600     0.83059776E-08
     8.20000     0.79263324E-08
     8.20400     0.75654449E-08
     8.20800     0.72223261E-08
     8.21200     0.68959588E-08
     8.21600     0.65854249E-08
     8.22000     0.62897787E-08
     8.22400     0.60082191E-08
     8.22800     0.57398756E-08
     8.23200     0.54839950E-08
     8.23600     0.52398620E-08
     8.24000     0.50067804E-08
     8.24400     0.47841394E-08
     8.24800     0.45713160E-08
     8.25200     0.43677848E-08
     8.25600     0.41730734E-08
     8.26000     0.39866394E-08
     8.26400     0.38081471E-08
     8.26800     0.36371337E-08
     8.27200     0.34732550E-08
     8.27600     0.33162402E-08
     8.28000     0.31657213E-08
     8.28400     0.30214396E-08
     8.28800     0.28831731E-08
     8.29200     0.27506325E-08
     8.29600     0.26236757E-08
     8.30000     0.25020205E-08
     8.30400     0.23855530E-08
     8.30800     0.22740600E-08
     8.31200     0.21673496E-08
     8.31600     0.20653107E-08
     8.32000     0.19677621E-08
     8.32400     0.18745475E-08
     8.32800     0.17855435E-08
     8.33200     0.17005936E-08
     8.33600     0.16195434E-08
     8.34000     0.15422689E-08
     8.34400     0.14686506E-08
     8.34800     0.13985156E-08
     8.35200     0.13317464E-08
     8.35600     0.12682146E-08
     8.36000     0.12077652E-08
     8.36400     0.11503031E-08
     8.36800     0.10956482E-08
     8.37200     0.10437202E-08
     8.37600     0.99436864E-09
     8.38000     0.94745788E-09
     8.38400     0.90291122E-09
     8.38800     0.86054408E-09
     8.39200     0.82032370E-09
     8.39600     0.78203078E-09
     8.40000     0.74569402E-09
     8.40400     0.71109835E-09
     8.40800     0.67819949E-09
     8.41200     0.64691031E-09
     8.41600     0.61707108E-09
     8.42000     0.58872129E-09
     8.42400     0.56165328E-09
     8.42800     0.53587369E-09
     8.43200     0.51128775E-09
     8.43600     0.48780064E-09
     8.44000     0.46541834E-09
     8.44400     0.44403991E-09
     8.44800     0.42358628E-09
     8.45200     0.40406968E-09
     8.45600     0.38540915E-09
     8.46000     0.36756265E-09
     8.46400     0.35050999E-09
     8.46800     0.33418133E-09
     8.47200     0.31860476E-09
     8.47600     0.30367087E-09
     8.48000     0.28939647E-09
     8.48400     0.27577520E-09
     8.48800     0.26271500E-09
     8.49200     0.25027369E-09
     8.49600     0.23834990E-09
     8.50000     0.22696206E-09
     8.50400     0.21611548E-09
     8.50800     0.20572111E-09
     8.51200     0.19583020E-09
     8.51600     0.18638678E-09
     8.52000     0.17738930E-09
     8.52400     0.16879537E-09
     8.52800     0.16062572E-09
     8.53200     0.15286128E-09
     8.53600     0.14543737E-09
     8.54000     0.13836412E-09
     8.54400     0.13166808E-09
     8.54800     0.12527868E-09
     8.55200     0.11922246E-09
     8.55600     0.11345351E-09
     8.56000     0.10797188E-09
     8.56400     0.10276524E-09
     8.56800     0.97805611E-10
     8.57200     0.93118592E-10
     8.57600     0.88630179E-10
     8.58000     0.84412812E-10
     8.58400     0.80373184E-10
     8.58800     0.76546117E-10
     8.59200     0.72899642E-10
     8.59600     0.69436658E-10
     8.60000     0.66137250E-10
     8.60400     0.63013335E-10
     8.60800     0.60025578E-10
     8.61200     0.57204179E-10
     8.61600     0.54475057E-10
     8.62000     0.51913294E-10
     8.62400     0.49477743E-10
     8.62800     0.47117587E-10
     8.63200     0.44901117E-10
     8.63600     0.42781183E-10
     8.64000     0.40744524E-10
     8.64400     0.38823088E-10
     8.64800     0.36972490E-10
     8.65200     0.35198562E-10
     8.65600     0.33514965E-10
     8.66000     0.31932115E-10
     8.66400     0.30388405E-10
     8.66800     0.28909085E-10
     8.67200     0.27529023E-10
     8.67600     0.26191118E-10
     8.68000     0.24919058E-10
     8.68400     0.23721435E-10
     8.68800     0.22554452E-10
     8.69200     0.21445730E-10
     8.69600     0.20421375E-10
     8.70000     0.19416576E-10
     8.70400     0.18470861E-10
     8.70800     0.17576965E-10
     8.71200     0.16706653E-10
     8.71600     0.15900245E-10
     8.72000     0.15125807E-10
     8.72400     0.14372245E-10
     8.72800     0.13689966E-10
     8.73200     0.13036844E-10
     8.73600     0.12377199E-10
     8.74000     0.11785481E-10
     8.74400     0.11211953E-10
     8.74800     0.10651918E-10
     8.75200     0.10141314E-10
     8.75600     0.96558525E-11
     8.76000     0.91704581E-11
     8.76400     0.87368551E-11
     8.76800     0.83138862E-11
     8.77200     0.78929338E-11
     8.77600     0.75075813E-11
     8.78000     0.71388688E-11
     8.78400     0.67912947E-11
     8.78800     0.64635722E-11
     8.79200     0.61352498E-11
     8.79600     0.58424473E-11
     8.80000     0.55679355E-11
     8.80400     0.52745473E-11
     8.80800     0.50184246E-11
     8.81200     0.47858879E-11
     8.81600     0.45331775E-11
     8.82000     0.43091327E-11
     8.82400     0.41113682E-11
     8.82800     0.39154167E-11
     8.83200     0.36959771E-11
     8.83600     0.35299429E-11
     8.84000     0.33588162E-11
     8.84400     0.31793372E-11
     8.84800     0.30339255E-11
     8.85200     0.28799671E-11
     8.85600     0.27179730E-11
     8.86000     0.25757586E-11
     8.86400     0.24683230E-11
     8.86800     0.23362383E-11
     8.87200     0.22101695E-11
     8.87600     0.21215965E-11
     8.88000     0.20049271E-11
     8.88400     0.19057414E-11
     8.88800     0.18208701E-11
     8.89200     0.17363620E-11
     8.89600     0.16519409E-11
     8.90000     0.15769656E-11
     8.90400     0.15057986E-11
     8.90800     0.14360574E-11
     8.91200     0.13752216E-11
     8.91600     0.13127267E-11
     8.92000     0.12565426E-11
     8.92400     0.12134149E-11
     8.92800     0.11629592E-11
     8.93200     0.10843268E-11
     8.93600     0.10540920E-11
     8.94000     0.10135370E-11
     8.94400     0.95592195E-12
     8.94800     0.90196120E-12
     8.95200     0.87414139E-12
     8.95600     0.82459326E-12
     8.96000     0.76201202E-12
     8.96400     0.73875195E-12
     8.96800     0.68958452E-12
     8.97200     0.66638518E-12
     8.97600     0.64348907E-12
     8.98000     0.59997759E-12
     8.98400     0.57212269E-12
     8.98800     0.55922181E-12
     8.99200     0.53720884E-12
     8.99600     0.49178258E-12
     9.00000     0.48021481E-12
