   62.6866231747130     
   43.2802223871111     
  -1.57442903522068     
   27.2637929153697     
   10.4832415982251     
   3.84150204435084     
  -5.08420059518542     
  0.841322386732199     
   21.9218386492491     
  -4.05755685534335     
   3.37571786638014     
   6.58121117168286     
   4.62955091128190     
   10.2552901854763     
   7.00670560721772     
  0.332865374857247     
  -1.70871519342876     
   3.23005988492021     
  -4.79196533047825     
  -1.44203166607141     
  -3.57549520669693     
  0.122646490659746     
  -15.2794996521776     
  -1.79143077133408     
   11.1430846580842     
  -4.19318248348971     
  -9.59124084671195     
   2.13900066097769     
   2.49523207026309     
  0.545703543263731     
  -1.05524647175291     
  -4.36030689357066     
  -1.51202087847707     
   3.61699166615472     
   16.6598897040387     
  -1.67768846258043     
  8.759685730483605E-002
   12.6252634828640     
 -1.822133885372763E-002
  0.523980953498078     
 -0.116813101607946     
  -5.97184455968130     
   5.46989833771522     
  0.200995474888576     
 -0.784874410210080     
   9.64271050007949     
  -2.70849152835965     
  -4.82031765888434     
 -0.831134345173381     
 -2.244253350744620E-002
  -5.29182983001808     
  -2.23378875449809     
  -11.6852203065842     
   15.9127034800762     
   1.07203840684026     
 -0.472754461425239     
 -3.902140183415191E-002
  0.505140794535438     
 -0.333919201220202     
   7.60130455874231     
  -2.39927119538759     
 -0.509695532510143     
  2.285837604926213E-002
  0.332874947235606     
  0.149089283965511     
  0.221021203228599     
 -1.294529578532649E-003
  0.241449338237457     
 -4.335720920086591E-002
 -0.165321520824581     
  0.255712633015492     
 -0.235236987145807     
  5.155880231163552E-003
  3.123087839261062E-003
 -5.040326256090450E-002
