  -516.561975005580      -3.252954952899869E-188  1.565217144163398E-188
  -515.769094000199       2.248730153172383E-161  6.788729993167617E-163
  -514.976212994818      -2.224022484693437E-160 -1.291450508975069E-160
  -514.183331989437       8.778600858527003E-160  1.467732982545907E-159
  -513.390450984057      -2.918211157755614E-160 -9.300431002338127E-159
  -512.597569978676      -2.089063498608839E-158  4.104125383034553E-158
  -511.804688973295       1.778767895109133E-157 -1.242843581823279E-157
  -511.011807967914      -9.864501490503894E-157  1.365558837024625E-157
  -510.218926962534       4.289994269025810E-156  1.382753579379661E-156
  -509.426045957153      -1.506419258881524E-155 -1.355543336414263E-155
  -508.633164951772       3.969706834083213E-155  8.167038820312183E-155
  -507.840283946391      -4.452634679012661E-155 -4.024947249162049E-154
  -507.047402941010      -3.221343007810632E-154  1.755167344295066E-153
  -506.254521935630       3.127570063406219E-153 -7.013319283890745E-153
  -505.461640930249      -1.814647086090536E-152  2.615587650647576E-152
  -504.668759924868       8.573939719155017E-152 -9.181240634157646E-152
  -503.875878919487      -3.564495737804714E-151  3.032497416482337E-151
  -503.082997914107       1.347806354773692E-150 -9.343130495683883E-151
  -502.290116908726      -4.723576975503565E-150  2.638053936777257E-150
  -501.497235903345       1.553174270117583E-149 -6.608512529749539E-150
  -500.704354897964      -4.825264649562931E-149  1.363878430919185E-149
  -499.911473892583       1.418853798993562E-148 -1.741376211988746E-149
  -499.118592887203      -3.933429849759994E-148 -2.460754322858238E-149
  -498.325711881822       1.016906095080502E-147  2.944666802309527E-148
  -497.532830876441      -2.396676693892686E-147 -1.432685974059243E-147
  -496.739949871060       4.893387441216227E-147  5.404794667994709E-147
  -495.947068865680      -7.404711824943097E-147 -1.751459366553659E-146
  -495.154187860299       1.315312939520254E-147  4.997372011851556E-146
  -494.361306854918       4.974661530560059E-146 -1.240265068608888E-145
  -493.568425849537      -2.670117767075286E-145  2.503444206387383E-145
  -492.775544844156       9.887577637010851E-145 -3.014640013243606E-145
  -491.982663838776      -2.978446203960583E-144 -5.234477374311648E-145
  -491.189782833395       7.332754179356561E-144  5.542332282012168E-144
  -490.396901828014      -1.282531722522964E-143 -2.608018406217242E-143
  -489.604020822633       7.782818451991273E-145  9.552996226959459E-143
  -488.811139817252       1.300994954713047E-142 -2.982418027445873E-142
  -488.018258811872      -8.096041782930176E-142  8.029921997827267E-142
  -487.225377806491       3.651496010989408E-141 -1.785719754624556E-141
  -486.432496801110      -1.426066435960360E-140  2.694004292742905E-141
  -485.639615795729       5.098327228568476E-140  1.117269298048782E-141
  -484.846734790349      -1.706344601286555E-139 -3.030958426734168E-140
  -484.053853784968       5.384726299664356E-139  1.578042812330506E-139
  -483.260972779587      -1.599567321700767E-138 -6.095327975922681E-139
  -482.468091774206       4.446465288593992E-138  2.037683081557367E-138
  -481.675210768825      -1.149102962548992E-137 -6.269296744368424E-138
  -480.882329763445       2.744255203090191E-137  1.832178635528727E-137
  -480.089448758064      -6.005255899271657E-137 -5.144568286563010E-137
  -479.296567752683       1.180637161171811E-136  1.383784024788899E-136
  -478.503686747302      -1.977254855560033E-136 -3.529629494060574E-136
  -477.710805741921       2.346468158308646E-136  8.424881910833298E-136
  -476.917924736541       2.966428799072220E-137 -1.847530431788934E-135
  -476.125043731160      -1.349476767410718E-135  3.602573853747125E-135
  -475.332162725779       5.497808552603722E-135 -5.785288467473027E-135
  -474.539281720398      -1.571088534647337E-134  5.712553511656142E-135
  -473.746400715018       3.532204982391858E-134  6.124629976034447E-135
  -472.953519709637      -5.865916670799460E-134 -5.402829626379643E-134
  -472.160638704256       3.899904908336467E-134  1.820142224772255E-133
  -471.367757698875       1.937800607823914E-133 -4.170471075092934E-133
  -470.574876693494      -1.076233786104110E-132  5.508416706158343E-133
  -469.781995688114       3.326690125214030E-132  6.455530544122231E-133
  -468.989114682733      -6.718580288429934E-132 -7.552354278450209E-132
  -468.196233677352       3.221694045910334E-132  3.175845593570701E-131
  -467.403352671971       4.955695877761524E-131 -9.354705951711753E-131
  -466.610471666591      -3.126564156520755E-130  1.882629337746772E-130
  -465.817590661210       1.291491947818913E-129 -6.865173706695880E-131
  -465.024709655829      -4.326281559040893E-129 -1.725133930650342E-129
  -464.231828650448       1.229048463127232E-128  1.153746667921143E-128
  -463.438947645067      -2.915803837756666E-128 -5.316742006683562E-128
  -462.646066639687       5.194046276667615E-128  2.077251105556774E-127
  -461.853185634306      -3.237165484510163E-128 -7.309912168298869E-127
  -461.060304628925      -2.577772059687574E-127  2.369479316966972E-126
  -460.267423623544       1.639110947742842E-126 -7.115991273268129E-126
  -459.474542618163      -6.728771563792632E-126  1.974686600633800E-125
  -458.681661612783       2.341697597689135E-125 -5.029509640469165E-125
  -457.888780607402      -7.449200899780639E-125  1.163873232900588E-124
  -457.095899602021       2.217883112439365E-124 -2.398993184918832E-124
  -456.303018596640      -6.183938011380385E-124  4.182446709026683E-124
  -455.510137591260       1.598508634152578E-123 -5.119053361088873E-124
  -454.717256585879      -3.763477913485433E-123 -9.781893282725007E-125
  -453.924375580498       7.804326500375276E-123  3.376250571515094E-123
  -453.131494575117      -1.310213597365573E-122 -1.442343838917765E-122
  -452.338613569736       1.231044793271926E-122  4.397239702565615E-122
  -451.545732564356       2.474346822910299E-122 -1.075735676778288E-121
  -450.752851558975      -1.896940462218336E-121  2.026721879594761E-121
  -449.959970553594       7.038275449349514E-121 -1.986655715754449E-121
  -449.167089548213      -1.951759294907932E-120 -5.467917676651789E-121
  -448.374208542832       4.065462640336323E-120  4.296219537309680E-120
  -447.581327537452      -4.302713525330360E-120 -1.760467070522604E-119
  -446.788446532071      -1.402309930636110E-119  5.621232681095853E-119
  -445.995565526690       1.210839967353155E-118 -1.482928360786542E-118
  -445.202684521309      -5.683746359652301E-118  3.081244104218524E-118
  -444.409803515929       2.174850506539386E-117 -3.555239183278203E-118
  -443.616922510548      -7.439203801162905E-117 -8.807014823493730E-118
  -442.824041505167       2.365099624811464E-116  8.497411789273820E-117
  -442.031160499786      -7.149900005172425E-116 -4.112468152957860E-116
  -441.238279494405       2.089055873565333E-115  1.591594106935230E-115
  -440.445398489025      -5.958527045976058E-115 -5.378519504163487E-115
  -439.652517483644       1.656303946160697E-114  1.628719553327058E-114
  -438.859636478263      -4.410637530351194E-114 -4.461671129272893E-114
  -438.066755472882       1.094630275819323E-113  1.117760472327596E-113
  -437.273874467502      -2.462577243054825E-113 -2.613549621346184E-113
  -436.480993462121       4.901513431384924E-113  5.857045203775845E-113
  -435.688112456740      -8.354869267143978E-113 -1.282410848451086E-112
  -434.895231451359       1.114576297967446E-112  2.742189830287082E-112
  -434.102350445978      -6.973276307367274E-113 -5.614616436183535E-112
  -433.309469440598      -2.168571141846709E-112  1.064359975417916E-111
  -432.516588435217       1.154413083354325E-111 -1.767191966355319E-111
  -431.723707429836      -3.520466323524366E-111  2.236928978573616E-111
  -430.930826424455       8.396219625240074E-111 -7.895207217969226E-112
  -430.137945419075      -1.605692626523465E-110 -7.199316532285834E-111
  -429.345064413694       2.151211319277930E-110  3.162819797004261E-110
  -428.552183408313      -1.562386656950584E-111 -8.731882130233613E-110
  -427.759302402932      -1.148920806128285E-109  1.765517006614058E-109
  -426.966421397551       4.961403792130866E-109 -2.081177388114626E-109
  -426.173540392171      -1.427908744556806E-108 -2.709959544685471E-109
  -425.380659386790       3.031269972233820E-108  2.807850464160437E-108
  -424.587778381409      -3.629379218481335E-108 -1.171006434210489E-107
  -423.794897376028      -6.627407481663737E-108  3.695195177903597E-107
  -423.002016370648       6.665544213377401E-107 -9.627695368807757E-107
  -422.209135365267      -3.054628949541089E-106  2.033426280730917E-106
  -421.416254359886       1.104183649232791E-105 -2.875686095430957E-106
  -420.623373354505      -3.488972681073653E-105 -1.457559253096842E-106
  -419.830492349124       1.000450013756045E-104  3.236260993750623E-105
  -419.037611343744      -2.654705346796356E-104 -1.675245798808209E-104
  -418.244730338363       6.629884979570359E-104  6.600111709732716E-104
  -417.451849332982      -1.589325514804521E-103 -2.257472499872325E-103
  -416.658968327601       3.716078356801416E-103  6.949942919578514E-103
  -415.866087322220      -8.431825583398356E-103 -1.949716811605679E-102
  -415.073206316840       1.785034474293047E-102  5.026925550861028E-102
  -414.280325311459      -3.252121164203100E-102 -1.204409298918104E-101
  -413.487444306078       4.172368159904692E-102  2.714896144786910E-101
  -412.694563300697       4.698445434667551E-103 -5.806579183200170E-101
  -411.901682295317      -2.655634725173137E-101  1.177241562447512E-100
  -411.108801289936       1.162445887348264E-100 -2.229358086626483E-100
  -410.315920284555      -3.691194993256313E-100  3.801069419351297E-100
  -409.523039279174       9.971130335717415E-100 -5.309206411885437E-100
  -408.730158273793      -2.399137157177678E-099  3.933947365492137E-100
  -407.937277268413       5.194868892537752E-099  9.388969836759162E-100
  -407.144396263032      -9.975128870115302E-099 -5.891953266551252E-099
  -406.351515257651       1.603319226098715E-098  2.016600598680788E-098
  -405.558634252270      -1.715976055935562E-098 -5.558546840708212E-098
  -404.765753246890      -9.942587917793517E-099  1.331029398146267E-097
  -403.972872241509       1.337960804214897E-097 -2.805509046339077E-097
  -403.179991236128      -5.291580525437150E-097  5.064930910425287E-097
  -402.387110230747       1.593220188308668E-096 -6.974665837231079E-097
  -401.594229225366      -4.127190710384700E-096  3.074899497940218E-097
  -400.801348219986       9.507937532912679E-096  2.453779910667671E-096
  -400.008467214605      -1.946386658754293E-095 -1.252715062956444E-095
  -399.215586209224       3.416802449173186E-095  4.206688974417539E-095
  -398.422705203843      -4.509566557385916E-095 -1.182646243085793E-094
  -397.629824198462       1.408218742356833E-095  2.965866925790041E-094
  -396.836943193082       1.796030434680404E-094 -6.786662627912502E-094
  -396.044062187701      -8.577083996671850E-094  1.423414199251479E-093
  -395.251181182320       2.778437290076530E-093 -2.706109250931121E-093
  -394.458300176939      -7.545186818229770E-093  4.491798923820418E-093
  -393.665419171558       1.818938876349973E-092 -5.795393931569602E-093
  -392.872538166178      -3.968617125059191E-092  2.752809096424786E-093
  -392.079657160797       7.843020164306564E-092  1.563733512435135E-092
  -391.286776155416      -1.378648332461049E-091 -7.547749783249947E-092
  -390.493895150035       2.035648984383333E-091  2.298272115983307E-091
  -389.701014144655      -2.043227130893491E-091 -5.688102688381928E-091
  -388.908133139274      -7.236312816871604E-092  1.204604975988281E-090
  -388.115252133893       1.131658511862844E-090 -2.164776911271049E-090
  -387.322371128512      -3.968753888934738E-090  3.040285208082824E-090
  -386.529490123131       1.012019634357908E-089 -2.097239305519746E-090
  -385.736609117751      -2.088732903981637E-089 -5.553340332939561E-090
  -384.943728112370       3.390841288364120E-089  3.088432719981436E-089
  -384.150847106989      -3.307991713527073E-089 -9.345709919355803E-089
  -383.357966101608      -3.517501005958144E-089  2.161591184008127E-088
  -382.565085096228       3.070241449199951E-088 -3.890558053972384E-088
  -381.772204090847      -1.061384936358666E-087  4.433938848003312E-088
  -380.979323085466       2.721836902523163E-087  2.903746048641081E-088
  -380.186442080085      -5.509150093689088E-087 -3.756217998060323E-087
  -379.393561074704       7.863654899379263E-087  1.459709008082911E-086
  -378.600680069324      -1.365053536232991E-087 -4.192115549139929E-086
  -377.807799063943      -4.299188729080006E-086  9.861526763066674E-086
  -377.014918058562       2.072717227774304E-085 -1.869848173344037E-085
  -376.222037053181      -6.940985573778792E-085  2.349314055149372E-085
  -375.429156047801       1.946071783117100E-084  1.180645475652411E-085
  -374.636275042420      -4.806144394474614E-084 -2.144191065260290E-084
  -373.843394037039       1.059223455452517E-083  9.672610734836518E-084
  -373.050513031658      -2.061850802294725E-083 -3.307445572034938E-083
  -372.257632026277       3.380793073219332E-083  9.808503695667452E-083
  -371.464751020897      -3.878501320021129E-083 -2.634132675181636E-082
  -370.671870015516      -8.811002085747004E-084  6.517204803108397E-082
  -369.878989010135       2.461275669315549E-082 -1.495546975731559E-081
  -369.086108004754      -1.048225014788358E-081  3.186652892603283E-081
  -368.293226999373       3.347600883306791E-081 -6.277901276748436E-081
  -367.500345993993      -9.261667624819392E-081  1.128274416089058E-080
  -366.707464988612       2.316200951227988E-080 -1.787351318909271E-080
  -365.914583983231      -5.313182607207831E-080  2.258700098252553E-080
  -365.121702977850       1.120078521342431E-079 -1.331730100832974E-080
  -364.328821972470      -2.150419522501315E-079 -4.214590051834193E-080
  -363.535940967089       3.660124862745371E-079  2.165017595651728E-079
  -362.743059961708      -5.128213574019750E-079 -6.512382891650501E-079
  -361.950178956327       4.347742853172142E-079  1.574362268693225E-078
  -361.157297950946       5.005698060071165E-079 -3.236185879468158E-078
  -360.364416945566      -3.779227692213468E-078  5.558147989689670E-078
  -359.571535940185       1.234895194150618E-077 -6.994309138900339E-078
  -358.778654934804      -3.089333687825034E-077  1.534898933516785E-078
  -357.985773929423       6.376065857811807E-077  2.813396524819417E-077
  -357.192892924042      -1.043776944800667E-076 -1.242819530606182E-076
  -356.400011918662       9.959258761903150E-077  3.770667257464799E-076
  -355.607130913281       1.518534627846784E-076 -9.520778182074532E-076
  -354.814249907900      -1.261431150956107E-075  2.090141058257546E-075
  -354.021368902519       4.883790648773745E-075 -3.967168031333793E-075
  -353.228487897139      -1.516941389821869E-074  6.111219880260362E-075
  -352.435606891758       4.194249380195590E-074 -5.696064970694347E-075
  -351.642725886377      -1.072340497737995E-073 -6.573521538766295E-075
  -350.849844880996       2.574373388328592E-073  5.506777966379294E-074
  -350.056963875615      -5.824094076694464E-073 -1.957046908211264E-073
  -349.264082870235       1.237470392795502E-072  5.473295216232310E-073
  -348.471201864854      -2.452372458123022E-072 -1.354639663439542E-072
  -347.678320859473       4.493768162458020E-072  3.113560856450042E-072
  -346.885439854092      -7.520766334148079E-072 -6.791362693414944E-072
  -346.092558848712       1.121560113839021E-071  1.412968433424758E-071
  -345.299677843331      -1.396334407559743E-071 -2.789346224624016E-071
  -344.506796837950       1.124089618610829E-071  5.166067992913882E-071
  -343.713915832569       7.071186062423493E-072 -8.819764695236530E-071
  -342.921034827188      -6.013473737258977E-071  1.344590887041201E-070
  -342.128153821808       1.780553797669257E-070 -1.698376003364938E-070
  -341.335272816427      -3.949638490771327E-070  1.333337400880338E-070
  -340.542391811046       7.155073482515693E-070  1.120571078496455E-070
  -339.749510805665      -1.018478449900555E-069 -8.147601905531443E-070
  -338.956629800285       8.367972662310665E-070  2.310323743531595E-069
  -338.163748794904       1.057087586724390E-069 -4.758833918065858E-069
  -337.370867789523      -7.251497769558497E-069  7.200633731165076E-069
  -336.577986784142       2.208360441151283E-068 -4.966188241621189E-069
  -335.785105778761      -5.015886399028740E-068 -1.641463174237991E-068
  -334.992224773381       8.790019967459114E-068  9.389240528611444E-068
  -334.199343768000      -9.448712947246110E-068 -3.102614927790475E-067
  -333.406462762619      -9.115167756976105E-068  8.310539761651974E-067
  -332.613581757238       9.634690168329144E-067 -1.949129087909254E-066
  -331.820700751857      -3.858151550143182E-066  4.104214535030400E-066
  -331.027819746477       1.209305680393841E-065 -7.782710202360767E-066
  -330.234938741096      -3.339996272803226E-065  1.310044743031665E-065
  -329.442057735715       8.479088555312457E-065 -1.880395351203826E-065
  -328.649176730334      -2.013046082624733E-064  2.060148307082522E-065
  -327.856295724954       4.488116785265978E-064 -8.896215983315249E-066
  -327.063414719573      -9.364240225638897E-064 -3.642446587943706E-065
  -326.270533714192       1.818233612054997E-063  1.657323170780723E-064
  -325.477652708811      -3.274274526565789E-063 -5.175106821969943E-064
  -324.684771703430       5.462257915616539E-063  1.433591106543568E-063
  -323.891890698050      -8.407289944378736E-063 -3.619713836391107E-063
  -323.099009692669       1.173461647715169E-062  8.295070537918015E-063
  -322.306128687288      -1.409198858235002E-062 -1.720675903280108E-062
  -321.513247681907       1.211803409592625E-062  3.221929867481588E-062
  -320.720366676527       1.023794250787415E-063 -5.384494957110644E-062
  -319.927485671146      -3.699497698695886E-062  7.755649052485886E-062
  -319.134604665765       1.115916891403734E-061 -8.620043186380349E-062
  -318.341723660384      -2.370765557119227E-061  3.696414604941636E-062
  -317.548842655003       3.968810606140901E-061  1.560022681574248E-061
  -316.755961649623      -4.828159898380853E-061 -6.326165710536447E-061
  -315.963080644242       1.634561948416587E-061  1.554863479559326E-060
  -315.170199638861       1.353432190498235E-060 -2.934249748987454E-060
  -314.377318633480      -5.676651299214372E-060  4.092304523943678E-060
  -313.584437628099       1.559964614190213E-059 -2.275325484159953E-060
  -312.791556622719      -3.502939322556934E-059 -1.051582000151963E-059
  -311.998675617338       6.719913459718718E-059  5.420015969717435E-059
  -311.205794611957      -1.081744639331512E-058 -1.737141211985506E-058
  -310.412913606576       1.295095437310850E-058  4.630015055323698E-058
  -309.620032601196      -3.872735541638038E-059 -1.105625172057308E-057
  -308.827151595815      -4.012856494562952E-058  2.436764012789537E-057
  -308.034270590434       1.722085396429231E-057 -5.023971730953944E-057
  -307.241389585053      -5.003067071483790E-057  9.741687113444450E-057
  -306.448508579672       1.225600791415877E-056 -1.775892059097380E-056
  -305.655627574292      -2.693999360791176E-056  3.024382815103297E-056
  -304.862746568911       5.455243823944422E-056 -4.741410174570272E-056
  -304.069865563530      -1.031033060748762E-055  6.641634078872561E-056
  -303.276984558149       1.828492961967795E-055 -7.754691506066414E-056
  -302.484103552769      -3.036953702747493E-055  5.865759726544674E-056
  -301.691222547388       4.671959793060332E-055  3.148130791123230E-056
  -300.898341542007      -6.486153843940339E-055 -2.576786802761687E-055
  -300.105460536626       7.642215766028878E-055  7.021324309327643E-055
  -299.312579531245      -6.226796323219911E-055 -1.429269423412629E-054
  -298.519698525865      -1.267939512081159E-055  2.389315512499322E-054
  -297.726817520484       2.001715735651542E-054 -3.214853243549683E-054
  -296.933936515103      -5.528035829820453E-054  2.868853691928174E-054
  -296.141055509722       1.066610654170982E-053  8.317559226749552E-055
  -295.348174504342      -1.538439369223023E-053 -1.157222688599970E-053
  -294.555293498961       1.276321565839822E-053  3.397934596857372E-053
  -293.762412493580       1.393291268684781E-053 -7.017716162742950E-053
  -292.969531488199      -9.787148886557811E-053  1.093127925640710E-052
  -292.176650482818       2.935105953373756E-052 -1.023621714504168E-052
  -291.383769477438      -6.683118481710576E-052 -9.024219427267237E-053
  -290.590888472057       1.252538637449824E-051  7.948131295392555E-052
  -289.798007466676      -1.884456373275300E-051 -2.678739109009620E-051
  -289.005126461295       1.828437566391715E-051  6.953425393128287E-051
  -288.212245455914       1.051696339990084E-051 -1.553973364567392E-050
  -287.419364450534      -1.191444656103744E-050  3.092483800631880E-050
  -286.626483445153       4.184968845016900E-050 -5.506532028299049E-050
  -285.833602439772      -1.125946170594822E-049  8.603547328023372E-050
  -285.040721434391       2.631387689571136E-049 -1.100938063804792E-049
  -284.247840429011      -5.566642595150194E-049  8.536853357658697E-050
  -283.454959423630       1.082287269144255E-048  8.848491821067471E-050
  -282.662078418249      -1.938345093511288E-048 -6.216459888671858E-049
  -281.869197412868       3.170974784176971E-048  1.911191863539255E-048
  -281.076316407487      -4.622009835845425E-048 -4.635335055059013E-048
  -280.283435402107       5.614471893733098E-048  9.819321019046498E-048
  -279.490554396726      -4.381472933249824E-048 -1.874658676383647E-047
  -278.697673391345      -2.844191728493829E-048  3.243553214620446E-047
  -277.904792385964       2.304458582775712E-047 -5.014430170194697E-047
  -277.111911380583      -6.752985689414141E-047  6.598861628021894E-047
  -276.319030375203       1.516586261686493E-046 -6.232074140107927E-047
  -275.526149369822      -2.900445831246464E-046 -1.723065068891801E-048
  -274.733268364441       4.807478159489928E-046  2.074613508303122E-046
  -273.940387359060      -6.663233539234865E-046 -6.976253099311943E-046
  -273.147506353680       6.513056504283551E-046  1.690625945524835E-045
  -272.354625348299       5.449804607760706E-047 -3.458886691144056E-045
  -271.561744342918      -2.505814593786538E-045  6.204464530084449E-045
  -270.768863337537       8.739629149425847E-045 -9.697484386777568E-045
  -269.975982332156      -2.233622101719514E-044  1.243194293294153E-044
  -269.183101326776       4.900004925655229E-044 -9.890235009988858E-045
  -268.390220321395      -9.676320121262572E-044 -8.698790116979096E-045
  -267.597339316014       1.748715302921316E-043  6.591906292558401E-044
  -266.804458310633      -2.894594330740194E-043 -2.048890244670714E-043
  -266.011577305253       4.326281130120724E-043  5.015301789210594E-043
  -265.218696299872      -5.595143761178020E-043 -1.079159672149836E-042
  -264.425815294491       5.456927020742207E-043  2.120319922240522E-042
  -263.632934289110      -1.157770420191728E-043 -3.863056948927289E-042
  -262.840053283729      -1.264298691800068E-042  6.555643079018712E-042
  -262.047172278349       4.529266549259921E-042 -1.032420992131899E-041
  -261.254291272968      -1.116217526865261E-041  1.488375743872448E-041
  -260.461410267587       2.326157659589529E-041 -1.900220158113986E-041
  -259.668529262206      -4.333623510149500E-041  1.962908752340419E-041
  -258.875648256826       7.346676927814324E-041 -1.066714995946154E-041
  -258.082767251445      -1.132460903739554E-040 -1.842623261820956E-041
  -257.289886246064       1.556771548974584E-040  8.354394808174378E-041
  -256.497005240683      -1.801289133886576E-040 -2.047597514174425E-040
  -255.704124235302       1.418971105479548E-040  3.999633739443014E-040
  -254.911243229922       4.039994732300023E-041 -6.679342140926436E-040
  -254.118362224541      -4.942125248143808E-040  9.528246129736472E-040
  -253.325481219160       1.385380107441831E-039 -1.080117194657124E-039
  -252.532600213779      -2.864275616779011E-039  6.559533365335740E-040
  -251.739719208398       4.912219167634708E-039  1.066458308197895E-039
  -250.946838203018      -7.000180682631811E-039 -5.316329250931003E-039
  -250.153957197637       7.431820159049934E-039  1.381964809622322E-038
  -249.361076192256      -2.213673021438605E-039 -2.844394350219549E-038
  -248.568195186875      -1.668422834732001E-038  4.996833094341675E-038
  -247.775314181495       6.366634258520556E-038 -7.507580766496502E-038
  -246.982433176114      -1.620273196674318E-037  9.009711170907192E-038
  -246.189552170733       3.453426344790240E-037 -5.933657846759466E-038
  -245.396671165352      -6.547918580042604E-037 -9.483828378830991E-038
  -244.603790159971       1.126750863484696E-036  5.230989596285783E-037
  -243.810909154591      -1.760934705204211E-036 -1.493089441939282E-036
  -243.018028149210       2.454040110252110E-036  3.443404833253623E-036
  -242.225147143829      -2.878011406744097E-036 -7.034764001331928E-036
  -241.432266138448       2.277994531307516E-036  1.316659600059054E-035
  -240.639385133067       8.322563146412581E-037 -2.289642849126075E-035
  -239.846504127687      -9.080632199746340E-036  3.715584584935481E-035
  -239.053623122306       2.670361047242526E-035 -5.610493364917978E-035
  -238.260742116925      -5.991165160515470E-035  7.792210144608693E-035
  -237.467861111544       1.168002442556901E-034 -9.682153284460303E-035
  -236.674980106164      -2.061536889001291E-034  1.001906983062810E-034
  -235.882099100783       3.340942428583763E-034 -6.505614599090303E-035
  -235.089218095402      -4.971228058312729E-034 -4.521556558787131E-035
  -234.296337090021       6.698966692862568E-034  2.817813856906738E-034
  -233.503456084640      -7.865429233986694E-034 -7.044626389332979E-034
  -232.710575079260       7.162090090131442E-034  1.361952575329530E-033
  -231.917694073879      -2.381533138494647E-034 -2.247504203386279E-033
  -231.124813068498      -9.693119229292301E-034  3.216966878594907E-033
  -230.331932063117       3.296364867056278E-033 -3.857223167662229E-033
  -229.539051057737      -7.072937579756526E-033  3.303456732517843E-033
  -228.746170052356       1.226073315332988E-032 -3.234129798290005E-035
  -227.953289046975      -1.785135334409747E-032 -8.281400281091598E-033
  -227.160408041594       2.083779106161330E-032  2.464826776086266E-032
  -226.367527036213      -1.465270733172681E-032 -5.201393695027470E-032
  -225.574646030833      -1.290925931698481E-032  9.124886232351452E-032
  -224.781765025452       8.196484147150074E-032 -1.369325006279984E-031
  -223.988884020071      -2.220999605874858E-031  1.696710229874732E-031
  -223.196003014690       4.713025379761089E-031 -1.435358443297010E-031
  -222.403122009309      -8.688661968817192E-031 -3.245834545043518E-032
  -221.610241003929       1.436890200916093E-030  5.185678110971565E-031
  -220.817359998548      -2.142811722202869E-030 -1.570814267920760E-030
  -220.024478993167       2.833691774337985E-030  3.560490033678533E-030
  -219.231597987786      -3.133190720907850E-030 -6.968097572070664E-030
  -218.438716982406       2.297038406399480E-030  1.232044651875635E-029
  -217.645835977025       9.631370095306775E-031 -2.002515360447496E-029
  -216.852954971644      -8.648280839372542E-030  3.004457554785473E-029
  -216.060073966263       2.354235759493245E-029 -4.134915147098491E-029
  -215.267192960882      -4.901983973105343E-029  5.111286730365286E-029
  -214.474311955502       8.833392011297303E-029 -5.368593350016062E-029
  -213.681430950121      -1.430429141235692E-028  3.953700358771671E-029
  -212.888549944740       2.101987319570403E-028  5.362825688148703E-030
  -212.095668939359      -2.780295168719603E-028 -9.881623487492976E-029
  -211.302787933979       3.202454059806170E-028  2.588864775795794E-028
  -210.509906928598      -2.899889339849454E-028 -4.955771544435371E-028
  -209.717025923217       1.160804430351231E-028  7.953746217765262E-028
  -208.924144917836       2.932286507554430E-028 -1.096793908017481E-027
  -208.131263912455      -1.030289756349502E-027  1.257207018439961E-027
  -207.338382907075       2.139235022082134E-027 -1.016325719619943E-027
  -206.545501901694      -3.522663033840135E-027 -2.862406219120577E-029
  -205.752620896313       4.789017530825740E-027  2.405158125688748E-027
  -204.959739890932      -5.035455930974792E-027 -6.651528390713476E-027
  -204.166858885551       2.586946136713849E-027  1.302446635449949E-026
  -203.373977880171       5.235448317267900E-027 -2.091905000134474E-026
  -202.581096874790      -2.215477321399771E-026  2.787822731214615E-026
  -201.788215869409       5.249016928956071E-026 -2.809759234511622E-026
  -200.995334864028      -9.974711723172026E-026  1.044166370263038E-026
  -200.202453858648       1.635785976999775E-025  4.376069296713585E-026
  -199.409572853267      -2.343049956603075E-025 -1.624134299780262E-025
  -198.616691847886       2.842141673482836E-025  3.823856570585461E-025
  -197.823810842505      -2.552930979944682E-025 -7.448143508775479E-025
  -197.030929837124       4.419436294132101E-026  1.282332324342700E-024
  -196.238048831744       5.124648214010649E-025 -1.993532501033273E-024
  -195.445167826363      -1.645509224356066E-024  2.799695942515168E-024
  -194.652286820982       3.640716426382598E-024 -3.480366064319954E-024
  -193.859405815601      -6.786807595772011E-024  3.589441593971327E-024
  -193.066524810221       1.125737181166470E-023 -2.364471139358666E-024
  -192.273643804840      -1.689652946481375E-023 -1.338479174567940E-024
  -191.480762799459       2.288344328886887E-023  9.021540623095618E-024
  -190.687881794078      -2.727423607589811E-023 -2.232964326169549E-023
  -189.895000788697       2.647485482512572E-023  4.249371255782895E-023
  -189.102119783317      -1.480171334847796E-023 -6.924752824389652E-023
  -188.309238777936      -1.554474285694096E-023  9.903664507213391E-023
  -187.516357772555       7.352580588610644E-023 -1.224296996548822E-022
  -186.723476767174      -1.664558908167113E-022  1.208986208670383E-022
  -185.930595761794       2.941473184407742E-022 -6.365779246700603E-023
  -185.137714756413      -4.386034934151342E-022 -9.383416317986123E-023
  -184.344833751032       5.479672039503059E-022  4.066836983134115E-022
  -183.551952745651      -5.142183228097268E-022 -9.276577304664605E-022
  -182.759071740270       1.460788948925869E-022  1.677031549240771E-021
  -181.966190734890       8.576504080789589E-022 -2.584960534224075E-021
  -181.173309729509      -2.922875763430938E-021  3.394013641842354E-021
  -180.380428724128       6.582520370211252E-021 -3.509313478103388E-021
  -179.587547718747      -1.239375349588883E-020  1.787688201653242E-021
  -178.794666713366       2.074379262000049E-020  3.731489841187490E-021
  -178.001785707986      -3.148534170677139E-020 -1.612860643497684E-020
  -177.208904702605       4.333689116215796E-020  3.987631900293191E-020
  -176.416023697224      -5.299357450567035E-020 -8.096312705077785E-020
  -175.623142691843       5.393486380213555E-020  1.466724242591077E-019
  -174.830261686463      -3.500031882897497E-020 -2.447261619150289E-019
  -174.037380681082      -2.106050660486211E-020  3.814015527893340E-019
  -173.244499675701       1.386785113865250E-019 -5.581708192983575E-019
  -172.451618670320      -3.495805464198353E-019  7.664947129142422E-019
  -171.658737664939       6.909913548632270E-019 -9.807293583260608E-019
  -170.865856659559      -1.200533905720231E-018  1.149723674005173E-018
  -170.072975654178       1.905975723033276E-018 -1.188551014996073E-018
  -169.280094648797      -2.807813760231435E-018  9.729208493454856E-019
  -168.487213643416       3.853265364029123E-018 -3.402339926845172E-019
  -167.694332638036      -4.901889049274708E-018 -8.969994497257090E-019
  -166.901451632655       5.686059771539406E-018  2.917857416383536E-018
  -166.108570627274      -5.774110117851459E-018 -5.831173320025961E-018
  -165.315689621893       4.550264352551370E-018  9.577201510873962E-018
  -164.522808616512      -1.233295037491882E-018 -1.378868768432893E-017
  -163.729927611132      -5.035896599528497E-018  1.761592005677122E-017
  -162.937046605751       1.500101746322724E-017 -1.953530371197933E-017
  -162.144165600370      -2.895349326223084E-017  1.718319603035237E-017
  -161.351284594989       4.622347524643096E-017 -7.285745152858249E-018
  -160.558403589608      -6.449699410796104E-017 -1.421145542527663E-017
  -159.765522584228       7.900831782932015E-017  5.167903676917214E-017
  -158.972641578847      -8.173586331529492E-017 -1.088515247737621E-016
  -158.179760573466       6.083552943654674E-017  1.872445581199689E-016
  -157.386879568085      -6.639660361116186E-019 -2.838653376433291E-016
  -156.593998562705      -1.171470113339765E-016  3.882980386689663E-016
  -155.801117557324       3.110297462244232E-016 -4.795320438849616E-016
  -155.008236551943      -5.946863402836526E-016  5.233139922158980E-016
  -154.215355546562       9.697311070518097E-016 -4.712656584997886E-016
  -153.422474541181      -1.415760351367445E-015  2.633886836477263E-016
  -152.629593535801       1.878788290926545E-015  1.641990046405074E-016
  -151.836712530420      -2.260521113741111E-015 -8.643925156179067E-016
  -151.043831525039       2.412785777436211E-015  1.855496972282614E-015
  -150.250950519658      -2.143172124547978E-015 -3.088547545015885E-015
  -149.458069514277       1.239291227665204E-015  4.408121541674737E-015
  -148.665188508897       4.803684858630443E-016 -5.514106818321930E-015
  -147.872307503516      -3.082106990586750E-015  5.938540932311994E-015
  -147.079426498135       6.396662951168764E-015 -5.059430886328406E-015
  -146.286545492754      -9.869714485099559E-015  2.181364616592743E-015
  -145.493664487374       1.240615318024429E-014  3.281114165542295E-015
  -144.700783481993      -1.225474389210562E-014 -1.147994597999753E-014
  -143.907902476612       7.011013501697721E-015  2.163963740405504E-014
  -143.115021471231       6.146826808179199E-015 -3.138306964973647E-014
  -142.322140465850      -2.983573924199649E-014  3.590346119390403E-014
  -141.529259460470       6.527429797221548E-014 -2.706020205936882E-014
  -140.736378455089      -1.103202259138970E-013 -7.468006021006179E-015
  -139.943497449708       1.565744541525888E-013  8.480633812069370E-014
  -139.150616444327      -1.855215436722500E-013 -2.271544488021829E-013
  -138.357735438947       1.640380266224208E-013  4.617261530162122E-013
  -137.564854433566      -4.041340621663079E-014 -8.205652635772545E-013
  -136.771973428185      -2.565317488691516E-013  1.340211681959293E-012
  -135.979092422804       8.111088865560156E-013 -2.059587505712542E-012
  -135.186211417423      -1.703700473116647E-012  3.011044205536267E-012
  -134.393330412043       2.985457147988919E-012 -4.197125721969007E-012
  -133.600449406662      -4.657226183438886E-012  5.551483198527343E-012
  -132.807568401281       6.667731314434898E-012 -6.899630127844516E-012
  -132.014687395900      -8.929770476791702E-012  7.949802756067832E-012
  -131.221806390520       1.132987195606025E-011 -8.334106616384003E-012
  -130.428925385139      -1.370664839987295E-011  7.689097171593214E-012
  -129.636044379758       1.580271304481237E-011 -5.745997164747565E-012
  -128.843163374377      -1.722416695518578E-011  2.411231828145781E-012
  -128.050282368996       1.744490425351978E-011  2.162621673271893E-012
  -127.257401363616      -1.587728576631831E-011 -7.511970822663930E-012
  -126.464520358235       1.201414047811994E-011  1.281382410963335E-011
  -125.671639352854      -5.635114268763683E-012 -1.688283872504202E-011
  -124.878758347473      -2.941974975470904E-012  1.825617842281956E-011
  -124.085877342092       1.260235841591730E-011 -1.541276393091018E-011
  -123.292996336712      -2.123117562277026E-011  7.166297994110871E-012
  -122.500115331331       2.565891697942583E-011  6.749696588497356E-012
  -121.707234325950      -2.187642051802369E-011 -2.492429374765883E-011
  -120.914353320569       5.657429761704114E-012  4.341365045492518E-011
  -120.121472315189       2.627887294387813E-011 -5.493130122456821E-011
  -119.328591309808      -7.447497080825516E-011  4.830044001816546E-011
  -118.535710304427       1.343159697947060E-010 -8.439967410807953E-012
  -117.742829299046      -1.931561616405453E-010 -8.283411964767877E-011
  -116.949948293665       2.274319019024191E-010  2.449737635385224E-010
  -116.157067288285      -2.006054696808795E-010 -4.957416689572863E-010
  -115.364186282904       6.331621180697544E-011  8.471382663117415E-010
  -114.571305277523       2.424271657297996E-010 -1.300059465052888E-009
  -113.778424272142      -7.734229717867469E-010  1.836998497255301E-009
  -112.985543266762       1.570093354680660E-009 -2.411836475204041E-009
  -112.192662261381      -2.639615156698572E-009  2.937581599926062E-009
  -111.399781256000       3.943130943122773E-009 -3.278045351491566E-009
  -110.606900250619      -5.389600473485223E-009  3.254587630592345E-009
  -109.814019245238       6.831952863903442E-009 -2.676850696427561E-009
  -109.021138239858      -8.059968878425848E-009  1.395065571329615E-009
  -108.228257234477       8.794157608657092E-009  6.389881183535862E-010
  -107.435376229096      -8.696830300688246E-009 -3.315353167211770E-009
  -106.642495223715       7.418003362351399E-009  6.320878251561046E-009
  -105.849614218334      -4.684400519711335E-009 -9.112888077299564E-009
  -105.056733212954       4.281357179046578E-010  1.092611374739501E-008
  -104.263852207573       5.058160224588679E-009 -1.083590113516433E-008
  -103.470971202192      -1.096316544094095E-008  7.904031985284207E-009
  -102.678090196811       1.583204287866205E-008 -1.429855472588558E-009
  -101.885209191431      -1.752657391922090E-008 -8.681237508095813E-009
  -101.092328186050       1.333616473034793E-008  2.143781214596609E-008
  -100.299447180669      -3.146741131787432E-010 -3.420140934372969E-008
  -99.5065661752882      -2.408354498158344E-008  4.210475005950208E-008
  -98.7136851699074       6.101367612280359E-008 -3.753928553742686E-008
  -97.9208041645266      -1.088857417425673E-007  9.826192567160011E-009
  -97.1279231591459       1.617125765943570E-007  5.480256505394981E-008
  -96.3350421537651      -2.073447914808167E-007 -1.727838770711690E-007
  -95.5421611483843       2.259157137012360E-007  3.622330736790474E-007
  -94.7492801430035      -1.889225616707515E-007 -6.412674061513042E-007
  -93.9563991376227       5.939474554199094E-008  1.025673910022561E-006
  -93.1635181322419       2.062371495634347E-007 -1.526404157464632E-006
  -92.3706371268612      -6.530199352541174E-007  2.147757389255641E-006
  -91.5777561214804       1.315986952237430E-006 -2.885591056756972E-006
  -90.7848751160996      -2.200718115601875E-006  3.720082033473645E-006
  -89.9919941107188       3.264285498261702E-006 -4.595209758247240E-006
  -89.1991131053380      -4.416647317969349E-006  5.389699843534318E-006
  -88.4062320999573       5.553270656350806E-006 -5.907871834985791E-006
  -87.6133510945765      -6.594841717771115E-006  5.919719406464316E-006
  -86.8204700891957       7.491329037183742E-006 -5.239187931167331E-006
  -86.0275890838149      -8.180445868595782E-006  3.791319482693891E-006
  -85.2347080784341       8.538897132025961E-006 -1.632798896917192E-006
  -84.4418270730533      -8.370625988540104E-006 -1.064033400356451E-006
  -83.6489460676726       7.442079132477966E-006  4.032257647736245E-006
  -82.8560650622918      -5.545183169743149E-006 -6.920385326025534E-006
  -82.0631840569110       2.565456114703600E-006  9.298066839393317E-006
  -81.2703030515302       1.457292365299748E-006 -1.067291535762084E-005
  -80.4774220461494      -6.281079267834799E-006  1.052955767273701E-005
  -79.6845410407687       1.143153676052943E-005 -8.393972381910716E-006
  -78.8916600353879      -1.619649631934517E-005  3.919353423792067E-006
  -78.0987790300071       1.965387522763357E-005  3.015440571341521E-006
  -77.3058980246263      -2.074030612433975E-005 -1.220805918112276E-005
  -76.5130170192455       1.836424721049353E-005  2.305211066854444E-005
  -75.7201360138647      -1.156122943375444E-005 -3.449249480086406E-005
  -74.9272550084840      -3.192194706301979E-007  4.503471320682755E-005
  -74.1343740031032       1.741516249323623E-005 -5.282265606135139E-005
  -73.3414929977224      -3.917302553310541E-005  5.579307088282983E-005
  -72.5486119923416       6.422719586470601E-005 -5.190769184590691E-005
  -71.7557309869608      -9.038046205330504E-005  3.945782006552383E-005
  -70.9628499815800       1.147156049658665E-004 -1.742942656922703E-005
  -70.1699689761993      -1.338389953590787E-004 -1.409940599460252E-005
  -69.3770879708185       1.442217537434641E-004  5.359427471243724E-005
  -68.5842069654377      -1.425932519623494E-004 -9.785120377826830E-005
  -67.7913259600569       1.263770847605113E-004  1.420754916733579E-004
  -66.9984449546761      -9.420863226828301E-005 -1.803325249682396E-004
  -66.2055639492953       4.655340583345149E-005  2.063104456647322E-004
  -65.4126829439146       1.368226386515714E-005 -2.142187434943565E-004
  -64.6198019385338      -8.080187437403486E-005  1.996602923178038E-004
  -63.8269209331530       1.464981521417049E-004 -1.604277976453256E-004
  -63.0340399277722      -2.006741249186606E-004  9.724385377837895E-005
  -62.2411589223914       2.328158592437431E-004 -1.439894045653031E-005
  -61.4482779170106      -2.337077273298215E-004 -7.988949917366764E-005
  -60.6553969116299       1.972600924180247E-004  1.736432953523863E-004
  -59.8625159062491      -1.222251921139138E-004 -2.520139030503455E-004
  -59.0696349008683       1.355884509075820E-005  2.989655602809720E-004
  -58.2767538954875       1.168456990127265E-004 -2.996650244055301E-004
  -57.4838728901067      -2.503295971467873E-004  2.433453199279988E-004
  -56.6909918847260       3.627709014347488E-004 -1.262847833577945E-004
  -55.8981108793452      -4.271260251743128E-004 -4.555386498884545E-005
  -55.1052298739644       4.171492605189720E-004  2.547300259942094E-004
  -54.3123488685836      -3.120296748838885E-004 -4.718654366031940E-004
  -53.5194678632028       1.014833617014547E-004  6.569000728609318E-004
  -52.7265868578220       2.093335069623926E-004 -7.622344002363675E-004
  -51.9337058524413      -5.958497534932850E-004  7.376023689738859E-004
  -51.1408248470605       1.011895471203132E-003 -5.360857840141994E-004
  -50.3479438416797      -1.390316371800638E-003  1.202104655989634E-004
  -49.5550628362989       1.647754288571371E-003  5.331810696921983E-004
  -48.7621818309181      -1.695494704020644E-003 -1.429977245541921E-003
  -47.9693008255373       1.458075170993767E-003  2.556155242638301E-003
  -47.1764198201566      -8.979380821625596E-004 -3.870223140278162E-003
  -46.3835388147758       3.560306744282332E-005  5.285141193405716E-003
  -45.5906578093950       1.054221861680738E-003 -6.645252055384651E-003
  -44.7977768040142      -2.281969689582028E-003  7.725472529507181E-003
  -44.0048957986334       3.592953288785961E-003 -8.285008119888762E-003
  -43.2120147932526      -4.971447234076185E-003  8.164379644770551E-003
  -42.4191337878719       6.377255748364450E-003 -7.353750143357342E-003
  -41.6262527824911      -7.676011587515185E-003  5.971459216919790E-003
  -40.8333717771103       8.645630234853889E-003 -4.183774563740534E-003
  -40.0404907717295      -9.059984291194397E-003  2.151615656821964E-003
  -39.2476097663487       8.776040089260674E-003 -3.799404630438454E-005
  -38.4547287609680      -7.770000292568990E-003 -1.964500538458346E-003
  -37.6618477555872       6.129288998679094E-003  3.633206422426125E-003
  -36.8689667502064      -4.030886775115966E-003 -4.748668961375878E-003
  -36.0760857448256       1.720757372157798E-003  5.141594356605592E-003
  -35.2832047394448       5.086701035744058E-004 -4.734169321963176E-003
  -34.4903237340640      -2.349308353170756E-003  3.566578560662867E-003
  -33.6974427286833       3.517728896643779E-003 -1.805912637551654E-003
  -32.9045617233025      -3.800862624279661E-003 -2.633248522919669E-004
  -32.1116807179217       3.100139731076584E-003  2.266969252706831E-003
  -31.3187997125409      -1.466481272659265E-003 -3.785447000931298E-003
  -30.5259187071601      -8.806371297292711E-004  4.410376890959748E-003
  -29.7330377017793       3.554939924447251E-003 -3.806703503349389E-003
  -28.9401566963986      -6.028120551948862E-003  1.771051941509015E-003
  -28.1472756910178       7.676947319482426E-003  1.725102920255740E-003
  -27.3543946856370      -7.850471680374164E-003 -6.520228598375693E-003
  -26.5615136802562       5.957405977778669E-003  1.228706877493864E-002
  -25.7686326748754      -1.581072755737124E-003 -1.859823559190637E-002
  -24.9757516694946      -5.367454575506228E-003  2.500649389168525E-002
  -24.1828706641139       1.447730395954989E-002 -3.107155189736789E-002
  -23.3899896587331      -2.475042017529912E-002  3.626658931074946E-002
  -22.5971086533523       3.476416689637352E-002 -3.982352120679913E-002
  -21.8042276479715      -4.311216864611168E-002  4.075331935903963E-002
  -21.0113466425907       4.884308998789012E-002 -3.820944728837132E-002
  -20.2184656372100      -5.155382271797958E-002  3.198119238166767E-002
  -19.4255846318292       5.116894812937008E-002 -2.270619465411448E-002
  -18.6327036264484      -4.774077061754967E-002  1.168889013177354E-002
  -17.8398226210676       4.144838083802173E-002 -5.471506282354016E-004
  -17.0469416156868      -3.270677437005315E-002 -9.111039484604793E-003
  -16.2540606103060       2.225513628919938E-002  1.593799248579838E-002
  -15.4611796049253      -1.116788618690582E-002 -1.903592512842810E-002
  -14.6682985995445       7.761996601414510E-004  1.808755711809776E-002
  -13.8754175941637       7.493418937611050E-003 -1.342434431125485E-002
  -13.0825365887829      -1.233976170413257E-002  6.028959191216094E-003
  -12.2896555834021       1.283237115860776E-002  2.532706863689182E-003
  -11.4967745780213      -8.646984618409707E-003 -1.025227116064945E-002
  -10.7038935726406       2.623727816694336E-004  1.488604863556070E-002
  -9.91101256725978       1.089947539738266E-002 -1.421039959532673E-002
  -9.11813156187900      -2.239225818881999E-002  6.293570717516755E-003
  -8.32525055649822       3.070257921279050E-002  1.026413292700223E-002
  -7.53236955111743      -3.119074101988132E-002 -3.620008945725852E-002
  -6.73948854573665       1.791734332215478E-002  7.172324420948335E-002
  -5.94660754035587       1.675188587104492E-002 -0.117272835089856     
  -5.15372653497509      -8.260721821055660E-002  0.175746024486272     
  -4.36084552959430       0.190602489641984      -0.257658039577037     
  -3.56796452421352      -0.345171111680336       0.389350670538145     
  -2.77508351883274       0.521577454694790      -0.614964275990824     
  -1.98220251345196      -0.635253654774285       0.965741686305296     
  -1.18932150807117       0.556483116389010       -1.38483322987782     
 -0.396440502690391      -0.225889255421603        1.68869342811284     
  0.396440502690391      -0.225889255421603       -1.68869342811284     
   1.18932150807117       0.556483116389010        1.38483322987782     
   1.98220251345196      -0.635253654774285      -0.965741686305296     
   2.77508351883274       0.521577454694790       0.614964275990824     
   3.56796452421352      -0.345171111680336      -0.389350670538145     
   4.36084552959430       0.190602489641984       0.257658039577037     
   5.15372653497509      -8.260721821055660E-002 -0.175746024486272     
   5.94660754035587       1.675188587104492E-002  0.117272835089856     
   6.73948854573665       1.791734332215478E-002 -7.172324420948335E-002
   7.53236955111743      -3.119074101988132E-002  3.620008945725852E-002
   8.32525055649822       3.070257921279050E-002 -1.026413292700223E-002
   9.11813156187900      -2.239225818881999E-002 -6.293570717516755E-003
   9.91101256725978       1.089947539738266E-002  1.421039959532673E-002
   10.7038935726406       2.623727816694336E-004 -1.488604863556070E-002
   11.4967745780213      -8.646984618409707E-003  1.025227116064945E-002
   12.2896555834021       1.283237115860776E-002 -2.532706863689182E-003
   13.0825365887829      -1.233976170413257E-002 -6.028959191216094E-003
   13.8754175941637       7.493418937611050E-003  1.342434431125485E-002
   14.6682985995445       7.761996601414510E-004 -1.808755711809776E-002
   15.4611796049253      -1.116788618690582E-002  1.903592512842810E-002
   16.2540606103060       2.225513628919938E-002 -1.593799248579838E-002
   17.0469416156868      -3.270677437005315E-002  9.111039484604793E-003
   17.8398226210676       4.144838083802173E-002  5.471506282354016E-004
   18.6327036264484      -4.774077061754967E-002 -1.168889013177354E-002
   19.4255846318292       5.116894812937008E-002  2.270619465411448E-002
   20.2184656372100      -5.155382271797958E-002 -3.198119238166767E-002
   21.0113466425907       4.884308998789012E-002  3.820944728837132E-002
   21.8042276479715      -4.311216864611168E-002 -4.075331935903963E-002
   22.5971086533523       3.476416689637352E-002  3.982352120679913E-002
   23.3899896587331      -2.475042017529912E-002 -3.626658931074946E-002
   24.1828706641139       1.447730395954989E-002  3.107155189736789E-002
   24.9757516694946      -5.367454575506228E-003 -2.500649389168525E-002
   25.7686326748754      -1.581072755737124E-003  1.859823559190637E-002
   26.5615136802562       5.957405977778669E-003 -1.228706877493864E-002
   27.3543946856370      -7.850471680374164E-003  6.520228598375693E-003
   28.1472756910178       7.676947319482426E-003 -1.725102920255740E-003
   28.9401566963986      -6.028120551948862E-003 -1.771051941509015E-003
   29.7330377017793       3.554939924447251E-003  3.806703503349389E-003
   30.5259187071601      -8.806371297292711E-004 -4.410376890959748E-003
   31.3187997125409      -1.466481272659265E-003  3.785447000931298E-003
   32.1116807179217       3.100139731076584E-003 -2.266969252706831E-003
   32.9045617233025      -3.800862624279661E-003  2.633248522919669E-004
   33.6974427286833       3.517728896643779E-003  1.805912637551654E-003
   34.4903237340640      -2.349308353170756E-003 -3.566578560662867E-003
   35.2832047394448       5.086701035744058E-004  4.734169321963176E-003
   36.0760857448256       1.720757372157798E-003 -5.141594356605592E-003
   36.8689667502064      -4.030886775115966E-003  4.748668961375878E-003
   37.6618477555872       6.129288998679094E-003 -3.633206422426125E-003
   38.4547287609680      -7.770000292568990E-003  1.964500538458346E-003
   39.2476097663487       8.776040089260674E-003  3.799404630438454E-005
   40.0404907717295      -9.059984291194397E-003 -2.151615656821964E-003
   40.8333717771103       8.645630234853889E-003  4.183774563740534E-003
   41.6262527824911      -7.676011587515185E-003 -5.971459216919790E-003
   42.4191337878719       6.377255748364450E-003  7.353750143357342E-003
   43.2120147932526      -4.971447234076185E-003 -8.164379644770551E-003
   44.0048957986334       3.592953288785961E-003  8.285008119888762E-003
   44.7977768040142      -2.281969689582028E-003 -7.725472529507181E-003
   45.5906578093950       1.054221861680738E-003  6.645252055384651E-003
   46.3835388147758       3.560306744282332E-005 -5.285141193405716E-003
   47.1764198201566      -8.979380821625596E-004  3.870223140278162E-003
   47.9693008255373       1.458075170993767E-003 -2.556155242638301E-003
   48.7621818309181      -1.695494704020644E-003  1.429977245541921E-003
   49.5550628362989       1.647754288571371E-003 -5.331810696921983E-004
   50.3479438416797      -1.390316371800638E-003 -1.202104655989634E-004
   51.1408248470605       1.011895471203132E-003  5.360857840141994E-004
   51.9337058524412      -5.958497534932850E-004 -7.376023689738859E-004
   52.7265868578220       2.093335069623926E-004  7.622344002363675E-004
   53.5194678632028       1.014833617014547E-004 -6.569000728609318E-004
   54.3123488685836      -3.120296748838885E-004  4.718654366031940E-004
   55.1052298739644       4.171492605189720E-004 -2.547300259942094E-004
   55.8981108793452      -4.271260251743128E-004  4.555386498884545E-005
   56.6909918847259       3.627709014347488E-004  1.262847833577945E-004
   57.4838728901067      -2.503295971467873E-004 -2.433453199279988E-004
   58.2767538954875       1.168456990127265E-004  2.996650244055301E-004
   59.0696349008683       1.355884509075820E-005 -2.989655602809720E-004
   59.8625159062491      -1.222251921139138E-004  2.520139030503455E-004
   60.6553969116299       1.972600924180247E-004 -1.736432953523863E-004
   61.4482779170106      -2.337077273298215E-004  7.988949917366764E-005
   62.2411589223914       2.328158592437431E-004  1.439894045653031E-005
   63.0340399277722      -2.006741249186606E-004 -9.724385377837895E-005
   63.8269209331530       1.464981521417049E-004  1.604277976453256E-004
   64.6198019385338      -8.080187437403486E-005 -1.996602923178038E-004
   65.4126829439146       1.368226386515714E-005  2.142187434943565E-004
   66.2055639492953       4.655340583345149E-005 -2.063104456647322E-004
   66.9984449546761      -9.420863226828301E-005  1.803325249682396E-004
   67.7913259600569       1.263770847605113E-004 -1.420754916733579E-004
   68.5842069654377      -1.425932519623494E-004  9.785120377826830E-005
   69.3770879708185       1.442217537434641E-004 -5.359427471243724E-005
   70.1699689761992      -1.338389953590787E-004  1.409940599460252E-005
   70.9628499815800       1.147156049658665E-004  1.742942656922703E-005
   71.7557309869608      -9.038046205330504E-005 -3.945782006552383E-005
   72.5486119923416       6.422719586470601E-005  5.190769184590691E-005
   73.3414929977224      -3.917302553310541E-005 -5.579307088282983E-005
   74.1343740031032       1.741516249323623E-005  5.282265606135139E-005
   74.9272550084840      -3.192194706301979E-007 -4.503471320682755E-005
   75.7201360138647      -1.156122943375444E-005  3.449249480086406E-005
   76.5130170192455       1.836424721049353E-005 -2.305211066854444E-005
   77.3058980246263      -2.074030612433975E-005  1.220805918112276E-005
   78.0987790300071       1.965387522763357E-005 -3.015440571341521E-006
   78.8916600353879      -1.619649631934517E-005 -3.919353423792067E-006
   79.6845410407687       1.143153676052943E-005  8.393972381910716E-006
   80.4774220461494      -6.281079267834799E-006 -1.052955767273701E-005
   81.2703030515302       1.457292365299748E-006  1.067291535762084E-005
   82.0631840569110       2.565456114703600E-006 -9.298066839393317E-006
   82.8560650622918      -5.545183169743149E-006  6.920385326025534E-006
   83.6489460676726       7.442079132477966E-006 -4.032257647736245E-006
   84.4418270730533      -8.370625988540104E-006  1.064033400356451E-006
   85.2347080784341       8.538897132025961E-006  1.632798896917192E-006
   86.0275890838149      -8.180445868595782E-006 -3.791319482693891E-006
   86.8204700891957       7.491329037183742E-006  5.239187931167331E-006
   87.6133510945765      -6.594841717771115E-006 -5.919719406464316E-006
   88.4062320999573       5.553270656350806E-006  5.907871834985791E-006
   89.1991131053380      -4.416647317969349E-006 -5.389699843534318E-006
   89.9919941107188       3.264285498261702E-006  4.595209758247240E-006
   90.7848751160996      -2.200718115601875E-006 -3.720082033473645E-006
   91.5777561214804       1.315986952237430E-006  2.885591056756972E-006
   92.3706371268612      -6.530199352541174E-007 -2.147757389255641E-006
   93.1635181322419       2.062371495634347E-007  1.526404157464632E-006
   93.9563991376227       5.939474554199094E-008 -1.025673910022561E-006
   94.7492801430035      -1.889225616707515E-007  6.412674061513042E-007
   95.5421611483843       2.259157137012360E-007 -3.622330736790474E-007
   96.3350421537651      -2.073447914808167E-007  1.727838770711690E-007
   97.1279231591459       1.617125765943570E-007 -5.480256505394981E-008
   97.9208041645266      -1.088857417425673E-007 -9.826192567160011E-009
   98.7136851699074       6.101367612280359E-008  3.753928553742686E-008
   99.5065661752882      -2.408354498158344E-008 -4.210475005950208E-008
   100.299447180669      -3.146741131787432E-010  3.420140934372969E-008
   101.092328186050       1.333616473034793E-008 -2.143781214596609E-008
   101.885209191431      -1.752657391922090E-008  8.681237508095813E-009
   102.678090196811       1.583204287866205E-008  1.429855472588558E-009
   103.470971202192      -1.096316544094095E-008 -7.904031985284207E-009
   104.263852207573       5.058160224588679E-009  1.083590113516433E-008
   105.056733212954       4.281357179046578E-010 -1.092611374739501E-008
   105.849614218334      -4.684400519711335E-009  9.112888077299564E-009
   106.642495223715       7.418003362351399E-009 -6.320878251561046E-009
   107.435376229096      -8.696830300688246E-009  3.315353167211770E-009
   108.228257234477       8.794157608657092E-009 -6.389881183535862E-010
   109.021138239858      -8.059968878425848E-009 -1.395065571329615E-009
   109.814019245238       6.831952863903442E-009  2.676850696427561E-009
   110.606900250619      -5.389600473485223E-009 -3.254587630592345E-009
   111.399781256000       3.943130943122773E-009  3.278045351491566E-009
   112.192662261381      -2.639615156698572E-009 -2.937581599926062E-009
   112.985543266762       1.570093354680660E-009  2.411836475204041E-009
   113.778424272142      -7.734229717867469E-010 -1.836998497255301E-009
   114.571305277523       2.424271657297996E-010  1.300059465052888E-009
   115.364186282904       6.331621180697544E-011 -8.471382663117415E-010
   116.157067288285      -2.006054696808795E-010  4.957416689572863E-010
   116.949948293665       2.274319019024191E-010 -2.449737635385224E-010
   117.742829299046      -1.931561616405453E-010  8.283411964767877E-011
   118.535710304427       1.343159697947060E-010  8.439967410807953E-012
   119.328591309808      -7.447497080825516E-011 -4.830044001816546E-011
   120.121472315189       2.627887294387813E-011  5.493130122456821E-011
   120.914353320569       5.657429761704114E-012 -4.341365045492518E-011
   121.707234325950      -2.187642051802369E-011  2.492429374765883E-011
   122.500115331331       2.565891697942583E-011 -6.749696588497356E-012
   123.292996336712      -2.123117562277026E-011 -7.166297994110871E-012
   124.085877342092       1.260235841591730E-011  1.541276393091018E-011
   124.878758347473      -2.941974975470904E-012 -1.825617842281956E-011
   125.671639352854      -5.635114268763683E-012  1.688283872504202E-011
   126.464520358235       1.201414047811994E-011 -1.281382410963335E-011
   127.257401363616      -1.587728576631831E-011  7.511970822663930E-012
   128.050282368996       1.744490425351978E-011 -2.162621673271893E-012
   128.843163374377      -1.722416695518578E-011 -2.411231828145781E-012
   129.636044379758       1.580271304481237E-011  5.745997164747565E-012
   130.428925385139      -1.370664839987295E-011 -7.689097171593214E-012
   131.221806390520       1.132987195606025E-011  8.334106616384003E-012
   132.014687395900      -8.929770476791702E-012 -7.949802756067832E-012
   132.807568401281       6.667731314434898E-012  6.899630127844516E-012
   133.600449406662      -4.657226183438886E-012 -5.551483198527343E-012
   134.393330412043       2.985457147988919E-012  4.197125721969007E-012
   135.186211417423      -1.703700473116647E-012 -3.011044205536267E-012
   135.979092422804       8.111088865560156E-013  2.059587505712542E-012
   136.771973428185      -2.565317488691516E-013 -1.340211681959293E-012
   137.564854433566      -4.041340621663079E-014  8.205652635772545E-013
   138.357735438947       1.640380266224208E-013 -4.617261530162122E-013
   139.150616444327      -1.855215436722500E-013  2.271544488021829E-013
   139.943497449708       1.565744541525888E-013 -8.480633812069370E-014
   140.736378455089      -1.103202259138970E-013  7.468006021006179E-015
   141.529259460470       6.527429797221548E-014  2.706020205936882E-014
   142.322140465850      -2.983573924199649E-014 -3.590346119390403E-014
   143.115021471231       6.146826808179199E-015  3.138306964973647E-014
   143.907902476612       7.011013501697721E-015 -2.163963740405504E-014
   144.700783481993      -1.225474389210562E-014  1.147994597999753E-014
   145.493664487374       1.240615318024429E-014 -3.281114165542295E-015
   146.286545492754      -9.869714485099559E-015 -2.181364616592743E-015
   147.079426498135       6.396662951168764E-015  5.059430886328406E-015
   147.872307503516      -3.082106990586750E-015 -5.938540932311994E-015
   148.665188508897       4.803684858630443E-016  5.514106818321930E-015
   149.458069514277       1.239291227665204E-015 -4.408121541674737E-015
   150.250950519658      -2.143172124547978E-015  3.088547545015885E-015
   151.043831525039       2.412785777436211E-015 -1.855496972282614E-015
   151.836712530420      -2.260521113741111E-015  8.643925156179067E-016
   152.629593535801       1.878788290926545E-015 -1.641990046405074E-016
   153.422474541181      -1.415760351367445E-015 -2.633886836477263E-016
   154.215355546562       9.697311070518097E-016  4.712656584997886E-016
   155.008236551943      -5.946863402836526E-016 -5.233139922158980E-016
   155.801117557324       3.110297462244232E-016  4.795320438849616E-016
   156.593998562705      -1.171470113339765E-016 -3.882980386689663E-016
   157.386879568085      -6.639660361116186E-019  2.838653376433291E-016
   158.179760573466       6.083552943654674E-017 -1.872445581199689E-016
   158.972641578847      -8.173586331529492E-017  1.088515247737621E-016
   159.765522584228       7.900831782932015E-017 -5.167903676917214E-017
   160.558403589608      -6.449699410796104E-017  1.421145542527663E-017
   161.351284594989       4.622347524643096E-017  7.285745152858249E-018
   162.144165600370      -2.895349326223084E-017 -1.718319603035237E-017
   162.937046605751       1.500101746322724E-017  1.953530371197933E-017
   163.729927611132      -5.035896599528497E-018 -1.761592005677122E-017
   164.522808616512      -1.233295037491882E-018  1.378868768432893E-017
   165.315689621893       4.550264352551370E-018 -9.577201510873962E-018
   166.108570627274      -5.774110117851459E-018  5.831173320025961E-018
   166.901451632655       5.686059771539406E-018 -2.917857416383536E-018
   167.694332638036      -4.901889049274708E-018  8.969994497257090E-019
   168.487213643416       3.853265364029123E-018  3.402339926845172E-019
   169.280094648797      -2.807813760231435E-018 -9.729208493454856E-019
   170.072975654178       1.905975723033276E-018  1.188551014996073E-018
   170.865856659559      -1.200533905720231E-018 -1.149723674005173E-018
   171.658737664939       6.909913548632270E-019  9.807293583260608E-019
   172.451618670320      -3.495805464198353E-019 -7.664947129142422E-019
   173.244499675701       1.386785113865250E-019  5.581708192983575E-019
   174.037380681082      -2.106050660486211E-020 -3.814015527893340E-019
   174.830261686463      -3.500031882897497E-020  2.447261619150289E-019
   175.623142691843       5.393486380213555E-020 -1.466724242591077E-019
   176.416023697224      -5.299357450567035E-020  8.096312705077785E-020
   177.208904702605       4.333689116215796E-020 -3.987631900293191E-020
   178.001785707986      -3.148534170677139E-020  1.612860643497684E-020
   178.794666713366       2.074379262000049E-020 -3.731489841187490E-021
   179.587547718747      -1.239375349588883E-020 -1.787688201653242E-021
   180.380428724128       6.582520370211252E-021  3.509313478103388E-021
   181.173309729509      -2.922875763430938E-021 -3.394013641842354E-021
   181.966190734890       8.576504080789589E-022  2.584960534224075E-021
   182.759071740270       1.460788948925869E-022 -1.677031549240771E-021
   183.551952745651      -5.142183228097268E-022  9.276577304664605E-022
   184.344833751032       5.479672039503059E-022 -4.066836983134115E-022
   185.137714756413      -4.386034934151342E-022  9.383416317986123E-023
   185.930595761794       2.941473184407742E-022  6.365779246700603E-023
   186.723476767174      -1.664558908167113E-022 -1.208986208670383E-022
   187.516357772555       7.352580588610644E-023  1.224296996548822E-022
   188.309238777936      -1.554474285694096E-023 -9.903664507213391E-023
   189.102119783317      -1.480171334847796E-023  6.924752824389652E-023
   189.895000788697       2.647485482512572E-023 -4.249371255782895E-023
   190.687881794078      -2.727423607589811E-023  2.232964326169549E-023
   191.480762799459       2.288344328886887E-023 -9.021540623095618E-024
   192.273643804840      -1.689652946481375E-023  1.338479174567940E-024
   193.066524810221       1.125737181166470E-023  2.364471139358666E-024
   193.859405815601      -6.786807595772011E-024 -3.589441593971327E-024
   194.652286820982       3.640716426382598E-024  3.480366064319954E-024
   195.445167826363      -1.645509224356066E-024 -2.799695942515168E-024
   196.238048831744       5.124648214010649E-025  1.993532501033273E-024
   197.030929837124       4.419436294132101E-026 -1.282332324342700E-024
   197.823810842505      -2.552930979944682E-025  7.448143508775479E-025
   198.616691847886       2.842141673482836E-025 -3.823856570585461E-025
   199.409572853267      -2.343049956603075E-025  1.624134299780262E-025
   200.202453858648       1.635785976999775E-025 -4.376069296713585E-026
   200.995334864028      -9.974711723172026E-026 -1.044166370263038E-026
   201.788215869409       5.249016928956071E-026  2.809759234511622E-026
   202.581096874790      -2.215477321399771E-026 -2.787822731214615E-026
   203.373977880171       5.235448317267900E-027  2.091905000134474E-026
   204.166858885551       2.586946136713849E-027 -1.302446635449949E-026
   204.959739890932      -5.035455930974792E-027  6.651528390713476E-027
   205.752620896313       4.789017530825740E-027 -2.405158125688748E-027
   206.545501901694      -3.522663033840135E-027  2.862406219120577E-029
   207.338382907075       2.139235022082134E-027  1.016325719619943E-027
   208.131263912455      -1.030289756349502E-027 -1.257207018439961E-027
   208.924144917836       2.932286507554430E-028  1.096793908017481E-027
   209.717025923217       1.160804430351231E-028 -7.953746217765262E-028
   210.509906928598      -2.899889339849454E-028  4.955771544435371E-028
   211.302787933979       3.202454059806170E-028 -2.588864775795794E-028
   212.095668939359      -2.780295168719603E-028  9.881623487492976E-029
   212.888549944740       2.101987319570403E-028 -5.362825688148703E-030
   213.681430950121      -1.430429141235692E-028 -3.953700358771671E-029
   214.474311955502       8.833392011297303E-029  5.368593350016062E-029
   215.267192960882      -4.901983973105343E-029 -5.111286730365286E-029
   216.060073966263       2.354235759493245E-029  4.134915147098491E-029
   216.852954971644      -8.648280839372542E-030 -3.004457554785473E-029
   217.645835977025       9.631370095306775E-031  2.002515360447496E-029
   218.438716982406       2.297038406399480E-030 -1.232044651875635E-029
   219.231597987786      -3.133190720907850E-030  6.968097572070664E-030
   220.024478993167       2.833691774337985E-030 -3.560490033678533E-030
   220.817359998548      -2.142811722202869E-030  1.570814267920760E-030
   221.610241003929       1.436890200916093E-030 -5.185678110971565E-031
   222.403122009309      -8.688661968817192E-031  3.245834545043518E-032
   223.196003014690       4.713025379761089E-031  1.435358443297010E-031
   223.988884020071      -2.220999605874858E-031 -1.696710229874732E-031
   224.781765025452       8.196484147150074E-032  1.369325006279984E-031
   225.574646030833      -1.290925931698481E-032 -9.124886232351452E-032
   226.367527036213      -1.465270733172681E-032  5.201393695027470E-032
   227.160408041594       2.083779106161330E-032 -2.464826776086266E-032
   227.953289046975      -1.785135334409747E-032  8.281400281091598E-033
   228.746170052356       1.226073315332988E-032  3.234129798290005E-035
   229.539051057737      -7.072937579756526E-033 -3.303456732517843E-033
   230.331932063117       3.296364867056278E-033  3.857223167662229E-033
   231.124813068498      -9.693119229292301E-034 -3.216966878594907E-033
   231.917694073879      -2.381533138494647E-034  2.247504203386279E-033
   232.710575079260       7.162090090131442E-034 -1.361952575329530E-033
   233.503456084640      -7.865429233986694E-034  7.044626389332979E-034
   234.296337090021       6.698966692862568E-034 -2.817813856906738E-034
   235.089218095402      -4.971228058312729E-034  4.521556558787131E-035
   235.882099100783       3.340942428583763E-034  6.505614599090303E-035
   236.674980106164      -2.061536889001291E-034 -1.001906983062810E-034
   237.467861111544       1.168002442556901E-034  9.682153284460303E-035
   238.260742116925      -5.991165160515470E-035 -7.792210144608693E-035
   239.053623122306       2.670361047242526E-035  5.610493364917978E-035
   239.846504127687      -9.080632199746340E-036 -3.715584584935481E-035
   240.639385133067       8.322563146412581E-037  2.289642849126075E-035
   241.432266138448       2.277994531307516E-036 -1.316659600059054E-035
   242.225147143829      -2.878011406744097E-036  7.034764001331928E-036
   243.018028149210       2.454040110252110E-036 -3.443404833253623E-036
   243.810909154591      -1.760934705204211E-036  1.493089441939282E-036
   244.603790159971       1.126750863484696E-036 -5.230989596285783E-037
   245.396671165352      -6.547918580042604E-037  9.483828378830991E-038
   246.189552170733       3.453426344790240E-037  5.933657846759466E-038
   246.982433176114      -1.620273196674318E-037 -9.009711170907192E-038
   247.775314181495       6.366634258520556E-038  7.507580766496502E-038
   248.568195186875      -1.668422834732001E-038 -4.996833094341675E-038
   249.361076192256      -2.213673021438605E-039  2.844394350219549E-038
   250.153957197637       7.431820159049934E-039 -1.381964809622322E-038
   250.946838203018      -7.000180682631811E-039  5.316329250931003E-039
   251.739719208398       4.912219167634708E-039 -1.066458308197895E-039
   252.532600213779      -2.864275616779011E-039 -6.559533365335740E-040
   253.325481219160       1.385380107441831E-039  1.080117194657124E-039
   254.118362224541      -4.942125248143808E-040 -9.528246129736472E-040
   254.911243229922       4.039994732300023E-041  6.679342140926436E-040
   255.704124235302       1.418971105479548E-040 -3.999633739443014E-040
   256.497005240683      -1.801289133886576E-040  2.047597514174425E-040
   257.289886246064       1.556771548974584E-040 -8.354394808174378E-041
   258.082767251445      -1.132460903739554E-040  1.842623261820956E-041
   258.875648256826       7.346676927814324E-041  1.066714995946154E-041
   259.668529262206      -4.333623510149500E-041 -1.962908752340419E-041
   260.461410267587       2.326157659589529E-041  1.900220158113986E-041
   261.254291272968      -1.116217526865261E-041 -1.488375743872448E-041
   262.047172278349       4.529266549259921E-042  1.032420992131899E-041
   262.840053283729      -1.264298691800068E-042 -6.555643079018712E-042
   263.632934289110      -1.157770420191728E-043  3.863056948927289E-042
   264.425815294491       5.456927020742207E-043 -2.120319922240522E-042
   265.218696299872      -5.595143761178020E-043  1.079159672149836E-042
   266.011577305253       4.326281130120724E-043 -5.015301789210594E-043
   266.804458310633      -2.894594330740194E-043  2.048890244670714E-043
   267.597339316014       1.748715302921316E-043 -6.591906292558401E-044
   268.390220321395      -9.676320121262572E-044  8.698790116979096E-045
   269.183101326776       4.900004925655229E-044  9.890235009988858E-045
   269.975982332156      -2.233622101719514E-044 -1.243194293294153E-044
   270.768863337537       8.739629149425847E-045  9.697484386777568E-045
   271.561744342918      -2.505814593786538E-045 -6.204464530084449E-045
   272.354625348299       5.449804607760706E-047  3.458886691144056E-045
   273.147506353680       6.513056504283551E-046 -1.690625945524835E-045
   273.940387359060      -6.663233539234865E-046  6.976253099311943E-046
   274.733268364441       4.807478159489928E-046 -2.074613508303122E-046
   275.526149369822      -2.900445831246464E-046  1.723065068891801E-048
   276.319030375203       1.516586261686493E-046  6.232074140107927E-047
   277.111911380583      -6.752985689414141E-047 -6.598861628021894E-047
   277.904792385964       2.304458582775712E-047  5.014430170194697E-047
   278.697673391345      -2.844191728493829E-048 -3.243553214620446E-047
   279.490554396726      -4.381472933249824E-048  1.874658676383647E-047
   280.283435402107       5.614471893733098E-048 -9.819321019046498E-048
   281.076316407487      -4.622009835845425E-048  4.635335055059013E-048
   281.869197412868       3.170974784176971E-048 -1.911191863539255E-048
   282.662078418249      -1.938345093511288E-048  6.216459888671858E-049
   283.454959423630       1.082287269144255E-048 -8.848491821067471E-050
   284.247840429011      -5.566642595150194E-049 -8.536853357658697E-050
   285.040721434391       2.631387689571136E-049  1.100938063804792E-049
   285.833602439772      -1.125946170594822E-049 -8.603547328023372E-050
   286.626483445153       4.184968845016900E-050  5.506532028299049E-050
   287.419364450534      -1.191444656103744E-050 -3.092483800631880E-050
   288.212245455914       1.051696339990084E-051  1.553973364567392E-050
   289.005126461295       1.828437566391715E-051 -6.953425393128287E-051
   289.798007466676      -1.884456373275300E-051  2.678739109009620E-051
   290.590888472057       1.252538637449824E-051 -7.948131295392555E-052
   291.383769477438      -6.683118481710576E-052  9.024219427267237E-053
   292.176650482818       2.935105953373756E-052  1.023621714504168E-052
   292.969531488199      -9.787148886557811E-053 -1.093127925640710E-052
   293.762412493580       1.393291268684781E-053  7.017716162742950E-053
   294.555293498961       1.276321565839822E-053 -3.397934596857372E-053
   295.348174504342      -1.538439369223023E-053  1.157222688599970E-053
   296.141055509722       1.066610654170982E-053 -8.317559226749552E-055
   296.933936515103      -5.528035829820453E-054 -2.868853691928174E-054
   297.726817520484       2.001715735651542E-054  3.214853243549683E-054
   298.519698525865      -1.267939512081159E-055 -2.389315512499322E-054
   299.312579531245      -6.226796323219911E-055  1.429269423412629E-054
   300.105460536626       7.642215766028878E-055 -7.021324309327643E-055
   300.898341542007      -6.486153843940339E-055  2.576786802761687E-055
   301.691222547388       4.671959793060332E-055 -3.148130791123230E-056
   302.484103552769      -3.036953702747493E-055 -5.865759726544674E-056
   303.276984558149       1.828492961967795E-055  7.754691506066414E-056
   304.069865563530      -1.031033060748762E-055 -6.641634078872561E-056
   304.862746568911       5.455243823944422E-056  4.741410174570272E-056
   305.655627574292      -2.693999360791176E-056 -3.024382815103297E-056
   306.448508579672       1.225600791415877E-056  1.775892059097380E-056
   307.241389585053      -5.003067071483790E-057 -9.741687113444450E-057
   308.034270590434       1.722085396429231E-057  5.023971730953944E-057
   308.827151595815      -4.012856494562952E-058 -2.436764012789537E-057
   309.620032601196      -3.872735541638038E-059  1.105625172057308E-057
   310.412913606576       1.295095437310850E-058 -4.630015055323698E-058
   311.205794611957      -1.081744639331512E-058  1.737141211985506E-058
   311.998675617338       6.719913459718718E-059 -5.420015969717435E-059
   312.791556622719      -3.502939322556934E-059  1.051582000151963E-059
   313.584437628099       1.559964614190213E-059  2.275325484159953E-060
   314.377318633480      -5.676651299214372E-060 -4.092304523943678E-060
   315.170199638861       1.353432190498235E-060  2.934249748987454E-060
   315.963080644242       1.634561948416587E-061 -1.554863479559326E-060
   316.755961649623      -4.828159898380853E-061  6.326165710536447E-061
   317.548842655003       3.968810606140901E-061 -1.560022681574248E-061
   318.341723660384      -2.370765557119227E-061 -3.696414604941636E-062
   319.134604665765       1.115916891403734E-061  8.620043186380349E-062
   319.927485671146      -3.699497698695886E-062 -7.755649052485886E-062
   320.720366676527       1.023794250787415E-063  5.384494957110644E-062
   321.513247681907       1.211803409592625E-062 -3.221929867481588E-062
   322.306128687288      -1.409198858235002E-062  1.720675903280108E-062
   323.099009692669       1.173461647715169E-062 -8.295070537918015E-063
   323.891890698050      -8.407289944378736E-063  3.619713836391107E-063
   324.684771703430       5.462257915616539E-063 -1.433591106543568E-063
   325.477652708811      -3.274274526565789E-063  5.175106821969943E-064
   326.270533714192       1.818233612054997E-063 -1.657323170780723E-064
   327.063414719573      -9.364240225638897E-064  3.642446587943706E-065
   327.856295724954       4.488116785265978E-064  8.896215983315249E-066
   328.649176730334      -2.013046082624733E-064 -2.060148307082522E-065
   329.442057735715       8.479088555312457E-065  1.880395351203826E-065
   330.234938741096      -3.339996272803226E-065 -1.310044743031665E-065
   331.027819746477       1.209305680393841E-065  7.782710202360767E-066
   331.820700751857      -3.858151550143182E-066 -4.104214535030400E-066
   332.613581757238       9.634690168329144E-067  1.949129087909254E-066
   333.406462762619      -9.115167756976105E-068 -8.310539761651974E-067
   334.199343768000      -9.448712947246110E-068  3.102614927790475E-067
   334.992224773381       8.790019967459114E-068 -9.389240528611444E-068
   335.785105778761      -5.015886399028740E-068  1.641463174237991E-068
   336.577986784142       2.208360441151283E-068  4.966188241621189E-069
   337.370867789523      -7.251497769558497E-069 -7.200633731165076E-069
   338.163748794904       1.057087586724390E-069  4.758833918065858E-069
   338.956629800285       8.367972662310665E-070 -2.310323743531595E-069
   339.749510805665      -1.018478449900555E-069  8.147601905531443E-070
   340.542391811046       7.155073482515693E-070 -1.120571078496455E-070
   341.335272816427      -3.949638490771327E-070 -1.333337400880338E-070
   342.128153821808       1.780553797669257E-070  1.698376003364938E-070
   342.921034827188      -6.013473737258977E-071 -1.344590887041201E-070
   343.713915832569       7.071186062423493E-072  8.819764695236530E-071
   344.506796837950       1.124089618610829E-071 -5.166067992913882E-071
   345.299677843331      -1.396334407559743E-071  2.789346224624016E-071
   346.092558848712       1.121560113839021E-071 -1.412968433424758E-071
   346.885439854092      -7.520766334148079E-072  6.791362693414944E-072
   347.678320859473       4.493768162458020E-072 -3.113560856450042E-072
   348.471201864854      -2.452372458123022E-072  1.354639663439542E-072
   349.264082870235       1.237470392795502E-072 -5.473295216232310E-073
   350.056963875615      -5.824094076694464E-073  1.957046908211264E-073
   350.849844880996       2.574373388328592E-073 -5.506777966379294E-074
   351.642725886377      -1.072340497737995E-073  6.573521538766295E-075
   352.435606891758       4.194249380195590E-074  5.696064970694347E-075
   353.228487897139      -1.516941389821869E-074 -6.111219880260362E-075
   354.021368902519       4.883790648773745E-075  3.967168031333793E-075
   354.814249907900      -1.261431150956107E-075 -2.090141058257546E-075
   355.607130913281       1.518534627846784E-076  9.520778182074532E-076
   356.400011918662       9.959258761903150E-077 -3.770667257464799E-076
   357.192892924042      -1.043776944800667E-076  1.242819530606182E-076
   357.985773929423       6.376065857811807E-077 -2.813396524819417E-077
   358.778654934804      -3.089333687825034E-077 -1.534898933516785E-078
   359.571535940185       1.234895194150618E-077  6.994309138900339E-078
   360.364416945566      -3.779227692213468E-078 -5.558147989689670E-078
   361.157297950946       5.005698060071165E-079  3.236185879468158E-078
   361.950178956327       4.347742853172142E-079 -1.574362268693225E-078
   362.743059961708      -5.128213574019750E-079  6.512382891650501E-079
   363.535940967089       3.660124862745371E-079 -2.165017595651728E-079
   364.328821972470      -2.150419522501315E-079  4.214590051834193E-080
   365.121702977850       1.120078521342431E-079  1.331730100832974E-080
   365.914583983231      -5.313182607207831E-080 -2.258700098252553E-080
   366.707464988612       2.316200951227988E-080  1.787351318909271E-080
   367.500345993993      -9.261667624819392E-081 -1.128274416089058E-080
   368.293226999373       3.347600883306791E-081  6.277901276748436E-081
   369.086108004754      -1.048225014788358E-081 -3.186652892603283E-081
   369.878989010135       2.461275669315549E-082  1.495546975731559E-081
   370.671870015516      -8.811002085747004E-084 -6.517204803108397E-082
   371.464751020897      -3.878501320021129E-083  2.634132675181636E-082
   372.257632026277       3.380793073219332E-083 -9.808503695667452E-083
   373.050513031658      -2.061850802294725E-083  3.307445572034938E-083
   373.843394037039       1.059223455452517E-083 -9.672610734836518E-084
   374.636275042420      -4.806144394474614E-084  2.144191065260290E-084
   375.429156047801       1.946071783117100E-084 -1.180645475652411E-085
   376.222037053181      -6.940985573778792E-085 -2.349314055149372E-085
   377.014918058562       2.072717227774304E-085  1.869848173344037E-085
   377.807799063943      -4.299188729080006E-086 -9.861526763066674E-086
   378.600680069324      -1.365053536232991E-087  4.192115549139929E-086
   379.393561074704       7.863654899379263E-087 -1.459709008082911E-086
   380.186442080085      -5.509150093689088E-087  3.756217998060323E-087
   380.979323085466       2.721836902523163E-087 -2.903746048641081E-088
   381.772204090847      -1.061384936358666E-087 -4.433938848003312E-088
   382.565085096228       3.070241449199951E-088  3.890558053972384E-088
   383.357966101608      -3.517501005958144E-089 -2.161591184008127E-088
   384.150847106989      -3.307991713527073E-089  9.345709919355803E-089
   384.943728112370       3.390841288364120E-089 -3.088432719981436E-089
   385.736609117751      -2.088732903981637E-089  5.553340332939561E-090
   386.529490123131       1.012019634357908E-089  2.097239305519746E-090
   387.322371128512      -3.968753888934738E-090 -3.040285208082824E-090
   388.115252133893       1.131658511862844E-090  2.164776911271049E-090
   388.908133139274      -7.236312816871604E-092 -1.204604975988281E-090
   389.701014144655      -2.043227130893491E-091  5.688102688381928E-091
   390.493895150035       2.035648984383333E-091 -2.298272115983307E-091
   391.286776155416      -1.378648332461049E-091  7.547749783249947E-092
   392.079657160797       7.843020164306564E-092 -1.563733512435135E-092
   392.872538166178      -3.968617125059191E-092 -2.752809096424786E-093
   393.665419171558       1.818938876349973E-092  5.795393931569602E-093
   394.458300176939      -7.545186818229770E-093 -4.491798923820418E-093
   395.251181182320       2.778437290076530E-093  2.706109250931121E-093
   396.044062187701      -8.577083996671850E-094 -1.423414199251479E-093
   396.836943193082       1.796030434680404E-094  6.786662627912502E-094
   397.629824198462       1.408218742356833E-095 -2.965866925790041E-094
   398.422705203843      -4.509566557385916E-095  1.182646243085793E-094
   399.215586209224       3.416802449173186E-095 -4.206688974417539E-095
   400.008467214605      -1.946386658754293E-095  1.252715062956444E-095
   400.801348219986       9.507937532912679E-096 -2.453779910667671E-096
   401.594229225366      -4.127190710384700E-096 -3.074899497940218E-097
   402.387110230747       1.593220188308668E-096  6.974665837231079E-097
   403.179991236128      -5.291580525437150E-097 -5.064930910425287E-097
   403.972872241509       1.337960804214897E-097  2.805509046339077E-097
   404.765753246890      -9.942587917793517E-099 -1.331029398146267E-097
   405.558634252270      -1.715976055935562E-098  5.558546840708212E-098
   406.351515257651       1.603319226098715E-098 -2.016600598680788E-098
   407.144396263032      -9.975128870115302E-099  5.891953266551252E-099
   407.937277268413       5.194868892537752E-099 -9.388969836759162E-100
   408.730158273793      -2.399137157177678E-099 -3.933947365492137E-100
   409.523039279174       9.971130335717415E-100  5.309206411885437E-100
   410.315920284555      -3.691194993256313E-100 -3.801069419351297E-100
   411.108801289936       1.162445887348264E-100  2.229358086626483E-100
   411.901682295317      -2.655634725173137E-101 -1.177241562447512E-100
   412.694563300697       4.698445434667551E-103  5.806579183200170E-101
   413.487444306078       4.172368159904692E-102 -2.714896144786910E-101
   414.280325311459      -3.252121164203100E-102  1.204409298918104E-101
   415.073206316840       1.785034474293047E-102 -5.026925550861028E-102
   415.866087322220      -8.431825583398356E-103  1.949716811605679E-102
   416.658968327601       3.716078356801416E-103 -6.949942919578514E-103
   417.451849332982      -1.589325514804521E-103  2.257472499872325E-103
   418.244730338363       6.629884979570359E-104 -6.600111709732716E-104
   419.037611343744      -2.654705346796356E-104  1.675245798808209E-104
   419.830492349124       1.000450013756045E-104 -3.236260993750623E-105
   420.623373354505      -3.488972681073653E-105  1.457559253096842E-106
   421.416254359886       1.104183649232791E-105  2.875686095430957E-106
   422.209135365267      -3.054628949541089E-106 -2.033426280730917E-106
   423.002016370648       6.665544213377401E-107  9.627695368807757E-107
   423.794897376028      -6.627407481663737E-108 -3.695195177903597E-107
   424.587778381409      -3.629379218481335E-108  1.171006434210489E-107
   425.380659386790       3.031269972233820E-108 -2.807850464160437E-108
   426.173540392171      -1.427908744556806E-108  2.709959544685471E-109
   426.966421397551       4.961403792130866E-109  2.081177388114626E-109
   427.759302402932      -1.148920806128285E-109 -1.765517006614058E-109
   428.552183408313      -1.562386656950584E-111  8.731882130233613E-110
   429.345064413694       2.151211319277930E-110 -3.162819797004261E-110
   430.137945419075      -1.605692626523465E-110  7.199316532285834E-111
   430.930826424455       8.396219625240074E-111  7.895207217969226E-112
   431.723707429836      -3.520466323524366E-111 -2.236928978573616E-111
   432.516588435217       1.154413083354325E-111  1.767191966355319E-111
   433.309469440598      -2.168571141846709E-112 -1.064359975417916E-111
   434.102350445978      -6.973276307367274E-113  5.614616436183535E-112
   434.895231451359       1.114576297967446E-112 -2.742189830287082E-112
   435.688112456740      -8.354869267143978E-113  1.282410848451086E-112
   436.480993462121       4.901513431384924E-113 -5.857045203775845E-113
   437.273874467502      -2.462577243054825E-113  2.613549621346184E-113
   438.066755472882       1.094630275819323E-113 -1.117760472327596E-113
   438.859636478263      -4.410637530351194E-114  4.461671129272893E-114
   439.652517483644       1.656303946160697E-114 -1.628719553327058E-114
   440.445398489025      -5.958527045976058E-115  5.378519504163487E-115
   441.238279494405       2.089055873565333E-115 -1.591594106935230E-115
   442.031160499786      -7.149900005172425E-116  4.112468152957860E-116
   442.824041505167       2.365099624811464E-116 -8.497411789273820E-117
   443.616922510548      -7.439203801162905E-117  8.807014823493730E-118
   444.409803515929       2.174850506539386E-117  3.555239183278203E-118
   445.202684521309      -5.683746359652301E-118 -3.081244104218524E-118
   445.995565526690       1.210839967353155E-118  1.482928360786542E-118
   446.788446532071      -1.402309930636110E-119 -5.621232681095853E-119
   447.581327537452      -4.302713525330360E-120  1.760467070522604E-119
   448.374208542832       4.065462640336323E-120 -4.296219537309680E-120
   449.167089548213      -1.951759294907932E-120  5.467917676651789E-121
   449.959970553594       7.038275449349514E-121  1.986655715754449E-121
   450.752851558975      -1.896940462218336E-121 -2.026721879594761E-121
   451.545732564356       2.474346822910299E-122  1.075735676778288E-121
   452.338613569736       1.231044793271926E-122 -4.397239702565615E-122
   453.131494575117      -1.310213597365573E-122  1.442343838917765E-122
   453.924375580498       7.804326500375276E-123 -3.376250571515094E-123
   454.717256585879      -3.763477913485433E-123  9.781893282725007E-125
   455.510137591260       1.598508634152578E-123  5.119053361088873E-124
   456.303018596640      -6.183938011380385E-124 -4.182446709026683E-124
   457.095899602021       2.217883112439365E-124  2.398993184918832E-124
   457.888780607402      -7.449200899780639E-125 -1.163873232900588E-124
   458.681661612783       2.341697597689135E-125  5.029509640469165E-125
   459.474542618163      -6.728771563792632E-126 -1.974686600633800E-125
   460.267423623544       1.639110947742842E-126  7.115991273268129E-126
   461.060304628925      -2.577772059687574E-127 -2.369479316966972E-126
   461.853185634306      -3.237165484510163E-128  7.309912168298869E-127
   462.646066639687       5.194046276667615E-128 -2.077251105556774E-127
   463.438947645067      -2.915803837756666E-128  5.316742006683562E-128
   464.231828650448       1.229048463127232E-128 -1.153746667921143E-128
   465.024709655829      -4.326281559040893E-129  1.725133930650342E-129
   465.817590661210       1.291491947818913E-129  6.865173706695880E-131
   466.610471666591      -3.126564156520755E-130 -1.882629337746772E-130
   467.403352671971       4.955695877761524E-131  9.354705951711753E-131
   468.196233677352       3.221694045910334E-132 -3.175845593570701E-131
   468.989114682733      -6.718580288429934E-132  7.552354278450209E-132
   469.781995688114       3.326690125214030E-132 -6.455530544122231E-133
   470.574876693494      -1.076233786104110E-132 -5.508416706158343E-133
   471.367757698875       1.937800607823914E-133  4.170471075092934E-133
   472.160638704256       3.899904908336467E-134 -1.820142224772255E-133
   472.953519709637      -5.865916670799460E-134  5.402829626379643E-134
   473.746400715018       3.532204982391858E-134 -6.124629976034447E-135
   474.539281720398      -1.571088534647337E-134 -5.712553511656142E-135
   475.332162725779       5.497808552603722E-135  5.785288467473027E-135
   476.125043731160      -1.349476767410718E-135 -3.602573853747125E-135
   476.917924736541       2.966428799072220E-137  1.847530431788934E-135
   477.710805741921       2.346468158308646E-136 -8.424881910833298E-136
   478.503686747302      -1.977254855560033E-136  3.529629494060574E-136
   479.296567752683       1.180637161171811E-136 -1.383784024788899E-136
   480.089448758064      -6.005255899271657E-137  5.144568286563010E-137
   480.882329763445       2.744255203090191E-137 -1.832178635528727E-137
   481.675210768825      -1.149102962548992E-137  6.269296744368424E-138
   482.468091774206       4.446465288593992E-138 -2.037683081557367E-138
   483.260972779587      -1.599567321700767E-138  6.095327975922681E-139
   484.053853784968       5.384726299664356E-139 -1.578042812330506E-139
   484.846734790349      -1.706344601286555E-139  3.030958426734168E-140
   485.639615795729       5.098327228568476E-140 -1.117269298048782E-141
   486.432496801110      -1.426066435960360E-140 -2.694004292742905E-141
   487.225377806491       3.651496010989408E-141  1.785719754624556E-141
   488.018258811872      -8.096041782930176E-142 -8.029921997827267E-142
   488.811139817252       1.300994954713047E-142  2.982418027445873E-142
   489.604020822633       7.782818451991273E-145 -9.552996226959459E-143
   490.396901828014      -1.282531722522964E-143  2.608018406217242E-143
   491.189782833395       7.332754179356561E-144 -5.542332282012168E-144
   491.982663838776      -2.978446203960583E-144  5.234477374311648E-145
   492.775544844156       9.887577637010851E-145  3.014640013243606E-145
   493.568425849537      -2.670117767075286E-145 -2.503444206387383E-145
   494.361306854918       4.974661530560059E-146  1.240265068608888E-145
   495.154187860299       1.315312939520254E-147 -4.997372011851556E-146
   495.947068865680      -7.404711824943097E-147  1.751459366553659E-146
   496.739949871060       4.893387441216227E-147 -5.404794667994709E-147
   497.532830876441      -2.396676693892686E-147  1.432685974059243E-147
   498.325711881822       1.016906095080502E-147 -2.944666802309527E-148
   499.118592887203      -3.933429849759994E-148  2.460754322858238E-149
   499.911473892583       1.418853798993562E-148  1.741376211988746E-149
   500.704354897964      -4.825264649562931E-149 -1.363878430919185E-149
   501.497235903345       1.553174270117583E-149  6.608512529749539E-150
   502.290116908726      -4.723576975503565E-150 -2.638053936777257E-150
   503.082997914107       1.347806354773692E-150  9.343130495683883E-151
   503.875878919487      -3.564495737804714E-151 -3.032497416482337E-151
   504.668759924868       8.573939719155017E-152  9.181240634157646E-152
   505.461640930249      -1.814647086090536E-152 -2.615587650647576E-152
   506.254521935630       3.127570063406219E-153  7.013319283890745E-153
   507.047402941010      -3.221343007810632E-154 -1.755167344295066E-153
   507.840283946391      -4.452634679012661E-155  4.024947249162049E-154
   508.633164951772       3.969706834083213E-155 -8.167038820312183E-155
   509.426045957153      -1.506419258881524E-155  1.355543336414263E-155
   510.218926962534       4.289994269025810E-156 -1.382753579379661E-156
   511.011807967914      -9.864501490503894E-157 -1.365558837024625E-157
   511.804688973295       1.778767895109133E-157  1.242843581823279E-157
   512.597569978676      -2.089063498608839E-158 -4.104125383034553E-158
   513.390450984057      -2.918211157755614E-160  9.300431002338127E-159
   514.183331989437       8.778600858527003E-160 -1.467732982545907E-159
   514.976212994818      -2.224022484693437E-160  1.291450508975069E-160
   515.769094000199       2.248730153172383E-161 -6.788729993167617E-163
   516.561975005580      -3.252954952899869E-188 -1.565217144163398E-188
