  0.396440502690391       5.794480676056948E-002 -6.138257389123340E-002
   1.18932150807117      -5.597326323930667E-002 -4.866429124197433E-002
   1.98220251345196      -3.824573036600435E-002  4.329688795364294E-002
   2.77508351883274       2.800551769745995E-002  2.935096864343385E-002
   3.56796452421352       2.206061857539716E-002 -1.432981259256239E-002
   4.36084552959430      -4.382802920349457E-003 -1.561216179672645E-002
   5.15372653497509      -9.698108313592182E-003 -1.494663517811680E-003
   5.94660754035587      -3.893514587200390E-003  4.597170528128636E-003
   6.73948854573665       7.871229470237089E-004  3.791447497017277E-003
   7.53236955111743       2.277135111226518E-003  1.411330253290086E-003
   8.32525055649822       2.005064709952084E-003 -3.736554669738831E-004
   9.11813156187900       1.105303105584406E-003 -1.336819880459779E-003
   9.91101256725978       1.173739564161325E-005 -1.659559987308971E-003
   10.7038935726406      -1.145197893554054E-003 -1.367955922686714E-003
   11.4967745780213      -2.119402535794338E-003 -2.532874764819282E-004
   12.2896555834021      -2.112906971926694E-003  1.829437910378794E-003
   13.0825365887829       2.916812352386491E-004  3.903071570375268E-003
   13.8754175941637       5.134046218125854E-003  2.483457416504188E-003
   14.6682985995445       6.330821176906300E-003 -5.506841499579170E-003
   15.4611796049253      -5.050833511232849E-003 -1.098478033792125E-002
   16.2540606103060      -1.603969232010348E-002  4.197425629526534E-003
   17.0469416156868       3.650112776661550E-003  2.079140226741259E-002
   17.8398226210676       2.416714438862919E-002 -3.927413374749373E-003
   18.6327036264484      -4.823453700945100E-003 -2.510939826530074E-002
   19.4255846318292      -2.332720364611531E-002  5.437105435477585E-003
   20.2184656372100       4.951440634423316E-003  1.960841519896268E-002
   21.0113466425907       1.522610207106479E-002 -3.328735066572811E-003
   21.8042276479715      -1.193850167720571E-003 -1.111410114761588E-002
   22.5971086533523      -7.610288122332299E-003 -7.412962861895714E-004
   23.3899896587331      -2.042187489749474E-003  4.704813722598243E-003
   24.1828706641139       2.331451644330177E-003  2.572600169431945E-003
   24.9757516694946       2.388303951533791E-003 -4.907754452238514E-004
   25.7686326748754       7.553489859767619E-004 -1.656691910005996E-003
   26.5615136802562      -6.203760466732524E-004 -1.338372179341557E-003
   27.3543946856370      -1.244364738899491E-003 -4.262335524149596E-004
   28.1472756910178      -1.172095639957635E-003  5.638287586418192E-004
   28.9401566963986      -4.817755513290470E-004  1.343283647821133E-003
   29.7330377017793       7.674588186452826E-004  1.545888248214907E-003
   30.5259187071601       2.198311744227972E-003  5.680380386340662E-004
   31.3187997125409       2.485253608081018E-003 -1.996492546107567E-003
   32.1116807179217      -5.723034930468882E-004 -4.630805447787275E-003
   32.9045617233025      -6.548830229454844E-003 -2.282711540536503E-003
   33.6974427286833      -6.542939632841483E-003  7.807935512361508E-003
   34.4903237340640       8.147501272540197E-003  1.188087607834581E-002
   35.2832047394448       1.760945890093618E-002 -7.563366716305005E-003
   36.0760857448256      -6.242017527085380E-003 -2.270010489066301E-002
   36.8689667502064      -2.600326241200195E-002  4.364424941541809E-003
   37.6618477555872       1.987291705294499E-003  2.668608118576340E-002
   38.4547287609680       2.461902788339529E-002  8.188864954103078E-004
   39.2476097663487       3.728161726140015E-003 -2.038475597215081E-002
   40.0404907717295      -1.494060367107570E-002 -6.142711969040588E-003
   40.8333717771103      -7.457513661517005E-003  9.262105618385710E-003
   41.6262527824911       4.164845126026664E-003  7.359329605714940E-003
   42.4191337878719       5.951250856287497E-003 -2.492848889922368E-004
   43.2120147932526       2.135980729226441E-003 -3.690009623088218E-003
   44.0048957986334      -1.221205306261571E-003 -2.933325776788146E-003
   44.7977768040142      -2.384188910889315E-003 -8.097270943422722E-004
   45.5906578093950      -1.922316230834014E-003  9.788390113250744E-004
   46.3835388147758      -6.513675839619180E-004  1.911510234837535E-003
   47.1764198201566       8.863927300202066E-004  1.875195024029074E-003
   47.9693008255373       2.201024054845786E-003  7.659774548737493E-004
   48.7621818309181       2.479097958253811E-003 -1.379775687960583E-003
   49.5550628362989       5.542990631339122E-004 -3.642484566252842E-003
   50.3479438416797      -3.742786575590646E-003 -3.315349186856283E-003
   51.1408248470605      -6.462286122415110E-003  2.483237607224706E-003
   51.9337058524412      -1.335656478586712E-004  9.531285447744444E-003
   52.7265868578220       1.215301794863186E-002  3.764242088554379E-003
   53.5194678632028       7.741153154969285E-003 -1.408974367227146E-002
   54.3123488685836      -1.516369130824060E-002 -1.120054031816602E-002
   55.1052298739644      -1.336808033338566E-002  1.516291222610901E-002
   55.8981108793452       1.389543445187368E-002  1.389940046497500E-002
   56.6909918847259       1.300537457755559E-002 -1.141442280264867E-002
   57.4838728901067      -8.162429961706680E-003 -1.122493902350620E-002
   58.2767538954875      -9.073155443761614E-003  4.818664330094053E-003
   59.0696349008683       1.982432078521632E-003  6.873256995486438E-003
   59.8625159062491       4.799112559520207E-003  2.839614039109326E-005
   60.6553969116299       1.176632204839634E-003 -2.962582109710351E-003
   61.4482779170106      -1.447367705923290E-003 -1.599156267345723E-003
   62.2411589223914      -1.498182188704334E-003  3.039124402730813E-004
   63.0340399277722      -4.549979254253664E-004  1.071042567315365E-003
   63.8269209331530       4.799202475022367E-004  8.438561570311422E-004
   64.6198019385338       8.872504118240128E-004  1.482667245456721E-004
   65.4126829439146       7.040065989343856E-004 -6.092294499513966E-004
   66.2055639492953      -3.740787571287774E-005 -1.072618974360895E-003
   66.9984449546761      -1.119278784238375E-003 -7.788348727858095E-004
   67.7913259600569      -1.745084620088136E-003  6.896565635035889E-004
   68.5842069654377      -3.726149534467176E-004  2.708333423219514E-003
   69.3770879708185       3.470119153256775E-003  2.196209087776051E-003
   70.1699689761992       4.843411451437010E-003 -3.840163177867903E-003
   70.9628499815800      -3.727768454508975E-003 -8.253473461786103E-003
   71.7557309869608      -1.215041314091941E-002  3.224456268728143E-003
   72.5486119923416       2.575689522797605E-003  1.594201137156070E-002
   73.3414929977224       1.875226777100146E-002 -1.976538732398878E-003
   74.1343740031032      -1.346898650485855E-003 -1.974647023053098E-002
   74.9272550084840      -1.860897233454097E-002  3.996571435998164E-004
   75.7201360138647      -9.891024985095049E-004  1.572484244571081E-002
   76.5130170192455       1.188427499575371E-002  2.539230030358391E-003
   77.3058980246263       3.731575400642727E-003 -7.862244597016859E-003
   78.0987790300071      -4.227890353568761E-003 -4.153982295267799E-003
   78.8916600353879      -3.705021024759680E-003  1.356452315507175E-003
   79.6845410407687      -5.345779272687733E-004  2.587655081425959E-003
   80.4774220461494       1.189466043401611E-003  1.392668010247351E-003
   81.2703030515302       1.347210730083757E-003  6.187747732142820E-005
   82.0631840569110       8.256894680623160E-004 -6.938848557385890E-004
   82.8560650622918       1.666648198570709E-004 -9.377816118511047E-004
   83.6489460676726      -4.496102257419585E-004 -8.234164409426795E-004
   84.4418270730533      -9.573638073321956E-004 -3.880565430804970E-004
   85.2347080784341      -1.190738285647184E-003  4.235900654444064E-004
   86.0275890838149      -7.099887876296114E-004  1.537097783001391E-003
   86.8204700891957       1.071055346119301E-003  2.180116776999526E-003
   87.6133510945765       3.603207540877123E-003  4.171041455453960E-004
   88.4062320999573       2.945672134261589E-003 -4.598315803057863E-003
   89.1991131053380      -4.933879152074466E-003 -6.323285669530433E-003
   89.9919941107188      -1.012560122782100E-002  4.640932602081503E-003
   90.7848751160996       3.989207028406652E-003  1.366468602046504E-002
   91.5777561214804       1.606464053940276E-002 -3.259096944230361E-003
   92.3706371268612      -2.472865669494863E-003 -1.659678076606695E-002
   93.1635181322419      -1.513228849655737E-002  1.431599593074015E-003
   93.9563991376227       7.550596258150931E-005  1.224291295941616E-002
   94.7492801430035       8.800205216807544E-003  1.305338417673700E-003
   95.5421611483843       2.274852656699947E-003 -5.517777555229090E-003
   96.3350421537651      -2.807273281187904E-003 -2.572539145481522E-003
   97.1279231591459      -2.229550550552924E-003  8.522055447382779E-004
   97.9208041645266      -3.131243184360927E-004  1.484436009092163E-003
   98.7136851699074       6.419121889471403E-004  7.729199796294806E-004
   99.5065661752882       7.075031457127021E-004  3.960443601608222E-005
   100.299447180669       4.110403981175368E-004 -3.520450631424218E-004
   101.092328186050       5.933757800432002E-005 -4.489354321309855E-004
   101.885209191431      -2.338306316476351E-004 -3.461550829210692E-004
   102.678090196811      -4.139643704471047E-004 -9.581803572397742E-005
   103.470971202192      -3.973273059403777E-004  2.578395971997612E-004
   104.263852207573      -6.210960595109889E-005  5.683123123238181E-004
   105.056733212954       5.700598806527358E-004  4.639324042228488E-004
   105.849614218334       8.918476653222194E-004 -4.265599889722257E-004
   106.642495223715      -2.069852404238903E-004 -1.353985671826289E-003
   107.435376229096      -1.933698463271101E-003  8.486507179171964E-006
   108.228257234477      -4.695779508355778E-005  2.753879758792223E-003
   109.021138239858       3.877924202023263E-003 -1.819997309429418E-004
   109.814019245238      -7.910250257828421E-004 -5.182424900485574E-003
   110.606900250619      -6.331836683129348E-003  1.687829695346251E-003
   111.399781256000       2.516732830491400E-003  6.963186143666577E-003
   112.192662261381       6.938232532174018E-003 -2.833136766122463E-003
   112.985543266762      -2.419862468563312E-003 -6.379082849665955E-003
   113.778424272142      -5.481098142907402E-003  1.421085326231668E-003
   114.571305277523       2.049306032942861E-004  4.366022095287055E-003
   115.364186282904       3.100717909303947E-003  8.488313040666156E-004
   116.157067288285       1.477563995859206E-003 -1.780274118701383E-003
   116.949948293665      -5.628184462224667E-004 -1.576827082534561E-003
   117.742829299046      -1.197555557966280E-003 -3.627209928864042E-004
   118.535710304427      -8.424749538767074E-004  5.190134299955519E-004
   119.328591309808      -2.010903264565388E-004  8.206155414576801E-004
   120.121472315189       3.750058083988964E-004  6.957816059991201E-004
   120.914353320569       7.647015265561658E-004  2.863990500751812E-004
   121.707234325950       8.685453927190140E-004 -3.383024433225028E-004
   122.500115331331       4.873792282862368E-004 -1.060868540830160E-003
   123.292996336712      -6.181289126939249E-004 -1.456610712367276E-003
   124.085877342092      -2.201900131029719E-003 -5.729681223900580E-004
   124.878758347473      -2.463019515751826E-003  2.325914252254064E-003
   125.671639352854       1.504153290405090E-003  4.857571725382318E-003
   126.464520358235       7.476969906644644E-003  4.048994475356485E-004
   127.257401363616       3.259248422025247E-003 -1.002381428662086E-002
   128.050282368996      -1.220344367566599E-002 -6.584983306097716E-003
   128.843163374377      -9.660779508493963E-003  1.367949024643306E-002
   129.636044379758       1.405549396333106E-002  1.178272261985120E-002
   130.428925385139       1.258344864922116E-002 -1.301938926795353E-002
   131.221806390520      -1.060584994604126E-002 -1.214246071134493E-002
   132.014687395900      -1.079935278726396E-002  7.307601751448558E-003
   132.807568401281       3.878827892454750E-003  8.898770586047681E-003
   133.600449406662       6.702673818210004E-003 -1.002158613160928E-003
   134.393330412043       9.260673330451700E-004 -4.443885856436266E-003
   135.186211417423      -2.369985139518250E-003 -1.825854327304296E-003
   135.979092422804      -1.858293483524229E-003  7.152484088642991E-004
   136.771973428185      -3.623995909603639E-004  1.322984820065363E-003
   137.564854433566       5.604081770299230E-004  8.275230890707583E-004
   138.357735438947       7.724361387048044E-004  1.298676577991519E-004
   139.150616444327       5.464891315965199E-004 -3.837188943910408E-004
   139.943497449708       1.142215655568169E-004 -6.116634554211950E-004
   140.736378455089      -3.628093548629111E-004 -5.185773561597728E-004
   141.529259460470      -6.927699185435739E-004 -8.323736164488600E-005
   142.322140465850      -5.807057539011692E-004  5.850790340440188E-004
   143.115021471231       2.190415932877927E-004  1.004886078814937E-003
   143.907902476612       1.288985189684031E-003  3.373632452822965E-004
   144.700783481993       1.008842827467904E-003 -1.441224394423372E-003
   145.493664487374      -1.540636963350242E-003 -1.736301670681126E-003
   146.286545492754      -2.469777170859933E-003  1.707910691382211E-003
   147.079426498135       2.041721910427134E-003  3.136510763856406E-003
   147.872307503516       3.629466476689760E-003 -2.529331207024455E-003
   148.665188508897      -2.998452973699517E-003 -3.861754816023692E-003
   149.458069514277      -3.843447561423431E-003  3.193099888963089E-003
   150.250950519658       2.937937362338816E-003  3.671342828999090E-003
   151.043831525039       3.424624949403304E-003 -2.241021133004454E-003
   151.836712530420      -1.263736686706447E-003 -3.090306935468366E-003
   152.629593535801      -2.594472644143086E-003  2.317720870492008E-004
   153.422474541181      -6.323421660741546E-004  1.889281105193162E-003
   154.215355546562       1.017102220059877E-003  1.149102393004707E-003
   155.008236551943       1.216620097100924E-003 -1.205001413528570E-004
   155.801117557324       5.951537846227951E-004 -8.435041431988349E-004
   156.593998562705      -1.657599287574422E-004 -9.281746540798109E-004
   157.386879568085      -7.559862211226599E-004 -5.673021479879915E-004
   158.179760573466      -1.043246773601424E-003  9.871104069641322E-005
   158.972641578847      -8.477529039698164E-004  9.651994635992238E-004
   159.765522584228       1.405349610219328E-004  1.721060363977782E-003
   160.558403589608       2.045078039277446E-003  1.445667514686695E-003
   161.351284594989       3.599335682659155E-003 -1.314906188991354E-003
   162.144165600370       9.034952773700436E-004 -5.952138118069028E-003
   162.937046605751      -8.075949148885918E-003 -4.869865641059928E-003
   163.729927611132      -1.054872603013867E-002  9.659992143566366E-003
   164.522808616512       1.066004600258941E-002  1.744484032231981E-002
   165.315689621893       2.445244169278470E-002 -1.124608515396557E-002
   166.108570627274      -1.146504204106779E-002 -2.996862171854635E-002
   166.901451632655      -3.251051208718485E-002  1.092424172111653E-002
   167.694332638036       9.015410382105880E-003  3.152889300130775E-002
   168.487213643416       2.763930649049401E-002 -5.603599379044856E-003
   169.280094648797      -1.388871410564256E-003 -2.205267185599888E-002
   170.072975654178      -1.588746124137314E-002 -2.471491981799487E-003
   170.865856659559      -5.012998765135634E-003  9.938297663247199E-003
   171.658737664939       4.776329844598629E-003  5.827264404821882E-003
   172.451618670320       5.062115425454470E-003 -8.400274043564371E-004
   173.244499675701       1.592655241500793E-003 -3.245160655809293E-003
   174.037380681082      -1.074235888783730E-003 -2.478015376175865E-003
   174.830261686463      -2.043028020194514E-003 -7.724467881985036E-004
   175.623142691843      -1.787935726916077E-003  7.520460279002907E-004
   176.416023697224      -7.881674445305561E-004  1.735096735575847E-003
   177.208904702605       6.804813477854570E-004  1.956719470422905E-003
   178.001785707986       2.245332810576655E-003  1.038163438034321E-003
   178.794666713366       2.899758898074596E-003 -1.351451964441284E-003
   179.587547718747       7.848636692293154E-004 -4.322551261573542E-003
   180.380428724128      -4.798971750177084E-003 -4.008020877779042E-003
   181.173309729509      -8.024982893613539E-003  4.026707956041736E-003
   181.966190734890       2.026690281531920E-003  1.249199512660090E-002
   182.759071740270       1.703775663759267E-002  7.794863693257135E-004
   183.551952745651       3.621723662877889E-003 -2.117141750322875E-002
   184.344833751032      -2.416758826560025E-002 -5.680545139598973E-003
   185.137714756413      -6.562634788361077E-003  2.519209521340753E-002
   185.930595761794       2.377431498097238E-002  6.545166646066695E-003
   186.723476767174       6.256177078007908E-003 -2.022342416506751E-002
   187.516357772555      -1.549017190545457E-002 -6.099254592110470E-003
   188.309238777936      -6.027381616915103E-003  1.060951231831176E-002
   189.102119783317       6.282511382484479E-003  5.762799601602597E-003
   189.895000788697       5.092935172761874E-003 -2.831355247042056E-003
   190.687881794078      -3.455186115834946E-004 -3.989906142648452E-003
   191.480762799459      -2.582311629499333E-003 -1.189591392168683E-003
   192.273643804840      -1.839369250216742E-003  1.086827930055652E-003
   193.066524810221      -2.475891014071633E-004  1.716330128800585E-003
   193.859405815601       9.937796704187305E-004  1.180251682719342E-003
   194.652286820982       1.515217567914549E-003  8.251877047461191E-005
   195.445167826363       1.195684850541909E-003 -1.139856810057833E-003
   196.238048831744      -6.272142506609697E-005 -1.978383872756598E-003
   197.030929837124      -2.053867260913054E-003 -1.559142675783368E-003
   197.823810842505      -3.416874897054686E-003  1.091625398897706E-003
   198.616691847886      -1.134296650549444E-003  5.083928354446715E-003
   199.409572853267       6.097804077470230E-003  4.697032284251568E-003
   200.202453858648       9.480876140929122E-003 -6.089960770211627E-003
   200.995334864028      -4.937563729266277E-003 -1.513952700764344E-002
   201.788215869409      -2.102937872970235E-002  2.857321970778996E-003
   202.581096874790       3.236999215353864E-004  2.616817775840598E-002
   203.373977880171       2.938051975586905E-002  2.209405297225020E-003
   204.166858885551       4.559531434539719E-003 -2.973295126083583E-002
   204.959739890932      -2.702504932422618E-002 -6.746940658204281E-003
   205.752620896313      -8.676507941322412E-003  2.190432478765139E-002
   206.545501901694       1.551571546668494E-002  9.976805070155774E-003
   207.338382907075       1.018765475397987E-002 -9.039342743540820E-003
   208.131263912455      -3.424065669828644E-003 -9.074393963796692E-003
   208.924144917836      -6.794694573727018E-003 -6.898786926370581E-004
   209.717025923217      -2.988661126025302E-003  3.856400134178709E-003
   210.509906928598       9.487513027193192E-004  3.497584993462508E-003
   211.302787933979       2.567894468794352E-003  1.260709736775277E-003
   212.095668939359       2.304372290443714E-003 -8.090083158660616E-004
   212.888549944740       1.036632773136457E-003 -2.033154460144670E-003
   213.681430950121      -6.561834457596460E-004 -2.253459958040644E-003
   214.474311955502      -2.310997959776565E-003 -1.302414856978208E-003
   215.267192960882      -3.116767711324517E-003  9.823430718790989E-004
   216.060073966263      -1.607172485275468E-003  4.014795744782662E-003
   216.852954971644       3.340127243850533E-003  5.017026065429050E-003
   217.645835977025       8.613323048911076E-003 -6.875697606026812E-004
   218.438716982406       4.003504878238940E-003 -1.175533706410456E-002
   219.231597987786      -1.399838453799281E-002 -1.038732908663486E-002
   220.024478993167      -1.766354148942470E-002  1.522028711276553E-002
   220.817359998548       1.555291207911258E-002  2.458501684237935E-002
   221.610241003929       2.967374754038076E-002 -1.510288783466978E-002
   222.403122009309      -1.370975508777448E-002 -3.174985149324017E-002
   223.196003014690      -3.051336449580716E-002  1.109204075041402E-002
   223.988884020071       7.313123184638947E-003  2.664850056675404E-002
   224.781765025452       2.132470762989130E-002 -3.020896536407870E-003
   225.574646030833       8.375474180801054E-004 -1.560043555321323E-002
   226.367527036213      -1.018902213222022E-002 -3.504308181708287E-003
   227.160408041594      -4.678219575014581E-003  5.531363308674631E-003
   227.953289046975       1.907599736451963E-003  4.489567584619857E-003
   228.746170052356       3.337737096155885E-003  5.298130935504735E-004
   229.539051057737       1.768883978628760E-003 -1.724634836952849E-003
   230.331932063117      -1.312784097000623E-004 -1.942865193975389E-003
   231.124813068498      -1.307646771031940E-003 -1.059054239780314E-003
   231.917694073879      -1.598350813313217E-003  1.990712707639369E-004
   232.710575079260      -1.014448543577303E-003  1.380917905925464E-003
   233.503456084640       4.296922754708274E-004  1.971397671349437E-003
   234.296337090021       2.342618936766687E-003  1.129036832019959E-003
   235.089218095402       3.097114786233776E-003 -1.843294232185019E-003
   235.882099100783      -2.381162211580485E-004 -5.243889119258373E-003
   236.674980106164      -7.362112661203258E-003 -2.645225153168169E-003
   237.467861111544      -6.864801064102442E-003  9.344526771216050E-003
   238.260742116925       1.124752814838826E-002  1.223750325552775E-002
   239.053623122306       1.814910503850882E-002 -1.323690388345705E-002
   239.846504127687      -1.531186914011129E-002 -2.347571834202040E-002
   240.639385133067      -2.690784817261886E-002  1.695485041998105E-002
   241.432266138448       1.718371877255966E-002  2.765729944260352E-002
   242.225147143829       2.592358648667893E-002 -1.522596734925882E-002
   243.018028149210      -1.121403344366502E-002 -2.258187001541400E-002
   243.810909154591      -1.847449723143698E-002  6.161537828401730E-003
   244.603790159971       1.342632923739741E-003  1.406733164239591E-002
   245.396671165352       9.602555209207643E-003  2.271193221129201E-003
   246.189552170733       4.209444706729340E-003 -5.353430583529425E-003
   246.982433176114      -1.704130644877383E-003 -4.460551687028609E-003
   247.775314181495      -3.364073731610668E-003 -9.368608743468775E-004
   248.568195186875      -2.279722678990459E-003  1.495955869966659E-003
   249.361076192256      -4.576717201998550E-004  2.270533294877882E-003
   250.153957197637       1.144501071271321E-003  1.841108935198313E-003
   250.946838203018       2.168364808050214E-003  5.953031115132708E-004
   251.739719208398       2.266101757244445E-003 -1.234202776683971E-003
   252.532600213779       8.295488165116556E-004 -3.138390286842678E-003
   253.325481219160      -2.581067052932575E-003 -3.570061135349272E-003
   254.118362224541      -6.307177376940074E-003  1.824348459409982E-004
   254.911243229922      -4.181208691771703E-003  8.298872978059426E-003
   255.704124235302       8.963006792042738E-003  1.033188529006243E-002
   256.497005240683       1.778938438257142E-002 -8.116178210020038E-003
   257.289886246064      -6.123580927965600E-003 -2.571456957784578E-002
   258.082767251445      -3.281389422489076E-002  3.770680138871212E-003
   258.875648256826       1.763100230195484E-003  3.745166891213116E-002
   259.668529262206       3.825657915970426E-002 -1.934505906528765E-004
   260.461410267587       1.398392482704371E-003 -3.495527978533353E-002
   261.254291272968      -2.860687729801644E-002 -3.341329028185852E-003
   262.047172278349      -5.340113032713056E-003  2.093585007844195E-002
   262.840053283729       1.346609992436823E-002  6.708651882615849E-003
   263.632934289110       6.929144201661730E-003 -7.149759284268218E-003
   264.425815294491      -2.442117255415386E-003 -5.953720765741233E-003
   265.218696299872      -4.145915943601210E-003 -5.353510206552159E-004
   266.011577305253      -1.904882136600614E-003  2.062359943233952E-003
   266.804458310633       2.428265309392087E-004  1.984891399150214E-003
   267.597339316014       1.230249864819512E-003  9.307050499297021E-004
   268.390220321395       1.299943518104334E-003 -1.468921949809479E-004
   269.183101326776       8.025829371696206E-004 -9.308672662377091E-004
   269.975982332156      -6.457544244915054E-005 -1.277957333781792E-003
   270.768863337537      -1.106275322288663E-003 -9.614101061296786E-004
   271.561744342918      -1.799184891721337E-003  2.844709844108570E-004
   272.354625348299      -1.057304539790152E-003  2.164358354748461E-003
   273.147506353680       1.886317684282626E-003  2.719842840012738E-003
   273.940387359060       4.507882628739497E-003 -9.350933910793982E-004
   274.733268364441       5.651544062469961E-004 -6.285490028793450E-003
   275.526149369822      -7.978711441756482E-003 -2.331527431665827E-003
   276.319030375203      -3.955284978556604E-003  9.501238189743929E-003
   277.111911380583       1.064701895001853E-002  5.030325639192326E-003
   277.904792385964       5.367302339356218E-003 -1.108788524381205E-002
   278.697673391345      -1.056426077869030E-002 -5.120106854756082E-003
   279.490554396726      -4.648631022942897E-003  9.111621094784294E-003
   280.283435402107       7.065679655045311E-003  4.227990757925409E-003
   281.076316407487       3.896592648335788E-003 -4.851937530547327E-003
   281.869197412868      -2.796751584450302E-003 -3.532547399389667E-003
   282.662078418249      -3.005755713446160E-003  1.088842745216725E-003
   283.454959423630      -1.723786230739083E-004  2.269068333755484E-003
   284.247840429011       1.374655150232087E-003  9.353590520572443E-004
   285.040721434391       1.190974423197490E-003 -4.517049851821163E-004
   285.833602439772       3.306142424358166E-004 -9.881839325850874E-004
   286.626483445153      -4.485546455355345E-004 -8.071679576257567E-004
   287.419364450534      -8.631878609616132E-004 -2.353542633859239E-004
   288.212245455914      -8.237688830441372E-004  4.750790245450016E-004
   289.005126461295      -2.644747727625595E-004  1.073422493050373E-003
   289.798007466676       7.919358262101967E-004  1.145971059623141E-003
   290.590888472057       1.871147738770407E-003  1.113662534406623E-004
   291.383769477438       1.593990710554237E-003 -2.107050223643173E-003
   292.176650482818      -1.557689621357086E-003 -3.481114634252869E-003
   292.969531488199      -5.503398952887763E-003  4.217739700109759E-005
   293.762412493580      -2.431900545205349E-003  7.361738486317550E-003
   294.555293498961       8.790468684631200E-003  5.615208611483805E-003
   295.348174504342       9.014529929551762E-003 -9.583754486820117E-003
   296.141055509722      -9.580150586478813E-003 -1.198596819172906E-002
   296.933936515103      -1.393123496311058E-002  8.659388551440113E-003
   297.726817520484       6.813016307451790E-003  1.450777935458639E-002
   298.519698525865       1.371354619247526E-002 -4.252193413149182E-003
   299.312579531245      -1.426284752773484E-003 -1.180747925182184E-002
   300.105460536626      -9.170020937426221E-003 -1.107812562095387E-003
   300.898341542007      -2.881695721508285E-003  6.212206350248781E-003
   301.691222547388       3.338771599614073E-003  3.654769743677149E-003
   302.484103552769       3.449562764275826E-003 -9.155497065673643E-004
   303.276984558149       7.814058907049388E-004 -2.506041592918973E-003
   304.069865563530      -1.194044078494235E-003 -1.618178800837447E-003
   304.862746568911      -1.630528428162444E-003 -8.693209051018654E-005
   305.655627574292      -9.999937101645181E-004  1.012461548075847E-003
   306.448508579672       6.776915313097788E-005  1.338859509232526E-003
   307.241389585053       1.060137034372253E-003  8.618536056176858E-004
   308.034270590434       1.472925355193050E-003 -2.758503120435638E-004
   308.827151595815       7.890657172838842E-004 -1.561645127303323E-003
   309.620032601196      -1.057034694700099E-003 -1.862085986659561E-003
   310.412913606576      -2.694783754403403E-003  2.069104574102141E-005
   311.205794611957      -1.382036964486102E-003  3.124117419076798E-003
   311.998675617338       3.109008975820028E-003  2.926273877451718E-003
   312.791556622719       4.371196672260307E-003 -2.731250504376714E-003
   313.584437628099      -2.154856455309812E-003 -5.493966939854815E-003
   314.377318633480      -6.120429470155031E-003  1.551686230419503E-003
   315.170199638861       1.027182789617169E-003  6.165378306108724E-003
   315.963080644242       5.671832709210114E-003 -5.956077009664855E-004
   316.755961649623      -2.210662316798704E-004 -4.807185377623906E-003
   317.548842655003      -3.793550552387163E-003 -1.219893299073877E-004
   318.341723660384      -4.259507866679556E-004  2.814760130236718E-003
   319.134604665765       1.965430616294023E-003  6.668789287778986E-004
   319.927485671146       8.241274725767345E-004 -1.260537299569188E-003
   320.720366676527      -6.763740066007603E-004 -8.832614522054479E-004
   321.513247681907      -8.316786262902747E-004  1.899365011976005E-004
   322.306128687288      -1.983234866962417E-004  6.609157245005815E-004
   323.099009692669       3.782979413357871E-004  4.606266316993625E-004
   323.891890698050       5.542575479714574E-004 -2.090471962856659E-005
   324.684771703430       3.376150131171052E-004 -4.449214200558278E-004
   325.477652708811      -1.331817817690264E-004 -5.938872705657310E-004
   326.270533714192      -6.362972880705892E-004 -3.252878537495096E-004
   327.063414719573      -8.137970255791096E-004  3.761882224908617E-004
   327.856295724954      -2.207100834586591E-004  1.167500111532198E-003
   328.649176730334       1.204236250341210E-003  1.114038831762957E-003
   329.442057735715       2.189628851543985E-003 -7.679728727326529E-004
   330.234938741096       2.223265791479417E-004 -3.285246103632131E-003
   331.027819746477      -4.233070546260312E-003 -1.725262644535039E-003
   331.820700751857      -3.542923738925498E-003  4.894759095752524E-003
   332.613581757238       5.162892836586941E-003  5.330279376613349E-003
   333.406462762619       6.686538662641765E-003 -4.940668416723085E-003
   334.199343768000      -4.161582529775698E-003 -7.312197683523669E-003
   334.992224773381      -7.124382233358671E-003  2.874810405232808E-003
   335.785105778761       1.308839774514685E-003  6.240323823134091E-003
   336.577986784142       4.877910515821783E-003  1.845436637931182E-004
   337.370867789523       1.273721173289119E-003 -3.282261136593182E-003
   338.163748794904      -1.703501674847668E-003 -1.768599522119795E-003
   338.956629800285      -1.662868739271171E-003  3.801237533800430E-004
   339.749510805665      -4.995438428097938E-004  1.109975815656462E-003
   340.542391811046       3.630404648438184E-004  8.444539143384591E-004
   341.335272816427       6.910133759989038E-004  3.001685505288376E-004
   342.128153821808       6.520827963968985E-004 -2.005670999714210E-004
   342.921034827188       3.774198442096218E-004 -5.756237814902477E-004
   343.713915832569      -9.729759176873597E-005 -7.669846648367155E-004
   344.506796837950      -7.357928860723508E-004 -6.141018391785531E-004
   345.299677843331      -1.282317457641515E-003  1.550942781260797E-004
   346.092558848712      -9.673427720866433E-004  1.583065947846428E-003
   346.885439854092       1.214228627951391E-003  2.492996974749718E-003
   347.678320859473       4.200856081317483E-003  3.571184344580963E-005
   348.471201864854       2.224262935090421E-003 -5.869190319259977E-003
   349.264082870235      -7.357778847111971E-003 -5.189731154005279E-003
   350.056963875615      -8.492550421571715E-003  8.625192706742557E-003
   350.849844880996       9.623943180073886E-003  1.143565435396415E-002
   351.642725886377       1.327945398934708E-002 -1.014144944103351E-002
   352.435606891758      -9.812425123781623E-003 -1.361712348645527E-002
   353.228487897139      -1.259894704757306E-002  8.408499098293559E-003
   354.021368902519       6.123938754575309E-003  1.075069716135903E-002
   354.814249907900       8.587848223854548E-003 -3.515792497142520E-003
   355.607130913281      -1.179964554223237E-003 -6.413614151565055E-003
   356.400011918662      -4.371309811339158E-003 -5.048132630496650E-004
   357.192892924042      -1.425338994214450E-003  2.558510064482739E-003
   357.985773929423       1.072454145671103E-003  1.659860650116388E-003
   358.778654934804       1.387764380157552E-003  4.807221243746207E-006
   359.571535940185       6.329770598465236E-004 -8.231428597399559E-004
   360.364416945566      -1.729582185835506E-004 -8.260766521172706E-004
   361.157297950946      -6.491917373043075E-004 -3.868208819759917E-004
   361.950178956327      -7.221192105537484E-004  2.068966989161404E-004
   362.743059961708      -3.690387208069634E-004  7.429809456018455E-004
   363.535940967089       4.015185921146441E-004  9.284168873027251E-004
   364.328821972470       1.307570525343000E-003  3.109233014663797E-004
   365.121702977850       1.366626721815299E-003 -1.333556597037618E-003
   365.914583983231      -8.332830299411704E-004 -2.707545391652766E-003
   366.707464988612      -4.260146157723203E-003 -3.436503731523772E-004
   367.500345993993      -2.276036558308706E-003  5.959450275124276E-003
   368.293226999373       7.762462750607107E-003  4.888250449369337E-003
   369.086108004754       7.860965105973212E-003 -9.606031584042484E-003
   369.878989010135      -1.128878561005205E-002 -1.063147985948205E-002
   370.671870015516      -1.258794947501922E-002  1.237846489875258E-002
   371.464751020897       1.233553656186872E-002  1.338351051909641E-002
   372.257632026277       1.308361226667676E-002 -1.086011906858893E-002
   373.050513031658      -8.154369914137096E-003 -1.199063995597042E-002
   373.843394037039      -1.036703988925728E-002  4.839522688114902E-003
   374.636275042420       1.644419750370059E-003  8.346260507242074E-003
   375.429156047801       6.033364986280319E-003  8.562273294671399E-004
   376.222037053181       2.344702133111010E-003 -3.616034822245979E-003
   377.014918058562      -1.379214695463956E-003 -2.760119521237226E-003
   377.807799063943      -2.262033489575996E-003 -3.631807937002550E-004
   378.600680069324      -1.364683052769384E-003  1.177561693701896E-003
   379.393561074704      -7.073047756100265E-005  1.527411602336534E-003
   380.186442080085       9.440925692236822E-004  1.054445094488712E-003
   380.979323085466       1.433591914338944E-003  1.082611070083213E-004
   381.772204090847       1.220639638045308E-003 -1.036058869851635E-003
   382.565085096228       9.662509001470389E-005 -1.937727127738921E-003
   383.357966101608      -1.856559367647361E-003 -1.709956970761496E-003
   384.150847106989      -3.386812757007620E-003  7.141642965743630E-004
   384.943728112370      -1.557207658897781E-003  4.641018484238843E-003
   385.736609117751       5.039886883703779E-003  4.818525101659256E-003
   386.529490123131       8.749657357201951E-003 -4.334400718794018E-003
   387.322371128512      -2.562978937190475E-003 -1.288693953839676E-002
   388.115252133893      -1.664805756171948E-002  7.372834626170454E-005
   388.908133139274      -2.591410962312054E-003  1.936503465898377E-002
   389.701014144655       2.040528670511223E-002  4.930633999476200E-003
   390.493895150035       6.677639301987099E-003 -1.941645340782517E-002
   391.286776155416      -1.655147110853718E-002 -7.789490060148930E-003
   392.079657160797      -8.274520027054165E-003  1.245232918207951E-002
   392.872538166178       7.978555131960788E-003  8.085614539448881E-003
   393.665419171558       7.182093974666904E-003 -3.900158012363389E-003
   394.458300176939      -7.339935385779726E-004 -5.646899121143194E-003
   395.251181182320      -3.724972074936263E-003 -1.279704192199825E-003
   396.044062187701      -2.140169045804446E-003  1.764568065718870E-003
   396.836943193082       1.166087158120595E-004  2.034239914123413E-003
   397.629824198462       1.276770332931928E-003  9.555059486179722E-004
   398.422705203843       1.330420153405696E-003 -2.428640099406102E-004
   399.215586209224       7.015025689241479E-004 -1.042876997578768E-003
   400.008467214605      -2.634490350699202E-004 -1.259103167586533E-003
   400.801348219986      -1.241124574494355E-003 -7.444406655531292E-004
   401.594229225366      -1.676747284162626E-003  5.815517665399550E-004
   402.387110230747      -6.734697494381746E-004  2.238336537270569E-003
   403.179991236128       2.182642126408915E-003  2.396867526221375E-003
   403.972872241509       4.425448652161907E-003 -1.341877657709432E-003
   404.765753246890       3.430913085207929E-004 -6.607351774911614E-003
   405.558634252270      -8.831110691652658E-003 -2.781384168665396E-003
   406.351515257651      -5.686262206360586E-003  1.100266645879820E-002
   407.144396263032       1.295236130480017E-002  8.578815845965738E-003
   407.937277268413       1.091840522000180E-002 -1.433522784834456E-002
   408.730158273793      -1.467330893355687E-002 -1.233966983826116E-002
   409.523039279174      -1.280645232694901E-002  1.360280958487595E-002
   410.315920284555       1.114177895049447E-002  1.251566362799012E-002
   411.108801289936       1.165676544407613E-002 -7.725800585149745E-003
   411.901682295317      -4.006452915309696E-003 -1.028312458829537E-002
   412.694563300697      -8.379338821121780E-003  6.169167281488220E-004
   413.487444306078      -1.957459575506177E-003  6.000835479088802E-003
   414.280325311459       3.354818338229296E-003  3.419663462882990E-003
   415.073206316840       3.673607451852139E-003 -7.895576167522211E-004
   415.866087322220       1.280171579593140E-003 -2.832584334983691E-003
   416.658968327601      -1.213153929985063E-003 -2.475517064854957E-003
   417.451849332982      -2.555718405725153E-003 -7.018337059786549E-004
   418.244730338363      -2.336970882948432E-003  1.497616400767258E-003
   419.037611343744      -4.657590691719386E-004  3.126830878747261E-003
   419.830492349124       2.627999854183363E-003  2.859492321883157E-003
   420.623373354505       5.036701481784407E-003 -6.149249199809902E-004
   421.416254359886       2.865792669804457E-003 -6.296632660264793E-003
   422.209135365267      -6.035364104734731E-003 -7.499333877838843E-003
   423.002016370648      -1.276267597807506E-002  3.908083695822939E-003
   423.794897376028      -2.719509986156589E-005  1.801154961342575E-002
   424.587778381409       2.254729886388981E-002  5.238123551501903E-003
   425.380659386790       1.079884071305419E-002 -2.564563477682725E-002
   426.173540392171      -2.661528524177062E-002 -1.566627868286704E-002
   426.966421397551      -1.904182519718904E-002  2.499242604806470E-002
   427.759302402932       2.082975216987816E-002  2.057388133170282E-002
   428.552183408313       2.027969862092690E-002 -1.483505478653698E-002
   429.345064413694      -8.179318325877344E-003 -1.835180052893071E-002
   430.137945419075      -1.507582254156456E-002  2.095423739649064E-003
   430.930826424455      -2.470288809589760E-003  1.087341321261727E-002
   431.723707429836       6.331635479646652E-003  5.024213003502449E-003
   432.516588435217       5.539807227755501E-003 -2.133562465546955E-003
   433.309469440598       1.085501245730933E-003 -4.386510684061718E-003
   434.102350445978      -2.210425696364367E-003 -2.888099641494861E-003
   434.895231451359      -3.136844678136226E-003 -2.149236662415117E-004
   435.688112456740      -2.147430297109893E-003  2.023382492867055E-003
   436.480993462121       2.300771815298610E-005  3.018268723619893E-003
   437.273874467502       2.530429589880254E-003  2.208836211218123E-003
   438.066755472882       3.971182572505916E-003 -6.954570380678374E-004
   438.859636478263       2.197614715687533E-003 -4.652798563907483E-003
   439.652517483644      -3.842225780302942E-003 -5.673770425972464E-003
   440.445398489025      -9.204160103926913E-003  1.399424057872347E-003
   441.238279494405      -2.507122900307319E-003  1.234545961206779E-002
   442.031160499786       1.483471816400949E-002  7.385457245138364E-003
   442.824041505167       1.243850040826038E-002 -1.657633218413484E-002
   443.616922510548      -1.750044865688181E-002 -1.668435567066364E-002
   444.409803515929      -1.925245206471945E-002  1.740638399439615E-002
   445.202684521309       1.600785203485709E-002  1.976164373322577E-002
   445.995565526690       1.847416746179827E-002 -1.322645091847840E-002
   446.788446532071      -9.437758190474085E-003 -1.604307380602156E-002
   447.581327537452      -1.309343640573842E-002  5.372359306838756E-003
   448.374208542832       1.772834387372043E-003  1.001063573877602E-002
   449.167089548213       6.997852746922299E-003  8.739047156024055E-004
   449.959970553594       2.392358644247583E-003 -4.209012424705348E-003
   450.752851558975      -1.812384467041264E-003 -2.845697720432807E-003
   451.545732564356      -2.445536279140318E-003 -2.098734117566051E-005
   452.338613569736      -1.157979049199489E-003  1.487045672457556E-003
   453.131494575117       3.053843204746876E-004  1.541931896926002E-003
   453.924375580498       1.218828256971905E-003  7.604871110574629E-004
   454.717256585879       1.405441861777881E-003 -3.491240472304642E-004
   455.510137591260       7.962467123729621E-004 -1.399163575630975E-003
   456.303018596640      -6.265053346271012E-004 -1.857658620517341E-003
   457.095899602021      -2.426802798063069E-003 -8.813261094162933E-004
   457.888780607402      -2.936374805378826E-003  2.101800751392323E-003
   458.681661612783       5.508610483419573E-004  5.216768342616007E-003
   459.474542618163       7.332135418455283E-003  2.421670473324527E-003
   460.267423623544       6.805793186469028E-003 -8.928967327075689E-003
   461.060304628925      -9.803778683967843E-003 -1.230455756437462E-002
   461.853185634306      -1.825312622649844E-002  9.949302511907192E-003
   462.646066639687       9.457787421934254E-003  2.362280316314259E-002
   463.438947645067       2.724860569140893E-002 -8.328342720552238E-003
   464.231828650448      -6.402173854718714E-003 -2.828251974006796E-002
   465.024709655829      -2.657980091949094E-002  3.586210417773917E-003
   465.817590661210       1.642250013020596E-004  2.268618328087952E-002
   466.610471666591       1.748210102412277E-002  3.172704708693373E-003
   467.403352671971       5.631115625920804E-003 -1.184163958992259E-002
   468.196233677352      -6.503138259096620E-003 -6.674832406866739E-003
   468.989114682733      -6.202197724287802E-003  2.062994848797887E-003
   469.781995688114      -1.043485097128980E-003  4.522672344192059E-003
   470.574876693494       2.220451606592368E-003  2.602088012404047E-003
   471.367757698875       2.675263543989533E-003  2.064153338661350E-005
   472.160638704256       1.589625410963223E-003 -1.607923507496543E-003
   472.953519709637       3.293386159118345E-005 -2.090863194950093E-003
   473.746400715018      -1.433904538849445E-003 -1.574317718490663E-003
   474.539281720398      -2.381521900334590E-003 -1.447121948673525E-004
   475.332162725779      -2.130515356607567E-003  1.995502408725831E-003
   476.125043731160       2.291954151518951E-004  3.839238456890891E-003
   476.917924736541       4.560666395754868E-003  2.803286006150312E-003
   477.710805741921       6.736762913509489E-003 -3.711286576069063E-003
   478.503686747302      -9.766343892930671E-004 -1.107626062985455E-002
   479.296567752683      -1.534932070988600E-002 -3.561555297912479E-003
   480.089448758064      -9.322773365588155E-003  1.920496456212945E-002
   480.882329763445       2.235878862391034E-002  1.522031742565930E-002
   481.675210768825       1.990308333966757E-002 -2.439543047514866E-002
   482.468091774206      -2.468113592884130E-002 -2.230741108125289E-002
   483.260972779587      -2.220049294428709E-002  2.267599700785340E-002
   484.053853784968       1.847039228633612E-002  2.019079888625476E-002
   484.846734790349       1.717297627543942E-002 -1.294840075197196E-002
   485.639615795729      -7.354141424126449E-003 -1.379514058195764E-002
   486.432496801110      -1.037275070767928E-002  2.704168595413055E-003
   487.225377806491      -4.931191280741745E-004  7.084322770475764E-003
   488.018258811872       4.120491118200492E-003  2.189952883621481E-003
   488.811139817252       2.628564954706987E-003 -1.688371577627545E-003
   489.604020822633       5.187028748839971E-005 -2.185973034636148E-003
   490.396901828014      -1.265866545901456E-003 -1.037671888220013E-003
   491.189782833395      -1.314766270903697E-003  2.298676255729671E-004
   491.982663838776      -6.401718800263140E-004  1.015687539120447E-003
   492.775544844156       3.243107513671714E-004  1.153766815895663E-003
   493.568425849537       1.203277530171027E-003  5.574394609671467E-004
   494.361306854918       1.431390503098636E-003 -7.437086888343468E-004
   495.154187860299       2.303513437486522E-004 -2.112205673251451E-003
   495.947068865680      -2.430232688143155E-003 -1.704382841621787E-003
   496.739949871060      -3.657257088248432E-003  2.240965671854307E-003
   497.532830876441       1.456949226287410E-003  6.064163955917358E-003
   498.325711881822       8.874354346459128E-003 -1.095443043107934E-004
   499.118592887203       1.587135756822987E-003 -1.193857075635709E-002
   499.911473892583      -1.489367223991016E-002 -3.253724944117238E-003
   500.704354897964      -4.521577449251295E-003  1.711589846395869E-002
   501.497235903345       1.790843664751758E-002  5.277332769016122E-003
   502.290116908726       5.710539929385274E-003 -1.688902408374950E-002
   503.082997914107      -1.424509738200029E-002 -6.060211984343394E-003
   503.875878919487      -6.335673335020609E-003  1.060971533484027E-002
   504.668759924868       6.724575053974710E-003  6.311478738876672E-003
   505.461640930249       5.744116577494298E-003 -3.199168616197887E-003
   506.254521935630      -4.473304821636112E-004 -4.567792102919869E-003
   507.047402941010      -2.945743668179464E-003 -1.301142114325424E-003
   507.840283946391      -1.994597267057235E-003  1.206013659902657E-003
   508.633164951772      -2.707588229843185E-004  1.761758107604532E-003
   509.426045957153       8.950498372989164E-004  1.165359903230674E-003
   510.218926962534       1.310008350948060E-003  2.009909434390974E-004
   511.011807967914       1.092585452769212E-003 -7.381183253290105E-004
   511.804688973295       3.151199209767686E-004 -1.413076303779078E-003
   512.597569978676      -9.487510902466111E-004 -1.460805405344703E-003
   513.390450984057      -2.241859584403155E-003 -3.089539284129536E-004
   514.183331989437      -2.161149359172825E-003  2.236355016670891E-003
   514.976212994818       1.156161411684465E-003  4.254412339110423E-003
   515.769094000199       6.180074471545904E-003  1.076446942528525E-003
   516.561975005580       4.280917292540259E-003 -7.592445127004408E-003
