    0.235183073E-14   -0.144059340E-15   -0.796864675E-02
    0.235183073E-14   -0.144059340E-15   -0.796864675E-02
    0.838148232E-09   -0.410069028E-09   -0.232135504E-01
    0.439933906E-09   -0.556560044E-09   -0.311159195E-01
   -0.779923544E+00   -0.229844278E+00   -0.591036181E-09
   -0.690695621E-09    0.384378669E-10    0.855876125E-02
   -0.714951474E-09    0.876367220E-09    0.832398128E-02
   -0.586157893E+00    0.756624942E+00   -0.110683758E-08
    0.509404231E-09   -0.355164290E-09   -0.595556011E-01
    0.118449619E-09   -0.814849277E-10    0.130955646E-01
    0.165093438E+00   -0.157606494E+00    0.199169102E-09
   -0.833157128E-09    0.614814107E-09    0.971543402E-01
    0.265187361E-09   -0.440665335E-09   -0.747810701E-02
   -0.265927152E+00    0.478131810E-01    0.154281261E-09
    0.356179182E-09   -0.190916170E-09   -0.398032687E-01
    0.448464038E-09   -0.582759202E-09   -0.710643539E-01
   -0.269840111E+00    0.269271135E-01   -0.629905508E-10
   -0.332500991E-09    0.134296970E-09   -0.150352440E-02
   -0.428008228E-09    0.695366454E-09    0.457094585E-01
    0.828760033E+00   -0.478178375E-02    0.510186086E-09
   -0.137053741E-09    0.467500092E-09    0.350434235E-01
    0.680116999E-10   -0.337361339E-09   -0.527555803E-02
    0.573326091E+00   -0.279387226E+00    0.749846199E-09
    0.134557307E-09   -0.847955057E-10   -0.126913747E-01
   -0.327540931E-09    0.421412758E-09    0.178104971E-01
    0.103961356E+00   -0.686724996E-01   -0.730718142E-10
    0.262065628E-10   -0.611717697E-10   -0.201021196E-02
   -0.187640029E-10    0.493859977E-10    0.347866484E-02
   -0.493165730E-02   -0.512883161E-01    0.779734217E-10
    0.103104395E-09   -0.250039392E-10    0.112287822E-02
    0.530324550E-10   -0.118200787E-10    0.793656890E-02
    0.702382173E-01   -0.444367692E-01    0.521118974E-10
    0.329973099E-10   -0.363102859E-10   -0.881914483E-03
    0.936873087E-10    0.543435032E-10    0.498373702E-02
    0.457398276E-01    0.156030534E-01    0.155133707E-10
    0.611176731E-10   -0.371850803E-10   -0.106034650E-02
    0.374668412E-10   -0.733171344E-10    0.139935185E-01
    0.133182133E+00    0.468769544E-02    0.837629204E-10
   -0.102625256E-10   -0.145833774E-10    0.594785279E-03
    0.166537930E-10   -0.215293487E-10   -0.149040476E-02
    0.333926154E-01    0.597470175E-03    0.100283112E-10
   -0.614819356E-01   -0.973012501E-02   -0.877198134E-03
   -0.626381418E-01   -0.847652025E-02    0.546176197E-03
   -0.234566769E-01   -0.811804409E-02   -0.458084861E-04
    0.614819355E-01    0.973012497E-02   -0.877198084E-03
    0.626381417E-01    0.847652025E-02    0.546176229E-03
   -0.234566769E-01   -0.811804402E-02    0.458084672E-04
