  -103.702194107119     
   12.1628544926106     
  -24.8922428260048     
   6.91329694940338     
   37.4789300177696     
   64.8932610671729     
  -13.6690593452906     
   11.2677654202761     
   4.20856302790704     
  0.964320866704557     
  -3.31670998745000     
  -4.01904548078155     
 -0.575711833056424     
   4.04272191026527     
 -0.536543377815250     
  -1.34731916857184     
  -1.44399910251891     
   2.40578948341837     
   2.83811183145677     
   1.36405582712416     
   3.97043986839478     
 -0.659426224896994     
  -8.48282634958505     
   1.03285152211899     
   5.76022413627744     
  -3.37880174621369     
  -12.3487251165803     
  -1.78878581641598     
   5.72171202856357     
  -9.42000500120566     
  -3.32346294380758     
  -10.5439094467167     
 -0.812010274556182     
   1.35279492570596     
   9.92782349626148     
  -1.10009919477484     
 -0.729200446903652     
   8.63432196582970     
   2.14088715495829     
  -1.15409170359147     
 -9.653299755030091E-002
  -5.76993625035453     
  -2.26146055856146     
 -0.185448147561945     
   6.06614835306389     
   1.43163408587076     
   10.2627184587585     
  -12.3666280135345     
 -0.188134031715744     
 -4.322667458345884E-002
  -3.81664759124109     
   1.32331191878072     
   4.14373053699878     
  -1.22694638113221     
 -0.670783858626612     
   1.00756364524409     
  -1.24925727984569     
  -2.15904442955615     
   4.73790471946630     
   10.6909064176345     
  -3.39508745531582     
 -0.375667523687208     
 -6.578216810387601E-004
  0.172717414084519     
  0.821036334115880     
  0.521252077607151     
 -0.233083153526597     
  0.467590339308327     
  0.239471101255438     
  0.109899183660264     
 -0.122594145336018     
  0.133416529013519     
  3.831853249839028E-003
 -3.341103806169332E-002
  3.063529212915002E-002
