  -516.561975005580       3.949067132096885E-193 -6.465814191500117E-192
  -515.769094000199      -2.717131393200530E-165 -1.497086086246510E-165
  -514.976212994818      -2.232988966267028E-164  1.312192185214265E-164
  -514.183331989437      -1.216653372765486E-164  1.216333129743071E-163
  -513.390450984057       3.202996912994609E-163  3.436641035851163E-163
  -512.597569978676       1.671073028937728E-162  8.173515713720348E-164
  -511.804688973295       4.653930114718427E-162 -3.626705613444557E-162
  -511.011807967914       5.030056459266104E-162 -2.082133297731547E-161
  -510.218926962534      -3.340080459338994E-161 -7.474201134150775E-161
  -509.426045957153      -2.948138687120595E-160 -1.542793704890884E-160
  -508.633164951772      -1.403291693641110E-159  3.169958191652140E-160
  -507.840283946391      -3.632112549439313E-159  5.467745622527161E-159
  -507.047402941010       7.762506716825910E-159  3.016656112051597E-158
  -506.254521935630       1.393082498549314E-157  5.764208197274773E-158
  -505.461640930249       5.884374385414622E-157 -4.280429152262779E-157
  -504.668759924868      -5.901389459991681E-157 -3.368821562625080E-156
  -503.875878919487      -1.500858938982021E-155 -2.965880465922540E-156
  -503.082997914107      -3.002461592262148E-155  5.630115486703717E-155
  -502.290116908726       1.819491715015505E-154  1.626749012107241E-154
  -501.497235903345       6.819204401426509E-154 -5.018633086988476E-154
  -500.704354897964      -1.118391579428989E-153 -2.403002273059205E-153
  -499.911473892583      -7.319926386933228E-153  1.630625204141000E-153
  -499.118592887203      -7.580640400119632E-154  1.932174175918570E-152
  -498.325711881822       4.312015569962016E-152  1.628999517074927E-152
  -497.532830876441       7.167271951047933E-152 -7.480640197732384E-152
  -496.739949871060      -6.891956211328856E-152 -2.139462540104303E-151
  -495.947068865680      -4.641729615560157E-151 -1.338934694945211E-151
  -495.154187860299      -8.702594763171011E-151  5.981887852456915E-151
  -494.361306854918      -4.117782518822046E-151  2.371514459137992E-150
  -493.568425849537       3.073828724416750E-150  4.972623016621826E-150
  -492.775544844156       1.449411354866825E-149  5.162511786026159E-150
  -491.982663838776       4.229063280050355E-149 -1.338008197770116E-149
  -491.189782833395       8.124170524143585E-149 -1.147764691482082E-148
  -490.396901828014      -2.859562021582228E-149 -4.877875071712641E-148
  -489.604020822633      -1.300319757684014E-147 -1.305049361031784E-147
  -488.811139817252      -7.415085902866056E-147  6.770453562279440E-149
  -488.018258811872      -1.957570661240919E-146  2.429260184028329E-146
  -487.225377806491       3.977706571410804E-146  1.278302270604552E-145
  -486.432496801110       5.605637806048558E-145  1.077231445136547E-145
  -485.639615795729       1.303855854277634E-144 -1.962967205329346E-144
  -484.846734790349      -5.727451608685709E-144 -7.196351850522282E-144
  -484.053853784968      -3.026568158412239E-143  1.378637473533154E-143
  -483.260972779587       2.487628238217121E-143  1.068896629274489E-142
  -482.468091774206       3.270799279823868E-142 -1.677828846414300E-143
  -481.675210768825       1.151917277463837E-142 -8.742782021983960E-142
  -480.882329763445      -2.025968129120090E-141 -7.259626858486419E-142
  -480.089448758064      -2.765434208616162E-141  3.940620154014080E-141
  -479.296567752683       5.801520840502168E-141  8.195469665414426E-141
  -478.503686747302       1.962577988491896E-140 -3.631026313414484E-141
  -477.710805741921       1.326659928935276E-140 -3.642960003552605E-140
  -476.917924736541      -4.193886722349654E-140 -6.288433282357826E-140
  -476.125043731160      -1.503349456208658E-139 -2.139453291248547E-140
  -475.332162725779      -2.629250712911666E-139  1.859305307435048E-139
  -474.539281720398      -1.926727698694020E-139  7.099240611355379E-139
  -473.746400715018       6.832993713083503E-139  1.705225642901562E-138
  -472.953519709637       4.279404250835156E-138  2.695332273155403E-138
  -472.160638704256       1.532738792172619E-137 -1.134877732541866E-138
  -471.367757698875       3.769362177903951E-137 -3.473075349366135E-137
  -470.574876693494       1.799815943345112E-137 -1.843500104958095E-136
  -469.781995688114      -4.639673945047292E-136 -5.403058689473399E-136
  -468.989114682733      -2.845582276269979E-135  1.065613489903925E-136
  -468.196233677352      -5.887933662537725E-135  9.925784999770941E-135
  -467.403352671971       2.460951119401156E-134  3.905792307645780E-134
  -466.610471666591       1.746943483528085E-133 -3.218337902487395E-134
  -465.817590661210       7.554806869609443E-134 -6.380738903022940E-133
  -465.024709655829      -2.009423341893403E-132 -7.482717437322496E-133
  -464.231828650448      -3.441451515079691E-132  5.532147018328883E-132
  -463.438947645067       1.318097113965331E-131  1.211668388169158E-131
  -462.646066639687       3.602543491623376E-131 -2.612936794241808E-131
  -461.853185634306      -3.823778463161248E-131 -9.322904165787119E-131
  -461.060304628925      -2.097694534236338E-130  1.894705443317357E-131
  -460.267423623544      -1.176818231630973E-130  3.970465293142083E-130
  -459.474542618163       5.690183428498727E-130  5.387614768738870E-130
  -458.681661612783       1.420016041854811E-129 -3.547765955658290E-130
  -457.888780607402       1.130261600922983E-129 -2.528833855716587E-129
  -457.095899602021      -2.098111532554076E-129 -5.024764636484665E-129
  -456.303018596640      -1.030683899159311E-128 -4.794908966692280E-129
  -455.510137591260      -2.486986169306006E-128  6.280506812958116E-129
  -454.717256585879      -3.955115183120932E-128  4.944435431442204E-128
  -453.924375580498      -5.970583537363828E-129  1.718215266900252E-127
  -453.131494575117       2.988996200185588E-127  4.167464963142374E-127
  -452.338613569736       1.615324755699683E-126  4.128941062404477E-127
  -451.545732564356       5.080336401327793E-126 -2.848119482118986E-126
  -450.752851558975       4.656441097961091E-126 -2.093500899480294E-125
  -449.959970553594      -5.322606405640262E-125 -6.153550837132167E-125
  -449.167089548213      -3.056695720514341E-124  5.250109071610373E-125
  -448.374208542832      -3.190655925403530E-124  1.113498976467146E-123
  -447.581327537452       3.312458662703243E-123  2.481115164040998E-123
  -446.788446532071       1.115622241900412E-122 -8.220413354907465E-123
  -445.995565526690      -1.641689460752047E-122 -3.951643460903090E-122
  -445.202684521309      -1.186210890837946E-121  2.174307734042394E-122
  -444.409803515929      -8.342161483876233E-123  3.088721817446921E-121
  -443.616922510548       6.981671402920295E-121  1.826159439152879E-121
  -442.824041505167       7.814925502154049E-121 -1.339215401161828E-120
  -442.031160499786      -2.020439804371020E-120 -2.365374780453744E-120
  -441.238279494405      -5.688989513754727E-120  1.716640743667411E-120
  -440.445398489025      -2.284732899071271E-120  1.081702898717206E-119
  -439.652517483644       1.430634720358701E-119  1.471573428252706E-119
  -438.859636478263       3.876584194678474E-119 -3.638672700096029E-120
  -438.066755472882       4.733874374812148E-119 -6.093149103813270E-119
  -437.273874467502      -1.545854817723991E-119 -1.619411523589461E-118
  -436.480993462121      -2.677222205087045E-118 -2.551649713504675E-118
  -435.688112456740      -9.117113404639105E-118 -6.048746745433667E-119
  -434.895231451359      -1.980324843907201E-117  1.453713581010870E-117
  -434.102350445978      -1.497431965851243E-117  6.994753752830175E-117
  -433.309469440598       1.192291551970079E-116  1.886712154632013E-116
  -432.516588435217       7.241928591251374E-116  1.228254240575722E-116
  -431.723707429836       1.832944166265420E-115 -1.700893878514236E-115
  -430.930826424455      -1.512890367551677E-115 -8.479592011250508E-115
  -430.137945419075      -2.793321426840944E-114 -8.989676610919672E-115
  -429.345064413694      -6.387746645244132E-114  7.261340076659457E-114
  -428.552183408313       1.464143122824579E-113  2.645164372575422E-113
  -427.759302402932       8.626355818308904E-113 -1.854975697089281E-113
  -426.966421397551       1.232390939670540E-113 -2.374629926134241E-112
  -426.173540392171      -5.609880295367032E-112 -1.782557842566328E-112
  -425.380659386790      -7.325323197091534E-112  1.121856846085256E-111
  -424.587778381409       1.786442719869626E-111  2.187531699679477E-111
  -423.794897376028       5.298177523157434E-111 -1.764527851512178E-111
  -423.002016370648       1.183367285420244E-111 -1.047303039255671E-110
  -422.209135365267      -1.570441909213184E-110 -1.137344029658343E-110
  -421.416254359886      -3.346757483846456E-110  1.206179286685042E-110
  -420.623373354505      -2.177961297686810E-110  6.293562567400400E-110
  -419.830492349124       6.076377382903688E-110  1.148732067229862E-109
  -419.037611343744       2.553030566450788E-109  8.519945954906751E-110
  -418.244730338363       5.519946319912659E-109 -2.342352650886972E-109
  -417.451849332982       6.469795152370279E-109 -1.295928108698368E-108
  -416.658968327601      -9.382158666955057E-109 -3.682025818580864E-108
  -415.866087322220      -9.012413078741810E-108 -5.904876584448069E-108
  -415.073206316840      -3.195772188993677E-107  6.829620780790975E-108
  -414.280325311459      -5.035294906115115E-107  9.141506544372048E-107
  -413.487444306078       1.439801635492792E-106  3.125575361899101E-106
  -412.694563300697       1.137713011836690E-105  1.362026503895983E-106
  -411.901682295317       2.078273961800301E-105 -3.139062282833969E-105
  -411.108801289936      -6.735347942038287E-105 -9.852011871804127E-105
  -410.315920284555      -3.436973629251883E-104  9.925395323606538E-105
  -409.523039279174       1.380165828699325E-105  9.973973244395131E-104
  -408.730158273793       2.494314180509885E-103  5.646139571554197E-104
  -407.937277268413       2.612853181907244E-103 -5.394775935703090E-103
  -407.144396263032      -9.868275473783415E-103 -8.230064519263100E-103
  -406.351515257651      -2.103318042965544E-102  1.417535087621384E-102
  -405.558634252270       1.161494766375019E-102  4.521865800591620E-102
  -404.765753246890       8.045133967825933E-102  1.344468936466408E-102
  -403.972872241509       8.574943535834665E-102 -1.084066138199039E-101
  -403.179991236128      -7.014216664536785E-102 -2.218688225625338E-101
  -402.387110230747      -3.705092869978883E-101 -1.477292965410663E-101
  -401.594229225366      -6.497360478854729E-101  2.929800315886630E-101
  -400.801348219986      -5.429324225998565E-101  1.241651672855747E-100
  -400.008467214605       7.535715777049989E-101  2.682441116951753E-100
  -399.215586209224       5.032716187266659E-100  3.722493094348529E-100
  -398.422705203843       1.542465016792954E-099 -3.413534548707239E-101
  -397.629824198462       3.167875223130804E-099 -2.696085630924041E-099
  -396.836943193082       1.638170540643978E-099 -1.204341394122324E-098
  -396.044062187701      -2.332404489348729E-098 -2.987019936980268E-098
  -395.251181182320      -1.235418743557126E-097 -3.295799696921199E-099
  -394.458300176939      -2.404751811476537E-097  3.341675497724233E-097
  -393.665419171558       5.885448901704441E-097  1.232887824992446E-096
  -392.872538166178       4.401106500107414E-096 -1.559013979108475E-097
  -392.079657160797       3.893686722871168E-096 -1.289882303986954E-095
  -391.286776155416      -3.257517175017316E-095 -2.025823246312541E-095
  -390.493895150035      -7.005223790436752E-095  7.154755452976659E-095
  -389.701014144655       1.337703781282267E-094  1.962375100939267E-094
  -388.908133139274       4.710771366740349E-094 -1.969949750530130E-094
  -388.115252133893      -1.631534681566407E-094 -9.860529642558005E-094
  -387.322371128512      -1.787296329904949E-093 -2.178634725106785E-094
  -386.529490123131      -1.400209982891092E-093  2.693158269338901E-093
  -385.736609117751       2.943315867064153E-093  3.907300325229591E-093
  -384.943728112370       7.682060201981073E-093 -7.990642748056315E-094
  -384.150847106989       6.266201684255970E-093 -1.053947797796444E-092
  -383.357966101608      -5.960507972585410E-093 -1.917794288331368E-092
  -382.565085096228      -3.027064508584325E-092 -1.705293511671050E-092
  -381.772204090847      -6.370740319363578E-092  1.156985917619940E-092
  -380.979323085466      -8.891965792534451E-092  9.738491256782645E-092
  -380.186442080085      -3.103415581053032E-092  2.942498296159582E-091
  -379.393561074704       3.765124772535456E-091  6.278812329480800E-091
  -378.600680069324       1.866015575439287E-090  6.792049362074041E-091
  -377.807799063943       5.387089274300679E-090 -2.228730691259791E-090
  -377.014918058562       6.372727583951875E-090 -1.703363572793755E-089
  -376.222037053181      -3.107069013638876E-089 -5.005807210635357E-089
  -375.429156047801      -1.931559275991769E-088 -2.931172641985572E-091
  -374.636275042420      -2.758489380760160E-088  5.595754169273605E-088
  -373.843394037039       1.318455519749010E-087  1.415233405458461E-087
  -373.050513031658       5.020130352918969E-087 -2.534171288522489E-087
  -372.257632026277      -3.664697934727028E-087 -1.459012630926251E-086
  -371.464751020897      -3.646548387557843E-086  2.276663646820760E-087
  -370.671870015516      -8.777293966232677E-087  7.954432839220303E-086
  -369.878989010135       1.511830201201320E-085  4.639148879780403E-086
  -369.086108004754       1.429105252527035E-085 -2.454820754401697E-085
  -368.293226999373      -3.203564716519747E-085 -3.443626278570316E-085
  -367.500345993993      -6.822567711321061E-085  2.657637997167802E-085
  -366.707464988612      -1.126912707925329E-085  1.091804640639559E-084
  -365.914583983231       1.265292819998472E-084  1.022778950889759E-084
  -365.121702977850       2.395404571208550E-084 -5.165226874706505E-085
  -364.328821972470       2.043943196685745E-084 -3.261455513136269E-084
  -363.535940967089      -1.026707461476902E-084 -6.369399216803088E-084
  -362.743059961708      -8.598963494280450E-084 -8.013486288095370E-084
  -361.950178956327      -2.338698911338456E-083 -2.913928267288849E-084
  -361.157297950946      -4.604330460941413E-083  2.481403092290327E-083
  -360.364416945566      -5.452733910071476E-083  1.161290866154444E-082
  -359.571535940185       8.319189638249421E-083  3.346659599642852E-082
  -358.778654934804       8.389186486953129E-082  5.456255691052230E-082
  -357.985773929423       2.969017212182013E-081 -7.891724971183368E-082
  -357.192892924042       3.579417377472834E-081 -9.054277795231775E-081
  -356.400011918662      -1.905292080467543E-080 -2.447332525750138E-080
  -355.607130913281      -9.409814245553728E-080  2.206760592704402E-080
  -354.814249907900      -3.093316594508917E-080  2.854562831680420E-079
  -354.021368902519       7.415911657334516E-079  2.864759895277823E-079
  -353.228487897139       1.091562902895260E-078 -1.694103905326129E-078
  -352.435606891758      -3.401825153045559E-078 -3.129714608065975E-078
  -351.642725886377      -7.534503858410311E-078  5.861756287937285E-078
  -350.849844880996       8.115037146093352E-078  1.583210203161574E-077
  -350.056963875615       2.934473639811248E-077 -7.145812940311667E-078
  -349.264082870235       3.100626018600540E-078 -4.734603397819490E-077
  -348.471201864854      -6.323547634689170E-077 -3.104333433323880E-077
  -347.678320859473      -8.212360262516817E-077  5.934358363653065E-077
  -346.885439854092       5.104122529148831E-078  1.449146127767749E-076
  -346.092558848712       1.683174663140726E-076  1.290380865557795E-076
  -345.299677843331       3.219044532266939E-076 -4.495020155055786E-077
  -344.506796837950       3.482472993808137E-076 -4.036677358023338E-076
  -343.713915832569       4.098151792016936E-077 -9.503302981292272E-076
  -342.921034827188      -1.050733559945931E-075 -1.540515642351159E-075
  -342.128153821808      -3.810125686334216E-075 -1.311373842188743E-075
  -341.335272816427      -9.033530282461917E-075  3.136280151044458E-075
  -340.542391811046      -1.230337887431384E-074  2.137920542745980E-074
  -339.749510805665       1.758069627179377E-074  6.574834865193693E-074
  -338.956629800285       1.778512862462295E-073  8.410425991027397E-074
  -338.163748794904       5.049509888891165E-073 -2.888860603490544E-073
  -337.370867789523      -1.122883505108375E-074 -1.715547204833683E-072
  -336.577986784142      -4.504083438812434E-072 -1.980616499399571E-072
  -335.785105778761      -9.172899457512664E-072  9.781837000420740E-072
  -334.992224773381       1.763380843407189E-071  2.913749799609598E-071
  -334.199343768000       7.550588327735785E-071 -2.468595264855858E-071
  -333.406462762619      -1.835721426890990E-071 -1.677064238938996E-070
  -332.613581757238      -3.238989571694375E-070 -3.308893939539210E-071
  -331.820700751857      -1.919996170075475E-070  5.406229607327429E-070
  -331.027819746477       7.531917954389056E-070  5.512990037174650E-070
  -330.234938741096       1.193856991094102E-069 -7.796438600329681E-070
  -329.442057735715      -2.806956697044012E-070 -2.069951753111191E-069
  -328.649176730334      -2.769023966748069E-069 -1.169103175419780E-069
  -327.856295724954      -3.721975685828704E-069  2.261063298583356E-069
  -327.063414719573      -1.065150329485133E-069  6.420285249955083E-069
  -326.270533714192       5.983479057927106E-069  8.319415860037234E-069
  -325.477652708811       1.690018638986665E-068  3.679273789410680E-069
  -324.684771703430       2.800749498804825E-068 -1.475967515413524E-068
  -323.891890698050       2.439276177777426E-068 -5.828851921264410E-068
  -323.099009692669      -4.154911373369752E-068 -1.309272243045560E-067
  -322.306128687288      -2.796773284409186E-067 -1.612196874892879E-067
  -321.513247681907      -7.790788535492567E-067  2.193310658525454E-067
  -320.720366676527      -8.801906300180731E-067  1.935535728623039E-066
  -319.927485671146       2.871903462647627E-066  4.957625028938602E-066
  -319.134604665765       1.547161450921108E-065  1.182142467444232E-067
  -318.341723660384       1.802990758358341E-065 -3.672064741025973E-065
  -317.548842655003      -6.994651159938202E-065 -7.644334843917087E-065
  -316.755961649623      -2.243593709708564E-064  1.026870970836002E-064
  -315.963080644242       8.701745088791278E-065  5.375559023995615E-064
  -315.170199638861       1.099780090672343E-063  9.571659812875872E-065
  -314.377318633480       6.757243926341454E-064 -1.935349444753551E-063
  -313.584437628099      -2.867967974806163E-063 -2.004606564506368E-063
  -312.791556622719      -4.446002019523562E-063  3.311463572613347E-063
  -311.998675617338       2.087614506450075E-063  8.008866587791289E-063
  -311.205794611957       1.161693337285870E-062  2.454296413715124E-063
  -310.412913606576       1.149699427779069E-062 -1.216759700835100E-062
  -309.620032601196      -4.204110583145778E-063 -2.337923518779375E-062
  -308.827151595815      -2.979209066223795E-062 -1.784199197475990E-062
  -308.034270590434      -5.184167856507631E-062  1.287159984660996E-062
  -307.241389585053      -4.952280153351660E-062  7.269125076538398E-062
  -306.448508579672       1.544535067777667E-062  1.561745113473497E-061
  -305.655627574292       2.159231173270578E-061  2.157448543165850E-061
  -304.862746568911       6.445863529338209E-061  5.361660003544027E-062
  -304.069865563530       1.174242075350028E-060 -9.055462546608396E-061
  -303.276984558149       4.188992233511999E-061 -3.606015353886938E-060
  -302.484103552769      -6.401674162726469E-060 -6.774699387984231E-060
  -301.691222547388      -2.430280679417447E-059  3.531911654652554E-060
  -300.898341542007      -2.396450500533950E-059  6.023913032320656E-059
  -300.105460536626       1.149445781364209E-058  1.216523391254141E-058
  -299.312579531245       3.801306537250737E-058 -1.613254244239093E-058
  -298.519698525865      -1.055695093066442E-058 -9.487135109210174E-058
  -297.726817520484      -2.017433862247084E-057 -2.712660379885654E-058
  -296.933936515103      -1.377077792324618E-057  3.718276717522646E-057
  -296.141055509722       5.892682327536888E-057  3.833787185441968E-057
  -295.348174504342       8.356930224205250E-057 -7.724950524299549E-057
  -294.555293498961      -7.377437796543401E-057 -1.529691899840026E-056
  -293.762412493580      -2.364347518212867E-056  1.989087810366298E-057
  -292.969531488199      -1.131331148438119E-056  2.957989596099899E-056
  -292.176650482818       2.545925856021502E-056  3.258447541066010E-056
  -291.383769477438       5.415843440415673E-056 -1.374259549136754E-057
  -290.590888472057       4.727544202344773E-056 -5.568091474484754E-056
  -289.798007466676      -5.905155818167640E-057 -1.035763521686567E-055
  -289.005126461295      -1.083738152555045E-055 -1.154160567821093E-055
  -288.212245455914      -2.599780377956528E-055 -4.258044461698397E-056
  -287.419364450534      -4.288426391760484E-055  2.201773319170389E-055
  -286.626483445153      -4.240093946556061E-055  8.743337144367523E-055
  -285.833602439772       4.838442264701090E-055  2.091209676409483E-054
  -285.040721434391       4.216955704871153E-054  2.928886937856712E-054
  -284.247840429011       1.278857100725888E-053 -2.677069273306961E-054
  -283.454959423630       1.534906492601656E-053 -3.100222415025666E-053
  -282.662078418249      -4.810717861676846E-053 -7.948757002616037E-053
  -281.869197412868      -2.457478742410897E-052  1.911556723046855E-053
  -281.076316407487      -1.828836209193112E-052  6.022054582315520E-052
  -280.283435402107       1.258682230663745E-051  8.352668702042807E-052
  -279.490554396726       2.430469950158848E-051 -2.295213205902072E-051
  -278.697673391345      -3.621555335264181E-051 -5.668482850752403E-051
  -277.904792385964      -1.128026527807867E-050  4.692415236625169E-051
  -277.111911380583       4.112051766393797E-051  1.959796518902389E-050
  -276.319030375203       2.981866289576411E-050  5.905836499437339E-052
  -275.526149369822       1.244717426689430E-050 -3.897827757898473E-050
  -274.733268364441      -4.099018153061134E-050 -3.315419871037092E-050
  -273.940387359060      -5.951968105591516E-050  2.691865448967337E-050
  -273.147506353680      -1.136474462748884E-050  7.910835370820877E-050
  -272.354625348299       6.833972411318565E-050  7.191262293391867E-050
  -271.561744342918       1.282345057888372E-049  1.491773369282516E-052
  -270.768863337537       1.316105908327637E-049 -1.177975896841203E-049
  -269.975982332156       4.414460258895074E-050 -2.603333271354954E-049
  -269.183101326776      -1.966204575627594E-049 -3.866832325460261E-049
  -268.390220321395      -7.023076642477054E-049 -3.566236604252451E-049
  -267.597339316014      -1.552834767311252E-048  2.823943075840112E-049
  -266.804458310633      -2.219201655119603E-048  2.655107008497489E-048
  -266.011577305253       5.396236389646844E-049  8.160087929838246E-048
  -265.218696299872       1.616116373115116E-047  1.246774440355889E-047
  -264.425815294491       5.034656429481078E-047 -1.491026951129420E-047
  -263.632934289110       3.161110156595773E-047 -1.318108727466262E-046
  -262.840053283729      -2.703226571171827E-046 -2.090498081081552E-046
  -262.047172278349      -6.854702471983540E-046  4.499682009025530E-046
  -261.254291272968       5.843918099249432E-046  1.735209828266164E-045
  -260.461410267587       3.710022852698038E-045 -4.599671644919516E-046
  -259.668529262206       3.356978627406827E-046 -6.891661994924882E-045
  -258.875648256826      -1.118811822027283E-044 -2.483980163341455E-045
  -258.082767251445      -6.905418721521078E-045  1.573329270044183E-044
  -257.289886246064       1.855878481728690E-044  1.439820115578457E-044
  -256.497005240683       2.471672081121377E-044 -1.660021694670353E-044
  -255.704124235302      -6.459628191213883E-045 -3.518445430065471E-044
  -254.911243229922      -3.955883586217208E-044 -1.350925263941886E-044
  -254.118362224541      -3.954963449423215E-044  2.865498471385204E-044
  -253.325481219160      -5.129065397442891E-045  5.841556981934908E-044
  -252.532600213779       4.666927213463820E-044  5.770025589494249E-044
  -251.739719208398       9.923146595322112E-044  1.949244326841062E-044
  -250.946838203018       1.354660560322340E-043 -6.617403151642102E-044
  -250.153957197637       1.169250090380005E-043 -2.189439858939948E-043
  -249.361076192256      -6.323212552849492E-044 -4.478018760155278E-043
  -248.568195186875      -6.526807937071193E-043 -6.302643873295574E-043
  -247.775314181495      -1.978221315109124E-042 -9.692525857563761E-044
  -246.982433176114      -3.390465037518265E-042  3.139245707891774E-042
  -246.189552170733       7.215102000194134E-043  1.123954205280035E-041
  -245.396671165352       2.428550775002398E-041  1.384047875154652E-041
  -244.603790159971       5.776330670077306E-041 -3.727439018889891E-041
  -243.810909154591      -3.083456556053383E-041 -1.601917376122739E-040
  -243.018028149210      -3.624097817380308E-040 -3.938100354176488E-041
  -242.225147143829      -2.510195940917385E-040  7.086105691958182E-040
  -241.432266138448       1.216629569722495E-039  7.120450876756857E-040
  -240.639385133067       1.538814577808341E-039 -1.821001656088950E-039
  -239.846504127687      -2.303043415462348E-039 -2.809911545634086E-039
  -239.053623122306      -4.483700153186972E-039  2.258791504946174E-039
  -238.260742116925       1.174160010827750E-039  6.266365680957450E-039
  -237.467861111544       7.465480476820439E-039  1.339554884329136E-039
  -236.674980106164       5.140047110361227E-039 -6.967273657553060E-039
  -235.882099100783      -3.565581528002500E-039 -9.064748625147224E-039
  -235.089218095402      -1.064761861756747E-038 -3.150616407831205E-039
  -234.296337090021      -1.138797730672775E-038  6.617061758545224E-039
  -233.503456084640      -5.078661614374145E-039  1.584824430685225E-038
  -232.710575079260       8.139873964347946E-039  2.132342756833734E-038
  -231.917694073879       2.903409850578979E-038  1.846516787540791E-038
  -231.124813068498       5.722135715591773E-038 -3.721815552295504E-039
  -230.331932063117       7.960958610809248E-038 -6.917491573095457E-038
  -229.539051057737       3.384251643968251E-038 -2.094846664761490E-037
  -228.746170052356      -2.606503888513258E-037 -3.790398065098207E-037
  -227.953289046975      -1.044838316678383E-036 -1.269305030356724E-037
  -227.160408041594      -1.686474609688426E-036  1.818801248622931E-036
  -226.367527036213       1.718991136625026E-036  5.604784416316423E-036
  -225.574646030833       1.341607343559285E-035  1.742152156890992E-036
  -224.781765025452       1.336594822394032E-035 -2.654650318299551E-035
  -223.988884020071      -4.531619881979913E-035 -4.055612013005144E-035
  -223.196003014690      -9.206614465960578E-035  6.712391223452242E-035
  -222.403122009309       8.362204895233668E-035  1.743190348308459E-034
  -221.610241003929       2.855422410975282E-034 -7.778106082957490E-035
  -220.817359998548      -2.420946373561234E-035 -4.092445756858957E-034
  -220.024478993167      -5.090253848720949E-034 -1.023373052400047E-034
  -219.231597987786      -3.079636459031286E-034  5.279768947424826E-034
  -218.438716982406       3.996943945995286E-034  5.544630421597697E-034
  -217.645835977025       7.403082558687819E-034 -8.019865357561476E-035
  -216.852954971644       3.965405642164829E-034 -7.085889690450607E-034
  -216.060073966263      -3.083018054598850E-034 -8.565992688798706E-034
  -215.267192960882      -9.661187339551315E-034 -4.729421865315866E-034
  -214.474311955502      -1.325972156674854E-033  3.340821334867640E-034
  -213.681430950121      -1.175563756668345E-033  1.491342299752503E-033
  -212.888549944740      -9.030046679743941E-035  2.904700167621680E-033
  -212.095668939359       2.821600880500031E-033  4.016665338043178E-033
  -211.302787933979       8.741103760044702E-033  2.528538915424570E-033
  -210.509906928598       1.644379447452546E-032 -7.993572778254229E-033
  -209.717025923217       1.182891388078912E-032 -3.726650827849141E-032
  -208.924144917836      -4.872091405786662E-032 -7.204870321235623E-032
  -208.131263912455      -1.960985397994572E-031  4.751367242298261E-033
  -207.338382907075      -1.888515910825090E-031  3.937290699981750E-031
  -206.545501901694       6.334697674316814E-031  6.877794202834919E-031
  -205.752620896313       1.699347700006523E-030 -8.082763454377356E-031
  -204.959739890932      -7.060547466011681E-031 -3.420901935969452E-030
  -204.166858885551      -5.902759147989642E-030 -1.657082919760727E-033
  -203.373977880171      -1.734392908271126E-030  8.854944563583111E-030
  -202.581096874790       1.148823664244212E-029  4.892204705096724E-030
  -201.788215869409       9.582768204356953E-030 -1.251873306431274E-029
  -200.995334864028      -1.044293014438668E-029 -1.517928729065027E-029
  -200.202453858648      -1.990183739571756E-029  4.153806276163165E-030
  -199.409572853267      -6.099697507469759E-030  2.081994999789099E-029
  -198.616691847886       1.473662198459991E-029  1.763764244813047E-029
  -197.823810842505       2.482479344187769E-029 -2.317803948061700E-031
  -197.030929837124       1.941922826766782E-029 -2.022163801684947E-029
  -196.238048831744       1.392947631942897E-030 -3.380216557845570E-029
  -195.445167826363      -2.617759654264700E-029 -3.581533630695764E-029
  -194.652286820982      -6.114711123913298E-029 -1.854411827272192E-029
  -193.859405815601      -9.533237196654850E-029  3.479446830664680E-029
  -193.066524810221      -9.269394926701016E-029  1.509554346045040E-028
  -192.273643804840       5.687818726807485E-029  3.315381124123864E-028
  -191.480762799459       5.607890430628247E-028  3.908964118989844E-028
  -190.687881794078       1.401947422795927E-027 -3.895204444055879E-028
  -189.895000788697       1.003281247364785E-027 -3.000780468039256E-027
  -189.102119783317      -4.688011331522328E-027 -4.985364737436129E-027
  -188.309238777936      -1.343131866869401E-026  5.009256740131824E-027
  -187.516357772555       1.239695778310373E-027  2.835087958675570E-026
  -186.723476767174       5.093950850400695E-026  1.046884798977427E-026
  -185.930595761794       3.420690720275623E-026 -7.986432481392689E-026
  -185.137714756413      -1.091408379248770E-025 -7.276722057232183E-026
  -184.344833751032      -1.256880344751691E-025  1.270337699487106E-025
  -183.551952745651       1.179870408725785E-025  1.868177322872702E-025
  -182.759071740270       2.416187319033630E-025 -6.850096925661474E-026
  -181.966190734890       2.412961113660165E-026 -2.662946770450377E-025
  -181.173309729509      -2.326272537983083E-025 -1.428728543813552E-025
  -180.380428724128      -2.461096707177879E-025  1.214476026108500E-025
  -179.587547718747      -5.670624767417428E-026  2.733883959350121E-025
  -178.794666713366       1.688979881471830E-025  2.420635518516825E-025
  -178.001785707986       3.233674221079991E-025  7.505737470259786E-026
  -177.208904702605       3.654254478400773E-025 -1.742119107749627E-025
  -176.416023697224       2.550851038354994E-025 -4.786550207919464E-025
  -175.623142691843      -1.093640866760985E-025 -7.959779304294503E-025
  -174.830261686463      -9.245705794664170E-025 -9.348945690237007E-025
  -174.037380681082      -2.345504453647245E-024 -2.458723443619068E-025
  -173.244499675701      -3.642148347212826E-024  2.759285377721377E-024
  -172.451618670320      -7.945573583133196E-025  9.339775912898359E-024
  -171.658737664939       1.493068470675822E-023  1.311289974905811E-023
  -170.865856659559       4.026580070730257E-023 -1.323572972600404E-023
  -170.072975654178       9.987750927197238E-024 -8.793773779961136E-023
  -169.280094648797      -1.586569507814521E-022 -7.673196888968741E-023
  -168.487213643416      -2.131315853993288E-022  2.480882883608278E-022
  -167.694332638036       3.401425593737399E-022  4.391273176823748E-022
  -166.901451632655       7.527537139018850E-022 -4.009180607580403E-022
  -166.108570627274      -3.758233556190582E-022 -1.116419467603250E-021
  -165.315689621893      -1.453359362417010E-021  2.008259839746436E-022
  -164.522808616512      -1.643354234219031E-022  1.655819037263751E-021
  -163.729927611132       1.604404680291102E-021  6.906902979532102E-022
  -162.937046605751       1.247731139258305E-021 -1.205101483398412E-021
  -162.144165600370      -4.496179038046511E-022 -1.610300788034929E-021
  -161.351284594989      -1.522516336683601E-021 -5.155527051526211E-022
  -160.558403589608      -1.353711949070221E-021  8.232648362121214E-022
  -159.765522584228      -3.896310607683991E-022  1.594947239886925E-021
  -158.972641578847       8.346306300501813E-022  1.625333895033293E-021
  -158.179760573466       2.015375363125745E-021  9.267279182466203E-022
  -157.386879568085       2.899465672052475E-021 -6.218955169143185E-022
  -156.593998562705       2.862866037564874E-021 -3.307627668070088E-021
  -155.801117557324       2.634717914278617E-022 -7.080385878226307E-021
  -155.008236551943      -7.957609127567477E-021 -9.577644437245897E-021
  -154.215355546562      -2.326768829656375E-020 -1.697808042347731E-021
  -153.422474541181      -3.106632836077904E-020  3.333737864993777E-020
  -152.629593535801       2.153147941209553E-020  8.787376931296924E-020
  -151.836712530420       1.726189971028549E-019  4.259896763094661E-020
  -151.043831525039       1.990813417759347E-019 -2.718945370671000E-019
  -150.250950519658      -3.536407374424657E-019 -4.868187775811184E-019
  -149.458069514277      -9.224556532539404E-019  3.671040644980475E-019
  -148.665188508897       2.485979316557025E-019  1.472369136181258E-018
  -147.872307503516       2.031712058255444E-018  6.532790155520796E-020
  -147.079426498135       6.111356101670420E-019 -2.429608801788927E-018
  -146.286545492754      -2.469477762194288E-018 -1.354082593452127E-018
  -145.493664487374      -2.142987758881992E-018  1.997170915146072E-018
  -144.700783481993       9.830987823849134E-019  2.702888646191376E-018
  -143.907902476612       2.701725505312955E-018  4.003429173602960E-019
  -143.115021471231       1.743020259868773E-018 -1.897652526079423E-018
  -142.322140465850      -3.322954789957273E-019 -2.459357507542563E-018
  -141.529259460470      -1.997034426456271E-018 -1.510181695203149E-018
  -140.736378455089      -2.698840285288130E-018  1.876703840204482E-019
  -139.943497449708      -2.361026079730744E-018  2.137122562449997E-018
  -139.150616444327      -7.968078158259814E-019  4.050150411089012E-018
  -138.357735438947       2.563558839667689E-018  5.327133528220333E-018
  -137.564854433566       8.389742196476369E-018  4.056865100839358E-018
  -136.771973428185       1.538636621105830E-017 -4.354494216549448E-018
  -135.979092422804       1.389382393655261E-017 -2.585623168904114E-017
  -135.186211417423      -2.197821614872385E-017 -5.189502479901436E-017
  -134.393330412043      -1.085856940555032E-016 -1.922031034581982E-017
  -133.600449406662      -1.289935501474604E-016  1.706118098556780E-016
  -132.807568401281       2.090467800923557E-016  3.411525982541192E-016
  -132.014687395900       6.797949530710539E-016 -1.825535712570779E-016
  -131.221806390520      -4.863182700691018E-017 -1.139100687463230E-015
  -130.428925385139      -1.659349196233417E-015 -2.218563853855222E-016
  -129.636044379758      -6.346005570256310E-016  2.115641433713113E-015
  -128.843163374377       2.341517232724449E-015  1.164163434446260E-015
  -128.050282368996       1.737846169896698E-015 -2.189670959899599E-015
  -127.257401363616      -1.601577299538474E-015 -2.217512665131900E-015
  -126.464520358235      -2.411945500713765E-015  6.546285751037058E-016
  -125.671639352854      -4.268943163034431E-016  2.143705099572332E-015
  -124.878758347473       1.354775386471374E-015  1.306524690963767E-015
  -124.085877342092       1.630548987199954E-015 -2.023280486752994E-016
  -123.292996336712       9.154565862565066E-016 -1.183304545079831E-015
  -122.500115331331      -6.320062479493584E-017 -1.456205401296137E-015
  -121.707234325950      -9.744577500035994E-016 -1.206959549826598E-015
  -120.914353320569      -1.750167980695177E-015 -5.335629413764489E-016
  -120.121472315189      -2.309646322506767E-015  6.850816840608369E-016
  -119.328591309808      -2.224748565602630E-015  2.751815422833236E-015
  -118.535710304427      -1.751700078755295E-016  5.747246536516181E-015
  -117.742829299046       6.486002988217462E-015  7.839801457288910E-015
  -116.949948293665       1.914525879263152E-014  1.252050337201299E-015
  -116.157067288285       2.461667223485002E-014 -2.834654478753305E-014
  -115.364186282904      -2.323574602433044E-014 -7.029859083346604E-014
  -114.571305277523      -1.420087436501710E-013 -1.500351463725747E-014
  -113.778424272142      -1.083794351697756E-013  2.382432088291268E-013
  -112.985543266762       3.505546926494198E-013  2.733139224560199E-013
  -112.192662261381       5.075827023678858E-013 -4.607943932568127E-013
  -111.399781256000      -5.367214303785372E-013 -7.805339630390735E-013
  -110.606900250619      -1.036966632811053E-012  5.327913170605507E-013
  -109.814019245238       4.073016533418329E-013  1.214337489847754E-012
  -109.021138239858       1.259628788995361E-012 -1.528693246274074E-013
  -108.228257234477       1.823917372884159E-013 -1.138750531727400E-012
  -107.435376229096      -8.469410507644328E-013 -5.014671815565201E-013
  -106.642495223715      -6.905148843486136E-013  4.249411112005921E-013
  -105.849614218334      -3.092120536678328E-014  6.634308857786298E-013
  -105.056733212954       4.058240377824864E-013  3.821817144667087E-013
  -104.263852207573       4.930870665184418E-013 -3.363982805949848E-015
  -103.470971202192       3.640627424778416E-013 -2.987134967635510E-013
  -102.678090196811       1.280603731690678E-013 -4.778778290131273E-013
  -101.885209191431      -1.869965823859255E-013 -5.475161330598471E-013
  -101.092328186050      -6.012130210431057E-013 -4.589529517705476E-013
  -100.299447180669      -1.100729715137084E-012 -3.731384003751514E-014
  -99.5065661752882      -1.416220208021197E-012  1.055360627583379E-012
  -98.7136851699074      -5.365251449033989E-013  3.015854056227016E-012
  -97.9208041645266       3.512710709697608E-012  4.374824067248569E-012
  -97.1279231591459       1.053062463258708E-011 -7.170386536673892E-013
  -96.3350421537651       8.201928087876644E-012 -1.801672434728502E-011
  -95.5421611483843      -2.468329208791128E-011 -2.610302363888385E-011
  -94.7492801430035      -5.475956649605511E-011  2.769940759745760E-011
  -93.9563991376227       2.451529479789351E-011  9.320338076422304E-011
  -93.1635181322419       1.360362859990838E-010 -1.359660490603539E-011
  -92.3706371268612       5.683047668525036E-012 -1.732623674602978E-010
  -91.5777561214804      -1.931501661186802E-010 -3.317555847025505E-011
  -90.7848751160996      -6.660436235954458E-011  1.871166713164217E-010
  -89.9919941107188       1.533976115563595E-010  9.950426371616900E-011
  -89.1991131053380       1.214880520297006E-010 -9.779537803640710E-011
  -88.4062320999573      -3.245176976942797E-011 -1.221386324307094E-010
  -87.6133510945765      -9.650731626097670E-011 -2.649914946116187E-011
  -86.8204700891957      -6.281656862454572E-011  4.918242064511049E-011
  -86.0275890838149      -5.176450815116804E-012  6.568118314500501E-011
  -85.2347080784341       3.540388387264866E-011  4.574143308094353E-011
  -84.4418270730533       5.349001962255758E-011  1.339264308628677E-011
  -83.6489460676726       5.390965401720867E-011 -2.125882970299378E-011
  -82.8560650622918       3.778919951940559E-011 -5.615334723835200E-011
  -82.0631840569110      -1.853901825464942E-012 -8.789012709900292E-011
  -81.2703030515302      -7.858918880401767E-011 -9.860084640371365E-011
  -80.4774220461494      -1.936755255267797E-010 -3.577665562978087E-011
  -79.6845410407687      -2.680060329577565E-010  1.898253601915219E-010
  -78.8916600353879      -3.274663328884135E-011  5.695210031796673E-010
  -78.0987790300071       8.140573871376033E-010  5.879749339070506E-010
  -77.3058980246263       1.542225242761200E-009 -8.082954032131443E-010
  -76.5130170192455      -3.412020860005679E-010 -2.873291201233669E-009
  -75.7201360138647      -4.437447777845922E-009 -7.296861696813371E-010
  -74.9272550084840      -2.385573237832030E-009  5.949364052718827E-009
  -74.1343740031032       6.995769694272336E-009  4.405265083331239E-009
  -73.3414929977224       6.413070251362817E-009 -7.129332064018191E-009
  -72.5486119923416      -6.058010352091778E-009 -7.978780762470547E-009
  -71.7557309869608      -8.702557346526077E-009  3.839864414305364E-009
  -70.9628499815800       9.435658959158445E-010  8.286488655557502E-009
  -70.1699689761993       6.639768064784113E-009  1.874258532608170E-009
  -69.3770879708185       3.811271171499320E-009 -3.998137240591182E-009
  -68.5842069654377      -9.639514404723133E-010 -4.292377969747027E-009
  -67.7913259600569      -3.200108756786032E-009 -1.610406892468671E-009
  -66.9984449546761      -2.895219033715495E-009  9.891773732720086E-010
  -66.2055639492953      -1.385035313166514E-009  2.433324966450004E-009
  -65.4126829439146       4.367510851689276E-010  2.755832459810602E-009
  -64.6198019385338       2.209245299963441E-009  2.113344501813895E-009
  -63.8269209331530       3.670198643440918E-009  4.063631442245542E-010
  -63.0340399277722       4.115611311632756E-009 -2.647193632567491E-009
  -62.2411589223914       1.837793183697761E-009 -6.789582057266599E-009
  -61.4482779170106      -5.574903733938159E-009 -9.223523193652279E-009
  -60.6553969116299      -1.706937783666332E-008 -2.252992453809341E-009
  -59.8625159062491      -1.822626729295854E-008  2.120860595273375E-008
  -59.0696349008683       1.666737062054264E-008  4.176499643483380E-008
  -58.2767538954875       6.975679234321723E-008  6.831146574589695E-010
  -57.4838728901067       3.210072214353744E-008 -9.680129036870684E-008
  -56.6909918847260      -1.160404177207016E-007 -7.437149556063392E-008
  -55.8981108793452      -1.197077088498729E-007  1.205172843310217E-007
  -55.1052298739644       1.052598327569471E-007  1.576992447534204E-007
  -54.3123488685836       1.785123703664570E-007 -6.994535387692418E-008
  -53.5194678632028      -2.077718946221722E-008 -1.757492263973215E-007
  -52.7265868578220      -1.481937536543927E-007 -3.026862681716590E-008
  -51.9337058524413      -6.915159482339233E-008  1.006290981932803E-007
  -51.1408248470605       4.358388528815737E-008  8.481789838539194E-008
  -50.3479438416797       7.347031446426083E-008  8.701363915317813E-009
  -49.5550628362989       4.228358352341551E-008 -4.052158341160416E-008
  -48.7621818309181       5.578137794277927E-010 -4.850374141208515E-008
  -47.9693008255373      -2.808788782459592E-008 -3.250254194677370E-008
  -47.1764198201566      -4.066029764268033E-008 -7.563275881631101E-009
  -46.3835388147758      -3.909062312819375E-008  1.961661374310849E-008
  -45.5906578093950      -2.241365849924980E-008  4.578086599472393E-008
  -44.7977768040142       1.442476769019342E-008  6.359787887110449E-008
  -44.0048957986334       7.388793116721200E-008  5.241763672748104E-008
  -43.2120147932526       1.319989992442010E-007 -2.495448597067273E-008
  -42.4191337878719       9.817766520622848E-008 -1.833789337249613E-007
  -41.6262527824911      -1.567145953819277E-007 -2.879963790103871E-007
  -40.8333717771103      -5.120749572770864E-007  8.589143901346918E-009
  -40.0404907717295      -2.798514276365636E-007  7.195248711942618E-007
  -39.2476097663487       8.544479145792981E-007  6.869775070211000E-007
  -38.4547287609680       1.144264774913793E-006 -8.705531165188301E-007
  -37.6618477555872      -7.418331198734713E-007 -1.547885694073425E-006
  -36.8689667502064      -1.790656189180870E-006  4.705492092507551E-007
  -36.0760857448256       9.582764934575614E-008  1.801431394755789E-006
  -35.2832047394448       1.570147221371469E-006  3.037057257092646E-007
  -34.4903237340640       6.264022527076476E-007 -1.148505157360598E-006
  -33.6974427286833      -6.335675584517826E-007 -7.832013274705207E-007
  -32.9045617233025      -7.343757672628067E-007  1.433504630935807E-007
  -32.1116807179217      -2.128059179808511E-007  5.079786215311373E-007
  -31.3187997125409       1.921671260570847E-007  3.656026931615905E-007
  -30.5259187071601       3.097299662147566E-007  9.515626346877640E-008
  -29.7330377017793       2.490862162313416E-007 -1.095768530371284E-007
  -28.9401566963986       1.192176242949768E-007 -2.187884838124025E-007
  -28.1472756910178      -3.234291418559095E-008 -2.496239527407021E-007
  -27.3543946856370      -1.931279338921003E-007 -2.053636870878824E-007
  -26.5615136802562      -3.443762212919045E-007 -5.698633211371018E-008
  -25.7686326748754      -4.054566249546086E-007  2.435431628241372E-007
  -24.9757516694946      -1.700521136650307E-007  6.682391696767631E-007
  -24.1828706641139       6.187240089730462E-007  8.574319750712690E-007
  -23.3899896587331       1.659583126740144E-006 -5.524963610491290E-008
  -22.5971086533523       1.128805877625288E-006 -2.336108435644710E-006
  -21.8042276479715      -2.646266713967869E-006 -2.889522478265530E-006
  -21.0113466425907      -5.001151764089539E-006  2.444377723445180E-006
  -20.2184656372100       1.737576471883321E-006  7.060233778518878E-006
  -19.4255846318292       8.556927048092691E-006 -6.619248068407962E-007
  -18.6327036264484       5.971381450758238E-007 -9.043141977244460E-006
  -17.8398226210676      -8.339887352231579E-006 -1.848682334859966E-006
  -17.0469416156868      -2.875587123438272E-006  6.633080410746658E-006
  -16.2540606103060       4.379724327070324E-006  3.440143809906845E-006
  -15.4611796049253       3.377165983189568E-006 -2.116539368387416E-006
  -14.6682985995445      -2.982394368561018E-007 -2.702382857137831E-006
  -13.8754175941637      -1.636003927074430E-006 -7.979648852834152E-007
  -13.0825365887829      -1.116572411209663E-006  5.235638148570137E-007
  -12.2896555834021      -2.969294072033737E-007  8.189861669245127E-007
  -11.4967745780213       2.220813143943765E-007  6.206674834209921E-007
  -10.7038935726406       4.486203390341566E-007  3.119333677172907E-007
  -9.91101256725978       5.038875499618983E-007  1.683494432171331E-008
  -9.11813156187900       4.519871699496970E-007 -2.618762069807316E-007
  -8.32525055649822       2.763427528166909E-007 -5.417805610007330E-007
  -7.53236955111743      -1.166342788815777E-007 -7.811755897293674E-007
  -6.73948854573665      -8.403726220382380E-007 -7.509356390932429E-007
  -5.94660754035587      -1.725553460736544E-006  1.043246941406828E-007
  -5.15372653497509      -1.584584163087633E-006  2.277068547383950E-006
  -4.36084552959430       1.826220236608660E-006  4.131135029792838E-006
  -3.56796452421352       7.225216245145757E-006  5.768218434690946E-008
  -2.77508351883274       3.437185166989548E-006 -1.045545933343601E-005
  -1.98220251345196      -1.340043952651953E-005 -7.823781898737527E-006
  -1.18932150807117      -1.218043995341614E-005  1.558943897626235E-005
 -0.396440502690391       1.641314255923257E-005  1.529457460497409E-005
  0.396440502690391       1.641314255923257E-005 -1.529457460497409E-005
   1.18932150807117      -1.218043995341614E-005 -1.558943897626235E-005
   1.98220251345196      -1.340043952651953E-005  7.823781898737527E-006
   2.77508351883274       3.437185166989548E-006  1.045545933343601E-005
   3.56796452421352       7.225216245145757E-006 -5.768218434690946E-008
   4.36084552959430       1.826220236608660E-006 -4.131135029792838E-006
   5.15372653497509      -1.584584163087633E-006 -2.277068547383950E-006
   5.94660754035587      -1.725553460736544E-006 -1.043246941406828E-007
   6.73948854573665      -8.403726220382380E-007  7.509356390932429E-007
   7.53236955111743      -1.166342788815777E-007  7.811755897293674E-007
   8.32525055649822       2.763427528166909E-007  5.417805610007330E-007
   9.11813156187900       4.519871699496970E-007  2.618762069807316E-007
   9.91101256725978       5.038875499618983E-007 -1.683494432171331E-008
   10.7038935726406       4.486203390341566E-007 -3.119333677172907E-007
   11.4967745780213       2.220813143943765E-007 -6.206674834209921E-007
   12.2896555834021      -2.969294072033737E-007 -8.189861669245127E-007
   13.0825365887829      -1.116572411209663E-006 -5.235638148570137E-007
   13.8754175941637      -1.636003927074430E-006  7.979648852834152E-007
   14.6682985995445      -2.982394368561018E-007  2.702382857137831E-006
   15.4611796049253       3.377165983189568E-006  2.116539368387416E-006
   16.2540606103060       4.379724327070324E-006 -3.440143809906845E-006
   17.0469416156868      -2.875587123438272E-006 -6.633080410746658E-006
   17.8398226210676      -8.339887352231579E-006  1.848682334859966E-006
   18.6327036264484       5.971381450758238E-007  9.043141977244460E-006
   19.4255846318292       8.556927048092691E-006  6.619248068407962E-007
   20.2184656372100       1.737576471883321E-006 -7.060233778518878E-006
   21.0113466425907      -5.001151764089539E-006 -2.444377723445180E-006
   21.8042276479715      -2.646266713967869E-006  2.889522478265530E-006
   22.5971086533523       1.128805877625288E-006  2.336108435644710E-006
   23.3899896587331       1.659583126740144E-006  5.524963610491290E-008
   24.1828706641139       6.187240089730462E-007 -8.574319750712690E-007
   24.9757516694946      -1.700521136650307E-007 -6.682391696767631E-007
   25.7686326748754      -4.054566249546086E-007 -2.435431628241372E-007
   26.5615136802562      -3.443762212919045E-007  5.698633211371018E-008
   27.3543946856370      -1.931279338921003E-007  2.053636870878824E-007
   28.1472756910178      -3.234291418559095E-008  2.496239527407021E-007
   28.9401566963986       1.192176242949768E-007  2.187884838124025E-007
   29.7330377017793       2.490862162313416E-007  1.095768530371284E-007
   30.5259187071601       3.097299662147566E-007 -9.515626346877640E-008
   31.3187997125409       1.921671260570847E-007 -3.656026931615905E-007
   32.1116807179217      -2.128059179808511E-007 -5.079786215311373E-007
   32.9045617233025      -7.343757672628067E-007 -1.433504630935807E-007
   33.6974427286833      -6.335675584517826E-007  7.832013274705207E-007
   34.4903237340640       6.264022527076476E-007  1.148505157360598E-006
   35.2832047394448       1.570147221371469E-006 -3.037057257092646E-007
   36.0760857448256       9.582764934575614E-008 -1.801431394755789E-006
   36.8689667502064      -1.790656189180870E-006 -4.705492092507551E-007
   37.6618477555872      -7.418331198734713E-007  1.547885694073425E-006
   38.4547287609680       1.144264774913793E-006  8.705531165188301E-007
   39.2476097663487       8.544479145792981E-007 -6.869775070211000E-007
   40.0404907717295      -2.798514276365636E-007 -7.195248711942618E-007
   40.8333717771103      -5.120749572770864E-007 -8.589143901346918E-009
   41.6262527824911      -1.567145953819277E-007  2.879963790103871E-007
   42.4191337878719       9.817766520622848E-008  1.833789337249613E-007
   43.2120147932526       1.319989992442010E-007  2.495448597067273E-008
   44.0048957986334       7.388793116721200E-008 -5.241763672748104E-008
   44.7977768040142       1.442476769019342E-008 -6.359787887110449E-008
   45.5906578093950      -2.241365849924980E-008 -4.578086599472393E-008
   46.3835388147758      -3.909062312819375E-008 -1.961661374310849E-008
   47.1764198201566      -4.066029764268033E-008  7.563275881631101E-009
   47.9693008255373      -2.808788782459592E-008  3.250254194677370E-008
   48.7621818309181       5.578137794277927E-010  4.850374141208515E-008
   49.5550628362989       4.228358352341551E-008  4.052158341160416E-008
   50.3479438416797       7.347031446426083E-008 -8.701363915317813E-009
   51.1408248470605       4.358388528815737E-008 -8.481789838539194E-008
   51.9337058524412      -6.915159482339233E-008 -1.006290981932803E-007
   52.7265868578220      -1.481937536543927E-007  3.026862681716590E-008
   53.5194678632028      -2.077718946221722E-008  1.757492263973215E-007
   54.3123488685836       1.785123703664570E-007  6.994535387692418E-008
   55.1052298739644       1.052598327569471E-007 -1.576992447534204E-007
   55.8981108793452      -1.197077088498729E-007 -1.205172843310217E-007
   56.6909918847259      -1.160404177207016E-007  7.437149556063392E-008
   57.4838728901067       3.210072214353744E-008  9.680129036870684E-008
   58.2767538954875       6.975679234321723E-008 -6.831146574589695E-010
   59.0696349008683       1.666737062054264E-008 -4.176499643483380E-008
   59.8625159062491      -1.822626729295854E-008 -2.120860595273375E-008
   60.6553969116299      -1.706937783666332E-008  2.252992453809341E-009
   61.4482779170106      -5.574903733938159E-009  9.223523193652279E-009
   62.2411589223914       1.837793183697761E-009  6.789582057266599E-009
   63.0340399277722       4.115611311632756E-009  2.647193632567491E-009
   63.8269209331530       3.670198643440918E-009 -4.063631442245542E-010
   64.6198019385338       2.209245299963441E-009 -2.113344501813895E-009
   65.4126829439146       4.367510851689276E-010 -2.755832459810602E-009
   66.2055639492953      -1.385035313166514E-009 -2.433324966450004E-009
   66.9984449546761      -2.895219033715495E-009 -9.891773732720086E-010
   67.7913259600569      -3.200108756786032E-009  1.610406892468671E-009
   68.5842069654377      -9.639514404723133E-010  4.292377969747027E-009
   69.3770879708185       3.811271171499320E-009  3.998137240591182E-009
   70.1699689761992       6.639768064784113E-009 -1.874258532608170E-009
   70.9628499815800       9.435658959158445E-010 -8.286488655557502E-009
   71.7557309869608      -8.702557346526077E-009 -3.839864414305364E-009
   72.5486119923416      -6.058010352091778E-009  7.978780762470547E-009
   73.3414929977224       6.413070251362817E-009  7.129332064018191E-009
   74.1343740031032       6.995769694272336E-009 -4.405265083331239E-009
   74.9272550084840      -2.385573237832030E-009 -5.949364052718827E-009
   75.7201360138647      -4.437447777845922E-009  7.296861696813371E-010
   76.5130170192455      -3.412020860005679E-010  2.873291201233669E-009
   77.3058980246263       1.542225242761200E-009  8.082954032131443E-010
   78.0987790300071       8.140573871376033E-010 -5.879749339070506E-010
   78.8916600353879      -3.274663328884135E-011 -5.695210031796673E-010
   79.6845410407687      -2.680060329577565E-010 -1.898253601915219E-010
   80.4774220461494      -1.936755255267797E-010  3.577665562978087E-011
   81.2703030515302      -7.858918880401767E-011  9.860084640371365E-011
   82.0631840569110      -1.853901825464942E-012  8.789012709900292E-011
   82.8560650622918       3.778919951940559E-011  5.615334723835200E-011
   83.6489460676726       5.390965401720867E-011  2.125882970299378E-011
   84.4418270730533       5.349001962255758E-011 -1.339264308628677E-011
   85.2347080784341       3.540388387264866E-011 -4.574143308094353E-011
   86.0275890838149      -5.176450815116804E-012 -6.568118314500501E-011
   86.8204700891957      -6.281656862454572E-011 -4.918242064511049E-011
   87.6133510945765      -9.650731626097670E-011  2.649914946116187E-011
   88.4062320999573      -3.245176976942797E-011  1.221386324307094E-010
   89.1991131053380       1.214880520297006E-010  9.779537803640710E-011
   89.9919941107188       1.533976115563595E-010 -9.950426371616900E-011
   90.7848751160996      -6.660436235954458E-011 -1.871166713164217E-010
   91.5777561214804      -1.931501661186802E-010  3.317555847025505E-011
   92.3706371268612       5.683047668525036E-012  1.732623674602978E-010
   93.1635181322419       1.360362859990838E-010  1.359660490603539E-011
   93.9563991376227       2.451529479789351E-011 -9.320338076422304E-011
   94.7492801430035      -5.475956649605511E-011 -2.769940759745760E-011
   95.5421611483843      -2.468329208791128E-011  2.610302363888385E-011
   96.3350421537651       8.201928087876644E-012  1.801672434728502E-011
   97.1279231591459       1.053062463258708E-011  7.170386536673892E-013
   97.9208041645266       3.512710709697608E-012 -4.374824067248569E-012
   98.7136851699074      -5.365251449033989E-013 -3.015854056227016E-012
   99.5065661752882      -1.416220208021197E-012 -1.055360627583379E-012
   100.299447180669      -1.100729715137084E-012  3.731384003751514E-014
   101.092328186050      -6.012130210431057E-013  4.589529517705476E-013
   101.885209191431      -1.869965823859255E-013  5.475161330598471E-013
   102.678090196811       1.280603731690678E-013  4.778778290131273E-013
   103.470971202192       3.640627424778416E-013  2.987134967635510E-013
   104.263852207573       4.930870665184418E-013  3.363982805949848E-015
   105.056733212954       4.058240377824864E-013 -3.821817144667087E-013
   105.849614218334      -3.092120536678328E-014 -6.634308857786298E-013
   106.642495223715      -6.905148843486136E-013 -4.249411112005921E-013
   107.435376229096      -8.469410507644328E-013  5.014671815565201E-013
   108.228257234477       1.823917372884159E-013  1.138750531727400E-012
   109.021138239858       1.259628788995361E-012  1.528693246274074E-013
   109.814019245238       4.073016533418329E-013 -1.214337489847754E-012
   110.606900250619      -1.036966632811053E-012 -5.327913170605507E-013
   111.399781256000      -5.367214303785372E-013  7.805339630390735E-013
   112.192662261381       5.075827023678858E-013  4.607943932568127E-013
   112.985543266762       3.505546926494198E-013 -2.733139224560199E-013
   113.778424272142      -1.083794351697756E-013 -2.382432088291268E-013
   114.571305277523      -1.420087436501710E-013  1.500351463725747E-014
   115.364186282904      -2.323574602433044E-014  7.029859083346604E-014
   116.157067288285       2.461667223485002E-014  2.834654478753305E-014
   116.949948293665       1.914525879263152E-014 -1.252050337201299E-015
   117.742829299046       6.486002988217462E-015 -7.839801457288910E-015
   118.535710304427      -1.751700078755295E-016 -5.747246536516181E-015
   119.328591309808      -2.224748565602630E-015 -2.751815422833236E-015
   120.121472315189      -2.309646322506767E-015 -6.850816840608369E-016
   120.914353320569      -1.750167980695177E-015  5.335629413764489E-016
   121.707234325950      -9.744577500035994E-016  1.206959549826598E-015
   122.500115331331      -6.320062479493584E-017  1.456205401296137E-015
   123.292996336712       9.154565862565066E-016  1.183304545079831E-015
   124.085877342092       1.630548987199954E-015  2.023280486752994E-016
   124.878758347473       1.354775386471374E-015 -1.306524690963767E-015
   125.671639352854      -4.268943163034431E-016 -2.143705099572332E-015
   126.464520358235      -2.411945500713765E-015 -6.546285751037058E-016
   127.257401363616      -1.601577299538474E-015  2.217512665131900E-015
   128.050282368996       1.737846169896698E-015  2.189670959899599E-015
   128.843163374377       2.341517232724449E-015 -1.164163434446260E-015
   129.636044379758      -6.346005570256310E-016 -2.115641433713113E-015
   130.428925385139      -1.659349196233417E-015  2.218563853855222E-016
   131.221806390520      -4.863182700691018E-017  1.139100687463230E-015
   132.014687395900       6.797949530710539E-016  1.825535712570779E-016
   132.807568401281       2.090467800923557E-016 -3.411525982541192E-016
   133.600449406662      -1.289935501474604E-016 -1.706118098556780E-016
   134.393330412043      -1.085856940555032E-016  1.922031034581982E-017
   135.186211417423      -2.197821614872385E-017  5.189502479901436E-017
   135.979092422804       1.389382393655261E-017  2.585623168904114E-017
   136.771973428185       1.538636621105830E-017  4.354494216549448E-018
   137.564854433566       8.389742196476369E-018 -4.056865100839358E-018
   138.357735438947       2.563558839667689E-018 -5.327133528220333E-018
   139.150616444327      -7.968078158259814E-019 -4.050150411089012E-018
   139.943497449708      -2.361026079730744E-018 -2.137122562449997E-018
   140.736378455089      -2.698840285288130E-018 -1.876703840204482E-019
   141.529259460470      -1.997034426456271E-018  1.510181695203149E-018
   142.322140465850      -3.322954789957273E-019  2.459357507542563E-018
   143.115021471231       1.743020259868773E-018  1.897652526079423E-018
   143.907902476612       2.701725505312955E-018 -4.003429173602960E-019
   144.700783481993       9.830987823849134E-019 -2.702888646191376E-018
   145.493664487374      -2.142987758881992E-018 -1.997170915146072E-018
   146.286545492754      -2.469477762194288E-018  1.354082593452127E-018
   147.079426498135       6.111356101670420E-019  2.429608801788927E-018
   147.872307503516       2.031712058255444E-018 -6.532790155520796E-020
   148.665188508897       2.485979316557025E-019 -1.472369136181258E-018
   149.458069514277      -9.224556532539404E-019 -3.671040644980475E-019
   150.250950519658      -3.536407374424657E-019  4.868187775811184E-019
   151.043831525039       1.990813417759347E-019  2.718945370671000E-019
   151.836712530420       1.726189971028549E-019 -4.259896763094661E-020
   152.629593535801       2.153147941209553E-020 -8.787376931296924E-020
   153.422474541181      -3.106632836077904E-020 -3.333737864993777E-020
   154.215355546562      -2.326768829656375E-020  1.697808042347731E-021
   155.008236551943      -7.957609127567477E-021  9.577644437245897E-021
   155.801117557324       2.634717914278617E-022  7.080385878226307E-021
   156.593998562705       2.862866037564874E-021  3.307627668070088E-021
   157.386879568085       2.899465672052475E-021  6.218955169143185E-022
   158.179760573466       2.015375363125745E-021 -9.267279182466203E-022
   158.972641578847       8.346306300501813E-022 -1.625333895033293E-021
   159.765522584228      -3.896310607683991E-022 -1.594947239886925E-021
   160.558403589608      -1.353711949070221E-021 -8.232648362121214E-022
   161.351284594989      -1.522516336683601E-021  5.155527051526211E-022
   162.144165600370      -4.496179038046511E-022  1.610300788034929E-021
   162.937046605751       1.247731139258305E-021  1.205101483398412E-021
   163.729927611132       1.604404680291102E-021 -6.906902979532102E-022
   164.522808616512      -1.643354234219031E-022 -1.655819037263751E-021
   165.315689621893      -1.453359362417010E-021 -2.008259839746436E-022
   166.108570627274      -3.758233556190582E-022  1.116419467603250E-021
   166.901451632655       7.527537139018850E-022  4.009180607580403E-022
   167.694332638036       3.401425593737399E-022 -4.391273176823748E-022
   168.487213643416      -2.131315853993288E-022 -2.480882883608278E-022
   169.280094648797      -1.586569507814521E-022  7.673196888968741E-023
   170.072975654178       9.987750927197238E-024  8.793773779961136E-023
   170.865856659559       4.026580070730257E-023  1.323572972600404E-023
   171.658737664939       1.493068470675822E-023 -1.311289974905811E-023
   172.451618670320      -7.945573583133196E-025 -9.339775912898359E-024
   173.244499675701      -3.642148347212826E-024 -2.759285377721377E-024
   174.037380681082      -2.345504453647245E-024  2.458723443619068E-025
   174.830261686463      -9.245705794664170E-025  9.348945690237007E-025
   175.623142691843      -1.093640866760985E-025  7.959779304294503E-025
   176.416023697224       2.550851038354994E-025  4.786550207919464E-025
   177.208904702605       3.654254478400773E-025  1.742119107749627E-025
   178.001785707986       3.233674221079991E-025 -7.505737470259786E-026
   178.794666713366       1.688979881471830E-025 -2.420635518516825E-025
   179.587547718747      -5.670624767417428E-026 -2.733883959350121E-025
   180.380428724128      -2.461096707177879E-025 -1.214476026108500E-025
   181.173309729509      -2.326272537983083E-025  1.428728543813552E-025
   181.966190734890       2.412961113660165E-026  2.662946770450377E-025
   182.759071740270       2.416187319033630E-025  6.850096925661474E-026
   183.551952745651       1.179870408725785E-025 -1.868177322872702E-025
   184.344833751032      -1.256880344751691E-025 -1.270337699487106E-025
   185.137714756413      -1.091408379248770E-025  7.276722057232183E-026
   185.930595761794       3.420690720275623E-026  7.986432481392689E-026
   186.723476767174       5.093950850400695E-026 -1.046884798977427E-026
   187.516357772555       1.239695778310373E-027 -2.835087958675570E-026
   188.309238777936      -1.343131866869401E-026 -5.009256740131824E-027
   189.102119783317      -4.688011331522328E-027  4.985364737436129E-027
   189.895000788697       1.003281247364785E-027  3.000780468039256E-027
   190.687881794078       1.401947422795927E-027  3.895204444055879E-028
   191.480762799459       5.607890430628247E-028 -3.908964118989844E-028
   192.273643804840       5.687818726807485E-029 -3.315381124123864E-028
   193.066524810221      -9.269394926701016E-029 -1.509554346045040E-028
   193.859405815601      -9.533237196654850E-029 -3.479446830664680E-029
   194.652286820982      -6.114711123913298E-029  1.854411827272192E-029
   195.445167826363      -2.617759654264700E-029  3.581533630695764E-029
   196.238048831744       1.392947631942897E-030  3.380216557845570E-029
   197.030929837124       1.941922826766782E-029  2.022163801684947E-029
   197.823810842505       2.482479344187769E-029  2.317803948061700E-031
   198.616691847886       1.473662198459991E-029 -1.763764244813047E-029
   199.409572853267      -6.099697507469759E-030 -2.081994999789099E-029
   200.202453858648      -1.990183739571756E-029 -4.153806276163165E-030
   200.995334864028      -1.044293014438668E-029  1.517928729065027E-029
   201.788215869409       9.582768204356953E-030  1.251873306431274E-029
   202.581096874790       1.148823664244212E-029 -4.892204705096724E-030
   203.373977880171      -1.734392908271126E-030 -8.854944563583111E-030
   204.166858885551      -5.902759147989642E-030  1.657082919760727E-033
   204.959739890932      -7.060547466011681E-031  3.420901935969452E-030
   205.752620896313       1.699347700006523E-030  8.082763454377356E-031
   206.545501901694       6.334697674316814E-031 -6.877794202834919E-031
   207.338382907075      -1.888515910825090E-031 -3.937290699981750E-031
   208.131263912455      -1.960985397994572E-031 -4.751367242298261E-033
   208.924144917836      -4.872091405786662E-032  7.204870321235623E-032
   209.717025923217       1.182891388078912E-032  3.726650827849141E-032
   210.509906928598       1.644379447452546E-032  7.993572778254229E-033
   211.302787933979       8.741103760044702E-033 -2.528538915424570E-033
   212.095668939359       2.821600880500031E-033 -4.016665338043178E-033
   212.888549944740      -9.030046679743941E-035 -2.904700167621680E-033
   213.681430950121      -1.175563756668345E-033 -1.491342299752503E-033
   214.474311955502      -1.325972156674854E-033 -3.340821334867640E-034
   215.267192960882      -9.661187339551315E-034  4.729421865315866E-034
   216.060073966263      -3.083018054598850E-034  8.565992688798706E-034
   216.852954971644       3.965405642164829E-034  7.085889690450607E-034
   217.645835977025       7.403082558687819E-034  8.019865357561476E-035
   218.438716982406       3.996943945995286E-034 -5.544630421597697E-034
   219.231597987786      -3.079636459031286E-034 -5.279768947424826E-034
   220.024478993167      -5.090253848720949E-034  1.023373052400047E-034
   220.817359998548      -2.420946373561234E-035  4.092445756858957E-034
   221.610241003929       2.855422410975282E-034  7.778106082957490E-035
   222.403122009309       8.362204895233668E-035 -1.743190348308459E-034
   223.196003014690      -9.206614465960578E-035 -6.712391223452242E-035
   223.988884020071      -4.531619881979913E-035  4.055612013005144E-035
   224.781765025452       1.336594822394032E-035  2.654650318299551E-035
   225.574646030833       1.341607343559285E-035 -1.742152156890992E-036
   226.367527036213       1.718991136625026E-036 -5.604784416316423E-036
   227.160408041594      -1.686474609688426E-036 -1.818801248622931E-036
   227.953289046975      -1.044838316678383E-036  1.269305030356724E-037
   228.746170052356      -2.606503888513258E-037  3.790398065098207E-037
   229.539051057737       3.384251643968251E-038  2.094846664761490E-037
   230.331932063117       7.960958610809248E-038  6.917491573095457E-038
   231.124813068498       5.722135715591773E-038  3.721815552295504E-039
   231.917694073879       2.903409850578979E-038 -1.846516787540791E-038
   232.710575079260       8.139873964347946E-039 -2.132342756833734E-038
   233.503456084640      -5.078661614374145E-039 -1.584824430685225E-038
   234.296337090021      -1.138797730672775E-038 -6.617061758545224E-039
   235.089218095402      -1.064761861756747E-038  3.150616407831205E-039
   235.882099100783      -3.565581528002500E-039  9.064748625147224E-039
   236.674980106164       5.140047110361227E-039  6.967273657553060E-039
   237.467861111544       7.465480476820439E-039 -1.339554884329136E-039
   238.260742116925       1.174160010827750E-039 -6.266365680957450E-039
   239.053623122306      -4.483700153186972E-039 -2.258791504946174E-039
   239.846504127687      -2.303043415462348E-039  2.809911545634086E-039
   240.639385133067       1.538814577808341E-039  1.821001656088950E-039
   241.432266138448       1.216629569722495E-039 -7.120450876756857E-040
   242.225147143829      -2.510195940917385E-040 -7.086105691958182E-040
   243.018028149210      -3.624097817380308E-040  3.938100354176488E-041
   243.810909154591      -3.083456556053383E-041  1.601917376122739E-040
   244.603790159971       5.776330670077306E-041  3.727439018889891E-041
   245.396671165352       2.428550775002398E-041 -1.384047875154652E-041
   246.189552170733       7.215102000194134E-043 -1.123954205280035E-041
   246.982433176114      -3.390465037518265E-042 -3.139245707891774E-042
   247.775314181495      -1.978221315109124E-042  9.692525857563761E-044
   248.568195186875      -6.526807937071193E-043  6.302643873295574E-043
   249.361076192256      -6.323212552849492E-044  4.478018760155278E-043
   250.153957197637       1.169250090380005E-043  2.189439858939948E-043
   250.946838203018       1.354660560322340E-043  6.617403151642102E-044
   251.739719208398       9.923146595322112E-044 -1.949244326841062E-044
   252.532600213779       4.666927213463820E-044 -5.770025589494249E-044
   253.325481219160      -5.129065397442891E-045 -5.841556981934908E-044
   254.118362224541      -3.954963449423215E-044 -2.865498471385204E-044
   254.911243229922      -3.955883586217208E-044  1.350925263941886E-044
   255.704124235302      -6.459628191213883E-045  3.518445430065471E-044
   256.497005240683       2.471672081121377E-044  1.660021694670353E-044
   257.289886246064       1.855878481728690E-044 -1.439820115578457E-044
   258.082767251445      -6.905418721521078E-045 -1.573329270044183E-044
   258.875648256826      -1.118811822027283E-044  2.483980163341455E-045
   259.668529262206       3.356978627406827E-046  6.891661994924882E-045
   260.461410267587       3.710022852698038E-045  4.599671644919516E-046
   261.254291272968       5.843918099249432E-046 -1.735209828266164E-045
   262.047172278349      -6.854702471983540E-046 -4.499682009025530E-046
   262.840053283729      -2.703226571171827E-046  2.090498081081552E-046
   263.632934289110       3.161110156595773E-047  1.318108727466262E-046
   264.425815294491       5.034656429481078E-047  1.491026951129420E-047
   265.218696299872       1.616116373115116E-047 -1.246774440355889E-047
   266.011577305253       5.396236389646844E-049 -8.160087929838246E-048
   266.804458310633      -2.219201655119603E-048 -2.655107008497489E-048
   267.597339316014      -1.552834767311252E-048 -2.823943075840112E-049
   268.390220321395      -7.023076642477054E-049  3.566236604252451E-049
   269.183101326776      -1.966204575627594E-049  3.866832325460261E-049
   269.975982332156       4.414460258895074E-050  2.603333271354954E-049
   270.768863337537       1.316105908327637E-049  1.177975896841203E-049
   271.561744342918       1.282345057888372E-049 -1.491773369282516E-052
   272.354625348299       6.833972411318565E-050 -7.191262293391867E-050
   273.147506353680      -1.136474462748884E-050 -7.910835370820877E-050
   273.940387359060      -5.951968105591516E-050 -2.691865448967337E-050
   274.733268364441      -4.099018153061134E-050  3.315419871037092E-050
   275.526149369822       1.244717426689430E-050  3.897827757898473E-050
   276.319030375203       2.981866289576411E-050 -5.905836499437339E-052
   277.111911380583       4.112051766393797E-051 -1.959796518902389E-050
   277.904792385964      -1.128026527807867E-050 -4.692415236625169E-051
   278.697673391345      -3.621555335264181E-051  5.668482850752403E-051
   279.490554396726       2.430469950158848E-051  2.295213205902072E-051
   280.283435402107       1.258682230663745E-051 -8.352668702042807E-052
   281.076316407487      -1.828836209193112E-052 -6.022054582315520E-052
   281.869197412868      -2.457478742410897E-052 -1.911556723046855E-053
   282.662078418249      -4.810717861676846E-053  7.948757002616037E-053
   283.454959423630       1.534906492601656E-053  3.100222415025666E-053
   284.247840429011       1.278857100725888E-053  2.677069273306961E-054
   285.040721434391       4.216955704871153E-054 -2.928886937856712E-054
   285.833602439772       4.838442264701090E-055 -2.091209676409483E-054
   286.626483445153      -4.240093946556061E-055 -8.743337144367523E-055
   287.419364450534      -4.288426391760484E-055 -2.201773319170389E-055
   288.212245455914      -2.599780377956528E-055  4.258044461698397E-056
   289.005126461295      -1.083738152555045E-055  1.154160567821093E-055
   289.798007466676      -5.905155818167640E-057  1.035763521686567E-055
   290.590888472057       4.727544202344773E-056  5.568091474484754E-056
   291.383769477438       5.415843440415673E-056  1.374259549136754E-057
   292.176650482818       2.545925856021502E-056 -3.258447541066010E-056
   292.969531488199      -1.131331148438119E-056 -2.957989596099899E-056
   293.762412493580      -2.364347518212867E-056 -1.989087810366298E-057
   294.555293498961      -7.377437796543401E-057  1.529691899840026E-056
   295.348174504342       8.356930224205250E-057  7.724950524299549E-057
   296.141055509722       5.892682327536888E-057 -3.833787185441968E-057
   296.933936515103      -1.377077792324618E-057 -3.718276717522646E-057
   297.726817520484      -2.017433862247084E-057  2.712660379885654E-058
   298.519698525865      -1.055695093066442E-058  9.487135109210174E-058
   299.312579531245       3.801306537250737E-058  1.613254244239093E-058
   300.105460536626       1.149445781364209E-058 -1.216523391254141E-058
   300.898341542007      -2.396450500533950E-059 -6.023913032320656E-059
   301.691222547388      -2.430280679417447E-059 -3.531911654652554E-060
   302.484103552769      -6.401674162726469E-060  6.774699387984231E-060
   303.276984558149       4.188992233511999E-061  3.606015353886938E-060
   304.069865563530       1.174242075350028E-060  9.055462546608396E-061
   304.862746568911       6.445863529338209E-061 -5.361660003544027E-062
   305.655627574292       2.159231173270578E-061 -2.157448543165850E-061
   306.448508579672       1.544535067777667E-062 -1.561745113473497E-061
   307.241389585053      -4.952280153351660E-062 -7.269125076538398E-062
   308.034270590434      -5.184167856507631E-062 -1.287159984660996E-062
   308.827151595815      -2.979209066223795E-062  1.784199197475990E-062
   309.620032601196      -4.204110583145778E-063  2.337923518779375E-062
   310.412913606576       1.149699427779069E-062  1.216759700835100E-062
   311.205794611957       1.161693337285870E-062 -2.454296413715124E-063
   311.998675617338       2.087614506450075E-063 -8.008866587791289E-063
   312.791556622719      -4.446002019523562E-063 -3.311463572613347E-063
   313.584437628099      -2.867967974806163E-063  2.004606564506368E-063
   314.377318633480       6.757243926341454E-064  1.935349444753551E-063
   315.170199638861       1.099780090672343E-063 -9.571659812875872E-065
   315.963080644242       8.701745088791278E-065 -5.375559023995615E-064
   316.755961649623      -2.243593709708564E-064 -1.026870970836002E-064
   317.548842655003      -6.994651159938202E-065  7.644334843917087E-065
   318.341723660384       1.802990758358341E-065  3.672064741025973E-065
   319.134604665765       1.547161450921108E-065 -1.182142467444232E-067
   319.927485671146       2.871903462647627E-066 -4.957625028938602E-066
   320.720366676527      -8.801906300180731E-067 -1.935535728623039E-066
   321.513247681907      -7.790788535492567E-067 -2.193310658525454E-067
   322.306128687288      -2.796773284409186E-067  1.612196874892879E-067
   323.099009692669      -4.154911373369752E-068  1.309272243045560E-067
   323.891890698050       2.439276177777426E-068  5.828851921264410E-068
   324.684771703430       2.800749498804825E-068  1.475967515413524E-068
   325.477652708811       1.690018638986665E-068 -3.679273789410680E-069
   326.270533714192       5.983479057927106E-069 -8.319415860037234E-069
   327.063414719573      -1.065150329485133E-069 -6.420285249955083E-069
   327.856295724954      -3.721975685828704E-069 -2.261063298583356E-069
   328.649176730334      -2.769023966748069E-069  1.169103175419780E-069
   329.442057735715      -2.806956697044012E-070  2.069951753111191E-069
   330.234938741096       1.193856991094102E-069  7.796438600329681E-070
   331.027819746477       7.531917954389056E-070 -5.512990037174650E-070
   331.820700751857      -1.919996170075475E-070 -5.406229607327429E-070
   332.613581757238      -3.238989571694375E-070  3.308893939539210E-071
   333.406462762619      -1.835721426890990E-071  1.677064238938996E-070
   334.199343768000       7.550588327735785E-071  2.468595264855858E-071
   334.992224773381       1.763380843407189E-071 -2.913749799609598E-071
   335.785105778761      -9.172899457512664E-072 -9.781837000420740E-072
   336.577986784142      -4.504083438812434E-072  1.980616499399571E-072
   337.370867789523      -1.122883505108375E-074  1.715547204833683E-072
   338.163748794904       5.049509888891165E-073  2.888860603490544E-073
   338.956629800285       1.778512862462295E-073 -8.410425991027397E-074
   339.749510805665       1.758069627179377E-074 -6.574834865193693E-074
   340.542391811046      -1.230337887431384E-074 -2.137920542745980E-074
   341.335272816427      -9.033530282461917E-075 -3.136280151044458E-075
   342.128153821808      -3.810125686334216E-075  1.311373842188743E-075
   342.921034827188      -1.050733559945931E-075  1.540515642351159E-075
   343.713915832569       4.098151792016936E-077  9.503302981292272E-076
   344.506796837950       3.482472993808137E-076  4.036677358023338E-076
   345.299677843331       3.219044532266939E-076  4.495020155055786E-077
   346.092558848712       1.683174663140726E-076 -1.290380865557795E-076
   346.885439854092       5.104122529148831E-078 -1.449146127767749E-076
   347.678320859473      -8.212360262516817E-077 -5.934358363653065E-077
   348.471201864854      -6.323547634689170E-077  3.104333433323880E-077
   349.264082870235       3.100626018600540E-078  4.734603397819490E-077
   350.056963875615       2.934473639811248E-077  7.145812940311667E-078
   350.849844880996       8.115037146093352E-078 -1.583210203161574E-077
   351.642725886377      -7.534503858410311E-078 -5.861756287937285E-078
   352.435606891758      -3.401825153045559E-078  3.129714608065975E-078
   353.228487897139       1.091562902895260E-078  1.694103905326129E-078
   354.021368902519       7.415911657334516E-079 -2.864759895277823E-079
   354.814249907900      -3.093316594508917E-080 -2.854562831680420E-079
   355.607130913281      -9.409814245553728E-080 -2.206760592704402E-080
   356.400011918662      -1.905292080467543E-080  2.447332525750138E-080
   357.192892924042       3.579417377472834E-081  9.054277795231775E-081
   357.985773929423       2.969017212182013E-081  7.891724971183368E-082
   358.778654934804       8.389186486953129E-082 -5.456255691052230E-082
   359.571535940185       8.319189638249421E-083 -3.346659599642852E-082
   360.364416945566      -5.452733910071476E-083 -1.161290866154444E-082
   361.157297950946      -4.604330460941413E-083 -2.481403092290327E-083
   361.950178956327      -2.338698911338456E-083  2.913928267288849E-084
   362.743059961708      -8.598963494280450E-084  8.013486288095370E-084
   363.535940967089      -1.026707461476902E-084  6.369399216803088E-084
   364.328821972470       2.043943196685745E-084  3.261455513136269E-084
   365.121702977850       2.395404571208550E-084  5.165226874706505E-085
   365.914583983231       1.265292819998472E-084 -1.022778950889759E-084
   366.707464988612      -1.126912707925329E-085 -1.091804640639559E-084
   367.500345993993      -6.822567711321061E-085 -2.657637997167802E-085
   368.293226999373      -3.203564716519747E-085  3.443626278570316E-085
   369.086108004754       1.429105252527035E-085  2.454820754401697E-085
   369.878989010135       1.511830201201320E-085 -4.639148879780403E-086
   370.671870015516      -8.777293966232677E-087 -7.954432839220303E-086
   371.464751020897      -3.646548387557843E-086 -2.276663646820760E-087
   372.257632026277      -3.664697934727028E-087  1.459012630926251E-086
   373.050513031658       5.020130352918969E-087  2.534171288522489E-087
   373.843394037039       1.318455519749010E-087 -1.415233405458461E-087
   374.636275042420      -2.758489380760160E-088 -5.595754169273605E-088
   375.429156047801      -1.931559275991769E-088  2.931172641985572E-091
   376.222037053181      -3.107069013638876E-089  5.005807210635357E-089
   377.014918058562       6.372727583951875E-090  1.703363572793755E-089
   377.807799063943       5.387089274300679E-090  2.228730691259791E-090
   378.600680069324       1.866015575439287E-090 -6.792049362074041E-091
   379.393561074704       3.765124772535456E-091 -6.278812329480800E-091
   380.186442080085      -3.103415581053032E-092 -2.942498296159582E-091
   380.979323085466      -8.891965792534451E-092 -9.738491256782645E-092
   381.772204090847      -6.370740319363578E-092 -1.156985917619940E-092
   382.565085096228      -3.027064508584325E-092  1.705293511671050E-092
   383.357966101608      -5.960507972585410E-093  1.917794288331368E-092
   384.150847106989       6.266201684255970E-093  1.053947797796444E-092
   384.943728112370       7.682060201981073E-093  7.990642748056315E-094
   385.736609117751       2.943315867064153E-093 -3.907300325229591E-093
   386.529490123131      -1.400209982891092E-093 -2.693158269338901E-093
   387.322371128512      -1.787296329904949E-093  2.178634725106785E-094
   388.115252133893      -1.631534681566407E-094  9.860529642558005E-094
   388.908133139274       4.710771366740349E-094  1.969949750530130E-094
   389.701014144655       1.337703781282267E-094 -1.962375100939267E-094
   390.493895150035      -7.005223790436752E-095 -7.154755452976659E-095
   391.286776155416      -3.257517175017316E-095  2.025823246312541E-095
   392.079657160797       3.893686722871168E-096  1.289882303986954E-095
   392.872538166178       4.401106500107414E-096  1.559013979108475E-097
   393.665419171558       5.885448901704441E-097 -1.232887824992446E-096
   394.458300176939      -2.404751811476537E-097 -3.341675497724233E-097
   395.251181182320      -1.235418743557126E-097  3.295799696921199E-099
   396.044062187701      -2.332404489348729E-098  2.987019936980268E-098
   396.836943193082       1.638170540643978E-099  1.204341394122324E-098
   397.629824198462       3.167875223130804E-099  2.696085630924041E-099
   398.422705203843       1.542465016792954E-099  3.413534548707239E-101
   399.215586209224       5.032716187266659E-100 -3.722493094348529E-100
   400.008467214605       7.535715777049989E-101 -2.682441116951753E-100
   400.801348219986      -5.429324225998565E-101 -1.241651672855747E-100
   401.594229225366      -6.497360478854729E-101 -2.929800315886630E-101
   402.387110230747      -3.705092869978883E-101  1.477292965410663E-101
   403.179991236128      -7.014216664536785E-102  2.218688225625338E-101
   403.972872241509       8.574943535834665E-102  1.084066138199039E-101
   404.765753246890       8.045133967825933E-102 -1.344468936466408E-102
   405.558634252270       1.161494766375019E-102 -4.521865800591620E-102
   406.351515257651      -2.103318042965544E-102 -1.417535087621384E-102
   407.144396263032      -9.868275473783415E-103  8.230064519263100E-103
   407.937277268413       2.612853181907244E-103  5.394775935703090E-103
   408.730158273793       2.494314180509885E-103 -5.646139571554197E-104
   409.523039279174       1.380165828699325E-105 -9.973973244395131E-104
   410.315920284555      -3.436973629251883E-104 -9.925395323606538E-105
   411.108801289936      -6.735347942038287E-105  9.852011871804127E-105
   411.901682295317       2.078273961800301E-105  3.139062282833969E-105
   412.694563300697       1.137713011836690E-105 -1.362026503895983E-106
   413.487444306078       1.439801635492792E-106 -3.125575361899101E-106
   414.280325311459      -5.035294906115115E-107 -9.141506544372048E-107
   415.073206316840      -3.195772188993677E-107 -6.829620780790975E-108
   415.866087322220      -9.012413078741810E-108  5.904876584448069E-108
   416.658968327601      -9.382158666955057E-109  3.682025818580864E-108
   417.451849332982       6.469795152370279E-109  1.295928108698368E-108
   418.244730338363       5.519946319912659E-109  2.342352650886972E-109
   419.037611343744       2.553030566450788E-109 -8.519945954906751E-110
   419.830492349124       6.076377382903688E-110 -1.148732067229862E-109
   420.623373354505      -2.177961297686810E-110 -6.293562567400400E-110
   421.416254359886      -3.346757483846456E-110 -1.206179286685042E-110
   422.209135365267      -1.570441909213184E-110  1.137344029658343E-110
   423.002016370648       1.183367285420244E-111  1.047303039255671E-110
   423.794897376028       5.298177523157434E-111  1.764527851512178E-111
   424.587778381409       1.786442719869626E-111 -2.187531699679477E-111
   425.380659386790      -7.325323197091534E-112 -1.121856846085256E-111
   426.173540392171      -5.609880295367032E-112  1.782557842566328E-112
   426.966421397551       1.232390939670540E-113  2.374629926134241E-112
   427.759302402932       8.626355818308904E-113  1.854975697089281E-113
   428.552183408313       1.464143122824579E-113 -2.645164372575422E-113
   429.345064413694      -6.387746645244132E-114 -7.261340076659457E-114
   430.137945419075      -2.793321426840944E-114  8.989676610919672E-115
   430.930826424455      -1.512890367551677E-115  8.479592011250508E-115
   431.723707429836       1.832944166265420E-115  1.700893878514236E-115
   432.516588435217       7.241928591251374E-116 -1.228254240575722E-116
   433.309469440598       1.192291551970079E-116 -1.886712154632013E-116
   434.102350445978      -1.497431965851243E-117 -6.994753752830175E-117
   434.895231451359      -1.980324843907201E-117 -1.453713581010870E-117
   435.688112456740      -9.117113404639105E-118  6.048746745433667E-119
   436.480993462121      -2.677222205087045E-118  2.551649713504675E-118
   437.273874467502      -1.545854817723991E-119  1.619411523589461E-118
   438.066755472882       4.733874374812148E-119  6.093149103813270E-119
   438.859636478263       3.876584194678474E-119  3.638672700096029E-120
   439.652517483644       1.430634720358701E-119 -1.471573428252706E-119
   440.445398489025      -2.284732899071271E-120 -1.081702898717206E-119
   441.238279494405      -5.688989513754727E-120 -1.716640743667411E-120
   442.031160499786      -2.020439804371020E-120  2.365374780453744E-120
   442.824041505167       7.814925502154049E-121  1.339215401161828E-120
   443.616922510548       6.981671402920295E-121 -1.826159439152879E-121
   444.409803515929      -8.342161483876233E-123 -3.088721817446921E-121
   445.202684521309      -1.186210890837946E-121 -2.174307734042394E-122
   445.995565526690      -1.641689460752047E-122  3.951643460903090E-122
   446.788446532071       1.115622241900412E-122  8.220413354907465E-123
   447.581327537452       3.312458662703243E-123 -2.481115164040998E-123
   448.374208542832      -3.190655925403530E-124 -1.113498976467146E-123
   449.167089548213      -3.056695720514341E-124 -5.250109071610373E-125
   449.959970553594      -5.322606405640262E-125  6.153550837132167E-125
   450.752851558975       4.656441097961091E-126  2.093500899480294E-125
   451.545732564356       5.080336401327793E-126  2.848119482118986E-126
   452.338613569736       1.615324755699683E-126 -4.128941062404477E-127
   453.131494575117       2.988996200185588E-127 -4.167464963142374E-127
   453.924375580498      -5.970583537363828E-129 -1.718215266900252E-127
   454.717256585879      -3.955115183120932E-128 -4.944435431442204E-128
   455.510137591260      -2.486986169306006E-128 -6.280506812958116E-129
   456.303018596640      -1.030683899159311E-128  4.794908966692280E-129
   457.095899602021      -2.098111532554076E-129  5.024764636484665E-129
   457.888780607402       1.130261600922983E-129  2.528833855716587E-129
   458.681661612783       1.420016041854811E-129  3.547765955658290E-130
   459.474542618163       5.690183428498727E-130 -5.387614768738870E-130
   460.267423623544      -1.176818231630973E-130 -3.970465293142083E-130
   461.060304628925      -2.097694534236338E-130 -1.894705443317357E-131
   461.853185634306      -3.823778463161248E-131  9.322904165787119E-131
   462.646066639687       3.602543491623376E-131  2.612936794241808E-131
   463.438947645067       1.318097113965331E-131 -1.211668388169158E-131
   464.231828650448      -3.441451515079691E-132 -5.532147018328883E-132
   465.024709655829      -2.009423341893403E-132  7.482717437322496E-133
   465.817590661210       7.554806869609443E-134  6.380738903022940E-133
   466.610471666591       1.746943483528085E-133  3.218337902487395E-134
   467.403352671971       2.460951119401156E-134 -3.905792307645780E-134
   468.196233677352      -5.887933662537725E-135 -9.925784999770941E-135
   468.989114682733      -2.845582276269979E-135 -1.065613489903925E-136
   469.781995688114      -4.639673945047292E-136  5.403058689473399E-136
   470.574876693494       1.799815943345112E-137  1.843500104958095E-136
   471.367757698875       3.769362177903951E-137  3.473075349366135E-137
   472.160638704256       1.532738792172619E-137  1.134877732541866E-138
   472.953519709637       4.279404250835156E-138 -2.695332273155403E-138
   473.746400715018       6.832993713083503E-139 -1.705225642901562E-138
   474.539281720398      -1.926727698694020E-139 -7.099240611355379E-139
   475.332162725779      -2.629250712911666E-139 -1.859305307435048E-139
   476.125043731160      -1.503349456208658E-139  2.139453291248547E-140
   476.917924736541      -4.193886722349654E-140  6.288433282357826E-140
   477.710805741921       1.326659928935276E-140  3.642960003552605E-140
   478.503686747302       1.962577988491896E-140  3.631026313414484E-141
   479.296567752683       5.801520840502168E-141 -8.195469665414426E-141
   480.089448758064      -2.765434208616162E-141 -3.940620154014080E-141
   480.882329763445      -2.025968129120090E-141  7.259626858486419E-142
   481.675210768825       1.151917277463837E-142  8.742782021983960E-142
   482.468091774206       3.270799279823868E-142  1.677828846414300E-143
   483.260972779587       2.487628238217121E-143 -1.068896629274489E-142
   484.053853784968      -3.026568158412239E-143 -1.378637473533154E-143
   484.846734790349      -5.727451608685709E-144  7.196351850522282E-144
   485.639615795729       1.303855854277634E-144  1.962967205329346E-144
   486.432496801110       5.605637806048558E-145 -1.077231445136547E-145
   487.225377806491       3.977706571410804E-146 -1.278302270604552E-145
   488.018258811872      -1.957570661240919E-146 -2.429260184028329E-146
   488.811139817252      -7.415085902866056E-147 -6.770453562279440E-149
   489.604020822633      -1.300319757684014E-147  1.305049361031784E-147
   490.396901828014      -2.859562021582228E-149  4.877875071712641E-148
   491.189782833395       8.124170524143585E-149  1.147764691482082E-148
   491.982663838776       4.229063280050355E-149  1.338008197770116E-149
   492.775544844156       1.449411354866825E-149 -5.162511786026159E-150
   493.568425849537       3.073828724416750E-150 -4.972623016621826E-150
   494.361306854918      -4.117782518822046E-151 -2.371514459137992E-150
   495.154187860299      -8.702594763171011E-151 -5.981887852456915E-151
   495.947068865680      -4.641729615560157E-151  1.338934694945211E-151
   496.739949871060      -6.891956211328856E-152  2.139462540104303E-151
   497.532830876441       7.167271951047933E-152  7.480640197732384E-152
   498.325711881822       4.312015569962016E-152 -1.628999517074927E-152
   499.118592887203      -7.580640400119632E-154 -1.932174175918570E-152
   499.911473892583      -7.319926386933228E-153 -1.630625204141000E-153
   500.704354897964      -1.118391579428989E-153  2.403002273059205E-153
   501.497235903345       6.819204401426509E-154  5.018633086988476E-154
   502.290116908726       1.819491715015505E-154 -1.626749012107241E-154
   503.082997914107      -3.002461592262148E-155 -5.630115486703717E-155
   503.875878919487      -1.500858938982021E-155  2.965880465922540E-156
   504.668759924868      -5.901389459991681E-157  3.368821562625080E-156
   505.461640930249       5.884374385414622E-157  4.280429152262779E-157
   506.254521935630       1.393082498549314E-157 -5.764208197274773E-158
   507.047402941010       7.762506716825910E-159 -3.016656112051597E-158
   507.840283946391      -3.632112549439313E-159 -5.467745622527161E-159
   508.633164951772      -1.403291693641110E-159 -3.169958191652140E-160
   509.426045957153      -2.948138687120595E-160  1.542793704890884E-160
   510.218926962534      -3.340080459338994E-161  7.474201134150775E-161
   511.011807967914       5.030056459266104E-162  2.082133297731547E-161
   511.804688973295       4.653930114718427E-162  3.626705613444557E-162
   512.597569978676       1.671073028937728E-162 -8.173515713720348E-164
   513.390450984057       3.202996912994609E-163 -3.436641035851163E-163
   514.183331989437      -1.216653372765486E-164 -1.216333129743071E-163
   514.976212994818      -2.232988966267028E-164 -1.312192185214265E-164
   515.769094000199      -2.717131393200530E-165  1.497086086246510E-165
   516.561975005580       3.949067132096885E-193  6.465814191500117E-192
