  -516.561975005580      -6.598950910127960E-195  2.600717418625571E-195
  -515.769094000199       4.821411558668656E-168 -1.230658672319779E-168
  -514.976212994818      -5.717032176526329E-167  7.592879702929965E-168
  -514.183331989437       3.492743615034648E-166 -7.340123145276224E-169
  -513.390450984057      -1.541741320324837E-165 -2.466908644783421E-166
  -512.597569978676       5.404435862910188E-165  2.076551302141006E-165
  -511.804688973295      -1.523661553403072E-164 -1.124518509304094E-164
  -511.011807967914       3.198322255741483E-164  4.716802324531690E-164
  -510.218926962534      -2.948204140736251E-164 -1.605266917783657E-163
  -509.426045957153      -1.387530732544399E-163  4.364059614488887E-163
  -508.633164951772       9.852661149030602E-163 -8.346182018544456E-163
  -507.840283946391      -3.728325966307926E-162  3.028793282329952E-163
  -507.047402941010       9.425630073313658E-162  6.299331572952873E-162
  -506.254521935630      -1.005527762696316E-161 -3.503290883800329E-161
  -505.461640930249      -5.291407851553784E-161  1.137048353987858E-160
  -504.668759924868       4.218176907421733E-160 -1.922576612967700E-160
  -503.875878919487      -1.779231561358336E-159 -4.579068088969615E-160
  -503.082997914107       4.914373118822443E-159  5.993701598123615E-159
  -502.290116908726      -4.080753400094710E-159 -3.414392534961600E-158
  -501.497235903345      -5.727464202676074E-158  1.470743905475713E-157
  -500.704354897964       5.146720193176276E-157 -5.248368692498597E-157
  -499.911473892583      -3.016428948812642E-156  1.571101101206199E-156
  -499.118592887203       1.481750580432795E-155 -3.816754032714074E-156
  -498.325711881822      -6.524602578099458E-155  6.750883140714019E-156
  -497.532830876441       2.631836723735349E-154 -5.370612345986003E-156
  -496.739949871060      -9.751442687254850E-154 -1.254671352489875E-155
  -495.947068865680       3.303809883347489E-153  5.477386120493922E-155
  -495.154187860299      -1.019598574414838E-152 -1.256117627544853E-154
  -494.361306854918       2.868982734822375E-152  6.323299711654509E-154
  -493.568425849537      -7.397863569560624E-152 -4.940202663545275E-153
  -492.775544844156       1.754947659565077E-151  2.920902670274529E-152
  -491.982663838776      -3.807644933329192E-151 -1.312949831318140E-151
  -491.189782833395       7.338667551355670E-151  4.797624612821390E-151
  -490.396901828014      -1.147844416363610E-150 -1.481829643033266E-150
  -489.604020822633       9.561202951086528E-151  3.907025026790776E-150
  -488.811139817252       2.280167671999100E-150 -8.552118962775081E-150
  -488.018258811872      -1.506201744972138E-149  1.370202839297037E-149
  -487.225377806491       4.948348839079154E-149 -5.415082267042000E-150
  -486.432496801110      -1.109557260150277E-148 -6.944277862301909E-149
  -485.639615795729       1.189571245473157E-148  3.534048014936291E-148
  -484.846734790349       4.055396140860384E-148 -1.079312775918189E-147
  -484.053853784968      -3.284850455462046E-147  2.019343550568510E-147
  -483.260972779587       1.379745632428512E-146  9.060161833626716E-148
  -482.468091774206      -4.263897898793987E-146 -3.058398604868657E-146
  -481.675210768825       9.290738428946608E-146  1.852395641111442E-145
  -480.882329763445      -5.219446517205322E-146 -8.337456939356637E-145
  -480.089448758064      -8.498317458020968E-145  3.257589099161425E-144
  -479.296567752683       6.251919665806150E-144 -1.171966593224588E-143
  -478.503686747302      -3.039610193951262E-143  4.007402724820331E-143
  -477.710805741921       1.215299639090055E-142 -1.322198362272652E-142
  -476.917924736541      -4.228120367879014E-142  4.200247081895722E-142
  -476.125043731160       1.310123265250195E-141 -1.262782922170124E-141
  -475.332162725779      -3.679710968363539E-141  3.508284932194575E-141
  -474.539281720398       9.561459289627437E-141 -8.806389186909728E-141
  -473.746400715018      -2.349400494482641E-140  1.956661624507912E-140
  -472.953519709637       5.543007057771942E-140 -3.736141731462551E-140
  -472.160638704256      -1.256195672770677E-139  5.679188838678213E-140
  -471.367757698875       2.688086908644403E-139 -4.825476562507168E-140
  -470.574876693494      -5.240170927125546E-139 -8.145332718862446E-140
  -469.781995688114       8.666583174847143E-139  5.578813521479901E-139
  -468.989114682733      -9.797708875824182E-139 -1.796158010132501E-138
  -468.196233677352      -3.079555388976968E-139  4.213088757509372E-138
  -467.403352671971       5.970298002095213E-138 -7.012056159713312E-138
  -466.610471666591      -2.105781523342193E-137  4.023607885666546E-138
  -465.817590661210       4.670909874607612E-137  2.641633902670934E-137
  -465.024709655829      -4.881185830840313E-137 -1.363029618017742E-136
  -464.231828650448      -1.477884631472106E-136  3.934639955206924E-136
  -463.438947645067       1.123880434231203E-135 -6.641753773726992E-136
  -462.646066639687      -4.275583612597387E-135 -4.470511821473070E-136
  -461.853185634306       1.143191407326462E-134  9.447187724966998E-135
  -461.060304628925      -1.830405732561125E-134 -4.957483980270673E-134
  -460.267423623544      -2.062864111679750E-134  1.903936539552507E-133
  -459.474542618163       3.351757661331262E-133 -6.082335556618250E-133
  -458.681661612783      -1.841153959201935E-132  1.662194374507304E-132
  -457.888780607402       7.714723477215216E-132 -3.800837989440254E-132
  -457.095899602021      -2.785801810243042E-131  6.438644462682075E-132
  -456.303018596640       9.028750700448975E-131 -2.660139941682827E-132
  -455.510137591260      -2.667052637060513E-130 -4.033479154862427E-131
  -454.717256585879       7.204010019596554E-130  2.443355019015545E-130
  -453.924375580498      -1.768014453120436E-129 -1.003139741044823E-129
  -453.131494575117       3.861625349440930E-129  3.458809365785736E-129
  -452.338613569736      -7.099192572763817E-129 -1.058883139512641E-128
  -451.545732564356       9.008999863602355E-129  2.924798816719848E-128
  -450.752851558975       2.749700678090043E-129 -7.262157356272382E-128
  -449.959970553594      -7.024788480537226E-128  1.580082073790412E-127
  -449.167089548213       3.101178759386833E-127 -2.788767541982357E-127
  -448.374208542832      -9.893801137625548E-127  2.842044232584959E-127
  -447.581327537452       2.567555363864846E-126  5.120807041638404E-127
  -446.788446532071      -5.325205519408101E-126 -4.373715801321987E-126
  -445.995565526690       7.118218972426789E-126  1.740143333753587E-125
  -445.202684521309       5.358742429730422E-126 -5.285636590477727E-125
  -444.409803515929      -8.441727928547477E-125  1.300239208233890E-124
  -443.616922510548       3.980970483564235E-124 -2.399925635357422E-124
  -442.824041505167      -1.412972095960406E-123  1.687289735285765E-124
  -442.031160499786       4.251272442798404E-123  1.182723194382278E-123
  -441.238279494405      -1.113913833951810E-122 -8.043711341130571E-123
  -440.445398489025       2.499763823050489E-122  3.444373283375891E-122
  -439.652517483644      -4.389658032340901E-122 -1.222998295066112E-121
  -438.859636478263       3.532358483224348E-122  3.861625150178372E-121
  -438.066755472882       1.558273114003189E-121 -1.112511881417701E-120
  -437.273874467502      -1.093253175881686E-120  2.948298284481456E-120
  -436.480993462121       4.552538211486030E-120 -7.163774377788483E-120
  -435.688112456740      -1.558339872420829E-119  1.569427792360746E-119
  -434.895231451359       4.732128058044978E-119 -2.964974065333723E-119
  -434.102350445978      -1.309238039829794E-118  4.194146372030360E-119
  -433.309469440598       3.324011322348668E-118 -1.172100483506551E-119
  -432.516588435217      -7.694869125268995E-118 -2.100070116152226E-118
  -431.723707429836       1.584391554006966E-117  1.070224835983974E-117
  -430.930826424455      -2.705658256934528E-117 -3.738572195562849E-117
  -430.137945419075       2.887175099070667E-117  1.090356824346479E-116
  -429.345064413694       3.345877695361785E-117 -2.781331083148890E-116
  -428.552183408313      -3.409137875399467E-116  6.204559158269751E-116
  -427.759302402932       1.405034038508388E-115 -1.155214597922588E-115
  -426.966421397551      -4.504375414045327E-115  1.473616807055350E-115
  -426.173540392171       1.245960895017626E-114  5.338058776136331E-116
  -425.380659386790      -3.055230943933028E-114 -1.240139352810964E-114
  -424.587778381409       6.602086785139007E-114  5.679677186217033E-114
  -423.794897376028      -1.200476454570825E-113 -1.942804222175167E-113
  -423.002016370648       1.535937621138380E-113  5.706853675695870E-113
  -422.209135365267       2.213225427549635E-114 -1.500607756926665E-112
  -421.416254359886      -1.044822993449917E-112  3.572572686218622E-112
  -420.623373354505       4.719484923688633E-112 -7.647607433473509E-112
  -419.830492349124      -1.552689280679137E-111  1.427048040492194E-111
  -419.037611343744       4.325713657733939E-111 -2.111826014591166E-111
  -418.244730338363      -1.061343631260891E-110  1.522028501262229E-111
  -417.451849332982       2.297384227556718E-110  4.639882358725863E-111
  -416.658968327601      -4.248274498427478E-110 -2.763542245489890E-110
  -415.866087322220       5.975070478717862E-110  9.171211785775021E-110
  -415.073206316840      -2.880163193511149E-110 -2.369207998721329E-109
  -414.280325311459      -1.934759386475275E-109  4.945734628775720E-109
  -413.487444306078       9.532551630902235E-109 -7.584258868839352E-109
  -412.694563300697      -2.882913439159955E-108  3.546283260342928E-109
  -411.901682295317       6.551117069243606E-108  3.090667159365426E-108
  -411.108801289936      -1.014646130630685E-107 -1.600823835773209E-107
  -410.315920284555       5.360503070164721E-109  5.203320649400305E-107
  -409.523039279174       7.449844184228408E-107 -1.295608370926975E-106
  -408.730158273793      -3.804349586138879E-106  2.334013693334760E-106
  -407.937277268413       1.367897159999888E-105 -1.294775968740780E-106
  -407.144396263032      -4.105435486191627E-105 -1.323641080428571E-105
  -406.351515257651       1.073954630678942E-104  8.410530668232488E-105
  -405.558634252270      -2.452368148013270E-104 -3.518446064918374E-104
  -404.765753246890       4.704171077114094E-104  1.236683794739513E-103
  -403.972872241509      -6.505886388568502E-104 -3.902564532639315E-103
  -403.179991236128       5.945903082184478E-105  1.134429254618259E-102
  -402.387110230747       3.934390119129653E-103 -3.068293446055667E-102
  -401.594229225366      -1.945062350815126E-102  7.739006430913194E-102
  -400.801348219986       6.939792731080500E-102 -1.815825588101134E-101
  -400.008467214605      -2.141790649566715E-101  3.936312117965418E-101
  -399.215586209224       6.023827690573004E-101 -7.770934339180392E-101
  -398.422705203843      -1.570199740201529E-100  1.352033997690990E-100
  -397.629824198462       3.799246078278519E-100 -1.892684093259309E-100
  -396.836943193082      -8.460543698868122E-100  1.364304702175032E-100
  -396.044062187701       1.697266509318857E-099  3.399278516855907E-100
  -395.251181182320      -2.913721832975596E-099 -2.028393915815706E-099
  -394.458300176939       3.629540148091836E-099  6.560145435385124E-099
  -393.665419171558      -1.770519726375558E-100 -1.649656810119411E-098
  -392.872538166178      -1.859884152841222E-098  3.334068165682388E-098
  -392.079657160797       8.054729038482167E-098 -4.739582528864716E-098
  -391.286776155416      -2.425029075405916E-097  1.678774673812437E-099
  -390.493895150035       5.851955395934809E-097  3.173803014350452E-097
  -389.701014144655      -1.094917254233320E-096 -1.579294606300738E-096
  -388.908133139274       1.080889720617877E-096  5.674301457614887E-096
  -388.115252133893       3.007727888443630E-096 -1.758740571706360E-095
  -387.322371128512      -2.472415520132670E-095  4.997200529431268E-095
  -386.529490123131       1.087654173825482E-094 -1.347815317183950E-094
  -385.736609117751      -3.875075793117357E-094  3.547207357622955E-094
  -384.943728112370       1.214351251886204E-093 -9.298098473409739E-094
  -384.150847106989      -3.430475404343409E-093  2.438165672414215E-093
  -383.357966101608       8.798906422189513E-093 -6.284994933251158E-093
  -382.565085096228      -2.058039063993108E-092  1.543241921991980E-092
  -381.772204090847       4.429979946807003E-092 -3.499167596456813E-092
  -380.979323085466      -8.922801303961367E-092  7.162213547797322E-092
  -380.186442080085       1.717143251653884E-091 -1.301285807245327E-091
  -379.393561074704      -3.209542747831852E-091  2.050312989475693E-091
  -378.600680069324       5.844868646702065E-091 -2.631204182638846E-091
  -377.807799063943      -1.023280050247361E-090  2.101797830352838E-091
  -377.014918058562       1.671766217093266E-090  1.641136443969344E-091
  -376.222037053181      -2.411881844319953E-090 -1.251689011680025E-090
  -375.429156047801       2.673600394350786E-090  3.627851319098572E-090
  -374.636275042420      -8.615582861960169E-091 -7.749308689510665E-090
  -373.843394037039      -6.447742236269917E-090  1.274517326140194E-089
  -373.050513031658       2.479403634912460E-089 -1.305504971618338E-089
  -372.257632026277      -5.859850069599766E-089 -9.064459730559295E-090
  -371.464751020897       9.528458929031973E-089  9.659436541885319E-089
  -370.671870015516      -5.303924709009394E-089 -3.306738507063618E-088
  -369.878989010135      -3.629450207449362E-088  8.072623069950360E-088
  -369.086108004754       2.012765470783084E-087 -1.440177523453107E-087
  -368.293226999373      -7.113955903346384E-087  1.156220649197800E-087
  -367.500345993993       2.092260309081533E-086  4.746483534674704E-087
  -366.707464988612      -5.525499948838504E-086 -3.223511196477261E-086
  -365.914583983231       1.362039598931972E-085  1.283942187784671E-085
  -365.121702977850      -3.220720943561907E-085 -4.173592222751739E-085
  -364.328821972470       7.438511097711049E-085  1.192280887965564E-084
  -363.535940967089      -1.680062266070943E-084 -3.069449001856446E-084
  -362.743059961708       3.637421028142410E-084  7.202079083108110E-084
  -361.950178956327      -7.286038226408467E-084 -1.554388773155204E-083
  -361.157297950946       1.291108974283716E-083  3.118946503110933E-083
  -360.364416945566      -1.889829191990319E-083 -5.879268162867805E-083
  -359.571535940185       1.872969909739790E-083  1.046331887168001E-082
  -358.778654934804       3.946408715458110E-084 -1.746963326488488E-082
  -357.985773929423      -8.184020559624572E-083  2.670225784094588E-082
  -357.192892924042       2.684899255942880E-082 -3.517949839360987E-082
  -356.400011918662      -6.275113341364506E-082  3.307746137982865E-082
  -355.607130913281       1.172421434826767E-081  2.657120272972991E-083
  -354.814249907900      -1.686032068821587E-081 -1.139751549965927E-081
  -354.021368902519       1.306334669602662E-081  3.527857081748153E-081
  -353.228487897139       2.210744709514087E-081 -7.153827958547817E-081
  -352.435606891758      -1.329282735362356E-080  9.165488230322886E-081
  -351.642725886377       3.770647385764103E-080  2.123468731495233E-081
  -350.849844880996      -7.370112047287569E-080 -6.061854824973797E-080
  -350.056963875615       7.556029226350432E-080  2.468396079417481E-079
  -349.264082870235       1.651539323266440E-079 -7.188560775958701E-079
  -348.471201864854      -1.365826321537497E-078  1.709584343717337E-078
  -347.678320859473       5.701160761825247E-078 -3.343888083196360E-078
  -346.885439854092      -1.929612242561281E-077  4.894026129147323E-078
  -346.092558848712       5.849848473503695E-077 -2.774713862529299E-078
  -345.299677843331      -1.645516080513170E-076 -1.331309420005960E-077
  -344.506796837950       4.338312668117166E-076  6.498939843569929E-077
  -343.713915832569      -1.068795291698786E-075 -1.865998423485129E-076
  -342.921034827188       2.441063569599750E-075  4.241647642970847E-076
  -342.128153821808      -5.136136605356542E-075 -8.628528584541436E-076
  -341.335272816427       9.941623259486028E-075  1.769812612334662E-075
  -340.542391811046      -1.774657630842433E-074 -3.970139785187618E-075
  -339.749510805665       2.925640338241457E-074  9.519622747756941E-075
  -338.956629800285      -4.419566919961941E-074 -2.259508837290891E-074
  -338.163748794904       5.929913251541042E-074  5.024483135729717E-074
  -337.370867789523      -6.407391990856649E-074 -1.019338670576936E-073
  -336.577986784142       3.347971929549944E-074  1.851218766645942E-073
  -335.785105778761       8.152215457906551E-074 -2.908189300243305E-073
  -334.992224773381      -3.581793964452942E-073  3.580896957240622E-073
  -334.199343768000       8.760227340068324E-073 -2.021143983427994E-073
  -333.406462762619      -1.595033550500399E-072 -6.032208275939211E-073
  -332.613581757238       1.988237991613236E-072  2.848366039205489E-072
  -331.820700751857      -1.283897675185306E-073 -7.599526724567948E-072
  -331.027819746477      -9.296740486883291E-072  1.516098396951604E-071
  -330.234938741096       3.879727171070429E-071 -2.098106162374321E-071
  -329.442057735715      -1.144489699943448E-070  3.016535890269918E-072
  -328.649176730334       2.846602098828112E-070  1.128723693577520E-070
  -327.856295724954      -6.288736067237050E-070 -5.406694886844398E-070
  -327.063414719573       1.261666921400034E-069  1.842659906532686E-069
  -326.270533714192      -2.335387811731584E-069 -5.388945737095424E-069
  -325.477652708811       4.080797999280612E-069  1.427046161797163E-068
  -324.684771703430      -6.979371272453041E-069 -3.486021415015331E-068
  -323.891890698050       1.206630053948986E-068  7.897176873410031E-068
  -323.099009692669      -2.071320795812335E-068 -1.660708644217764E-067
  -322.306128687288       3.178749292727858E-068  3.246846363735051E-067
  -321.513247681907      -3.261076651686856E-068 -5.923658873508317E-067
  -320.720366676527      -1.973918983008819E-068  1.013020601026574E-066
  -319.927485671146       2.279325019754768E-067 -1.626174546013481E-066
  -319.134604665765      -7.917066338325113E-067  2.433460132763373E-066
  -318.341723660384       2.040867337736824E-066 -3.315671110064753E-066
  -317.548842655003      -4.427583380907880E-066  3.864459206201766E-066
  -316.755961649623       8.387406226737163E-066 -3.097160014491908E-066
  -315.963080644242      -1.388028407730898E-065 -9.290573827946938E-067
  -315.170199638861       1.927876660384937E-065  1.142720358779530E-065
  -314.377318633480      -1.912490099296038E-065 -3.252953718496985E-065
  -313.584437628099       3.063292523268724E-067  6.680451170025691E-065
  -312.791556622719       6.310481691455321E-065 -1.074810615939307E-064
  -311.998675617338      -2.136077355599824E-064  1.193959504832757E-064
  -311.205794611957       5.032147675954666E-064  1.277044840682062E-066
  -310.412913606576      -9.509484421970872E-064 -5.023519308927166E-064
  -309.620032601196       1.409260827226588E-063  1.899459736889297E-063
  -308.827151595815      -1.227045941017750E-063 -5.146534941414799E-063
  -308.034270590434      -1.494357150271851E-063  1.179814327682515E-062
  -307.241389585053       1.137661818643976E-062 -2.397421736274919E-062
  -306.448508579672      -3.839672951636498E-062  4.364250499960936E-062
  -305.655627574292       1.020331982319601E-061 -7.014826228079427E-062
  -304.862746568911      -2.367171292655322E-061  9.387138204795565E-062
  -304.069865563530       4.967103251077709E-061 -8.227878754347357E-062
  -303.276984558149      -9.547382299786659E-061 -4.717895048384532E-062
  -302.484103552769       1.681159574504367E-060  4.732958946916396E-061
  -301.691222547388      -2.677002972951645E-060 -1.537312722232388E-060
  -300.898341542007       3.713522035765788E-060  3.810671086504853E-060
  -300.105460536626      -4.006957030412962E-060 -8.096444057870632E-060
  -299.312579531245       1.649243788028687E-060  1.519010394125364E-059
  -298.519698525865       7.221668795449199E-060 -2.502426587510653E-059
  -297.726817520484      -2.926627321689273E-059  3.449158116013711E-059
  -296.933936515103       7.382989264064561E-059 -3.279552021986239E-059
  -296.141055509722      -1.492030437576414E-058 -7.190149058599458E-060
  -295.348174504342       2.490588446174824E-058  1.427262708634062E-058
  -294.555293498961      -3.161567390238381E-058 -4.786478404952518E-058
  -293.762412493580       1.586385932614916E-058  1.178214298463420E-057
  -292.969531488199       7.247055494334161E-058 -2.435287670079200E-057
  -292.176650482818      -3.481518165020662E-057  4.328151327350400E-057
  -291.383769477438       1.051179891498478E-056 -6.383122145095065E-057
  -290.590888472057      -2.648175616737725E-056  6.518415258976031E-057
  -289.798007466676       5.987890607466985E-056  1.191874286536251E-057
  -289.005126461295      -1.250934467787744E-055 -3.075933337985205E-056
  -288.212245455914       2.444662973345584E-055  1.115391618393210E-055
  -287.419364450534      -4.483253244706944E-055 -2.994385110109881E-055
  -286.626483445153       7.681540710794920E-055  6.924612604944081E-055
  -285.833602439772      -1.213557741615751E-054 -1.449506605593498E-054
  -285.040721434391       1.718710984762646E-054  2.807342169278854E-054
  -284.247840429011      -2.041195552710562E-054 -5.080111678185766E-054
  -283.454959423630       1.600029088213336E-054  8.602497402696313E-054
  -282.662078418249       7.408736694306378E-055 -1.353721236685675E-053
  -281.869197412868      -6.882127539200362E-054  1.941292865869632E-053
  -281.076316407487       1.949811837268102E-053 -2.420947801998336E-053
  -280.283435402107      -4.138492560632544E-053  2.281880925300857E-053
  -279.490554396726       7.321201997300728E-053 -4.919030621341712E-054
  -278.697673391345      -1.080274394077874E-052 -4.699873711847691E-053
  -277.904792385964       1.200180489585633E-052  1.569363105453635E-052
  -277.111911380583      -4.456068491164636E-053 -3.456309845166302E-052
  -276.319030375203      -2.520238965952548E-052  5.976278199949743E-052
  -275.526149369822       1.007983553991657E-051 -7.768346885946150E-052
  -274.733268364441      -2.583050639103781E-051  4.373532176921064E-052
  -273.940387359060       5.389193149224304E-051  1.565352849857234E-051
  -273.147506353680      -9.579625874375204E-051 -7.826547346278696E-051
  -272.354625348299       1.418747059265955E-050  2.378275405432593E-050
  -271.561744342918      -1.519037818989031E-050 -6.018758930601658E-050
  -270.768863337537       1.785906894343134E-051  1.373261662389281E-049
  -269.975982332156       4.977640569676402E-050 -2.916415444491532E-049
  -269.183101326776      -1.848931554207101E-049  5.845763759761116E-049
  -268.390220321395       4.811556798210329E-049 -1.110414937820404E-048
  -267.597339316014      -1.060660183926239E-048  1.994049417956536E-048
  -266.804458310633       2.107478269846856E-048 -3.363255838957224E-048
  -266.011577305253      -3.896740707721751E-048  5.279031537769780E-048
  -265.218696299872       6.833206237373127E-048 -7.614576649755813E-048
  -264.425815294491      -1.146690664375471E-047  9.881829093696806E-048
  -263.632934289110       1.840746939985009E-047 -1.100815657663316E-047
  -262.840053283729      -2.801602339552826E-047  9.081981469849087E-048
  -262.047172278349       3.972778385946350E-047 -1.156004430584895E-048
  -261.254291272968      -5.086282969574734E-047 -1.664031188982325E-047
  -260.461410267587       5.487004801994412E-047  4.815258024464536E-047
  -259.668529262206      -3.925093076853440E-047 -9.451248637518516E-047
  -258.875648256826      -1.584697889014817E-047  1.483886541829812E-046
  -258.082767251445       1.358644999602888E-046 -1.836354725807167E-046
  -257.289886246064      -3.416978199094788E-046  1.393181222814991E-046
  -256.497005240683       6.217334088829441E-046  1.005403108295965E-046
  -255.704124235302      -8.706118478306065E-046 -7.240117736333475E-046
  -254.911243229922       7.722491345892960E-046  1.984864962826389E-045
  -254.118362224541       4.011493982422907E-046 -4.129554151404141E-045
  -253.325481219160      -4.101490244307928E-045  7.178893224990762E-045
  -252.532600213779       1.293733316566766E-044 -1.044012815577615E-044
  -251.739719208398      -3.117678243897773E-044  1.158423357093867E-044
  -250.946838203018       6.513198650351822E-044 -5.120982762858846E-045
  -250.153957197637      -1.229560139573951E-043 -1.980832038555647E-044
  -249.361076192256       2.129130258375318E-043  8.217080369865047E-044
  -248.568195186875      -3.385963754915713E-043 -2.117335720759217E-043
  -247.775314181495       4.892071374513728E-043  4.503350944218165E-043
  -246.982433176114      -6.235000066687148E-043 -8.488324830823791E-043
  -246.189552170733       6.481083137481906E-043  1.454115070531581E-042
  -245.396671165352      -3.955247763149090E-043 -2.276997439685018E-042
  -244.603790159971      -3.845888832596061E-043  3.229427880560173E-042
  -243.810909154591       1.992855250464961E-042 -4.022783644359452E-042
  -243.018028149210      -4.657495970782092E-042  4.035681255825085E-042
  -242.225147143829       8.249325304747608E-042 -2.201829977134736E-042
  -241.432266138448      -1.175364757154387E-041 -2.946266391681256E-042
  -240.639385133067       1.246540980983776E-041  1.279301898803001E-041
  -239.846504127687      -5.060827970142262E-042 -2.720674552092245E-041
  -239.053623122306      -1.881899467814651E-041  4.138169680467564E-041
  -238.260742116925       6.879256196265702E-041 -4.000058121897094E-041
  -237.467861111544      -1.480556066475921E-040 -1.196556869136978E-041
  -236.674980106164       2.323890498730945E-040  1.809959428152859E-040
  -235.882099100783      -2.220915659717538E-040 -5.742376628090262E-040
  -235.089218095402      -1.576222731486135E-040  1.331768227408887E-039
  -234.296337090021       1.550022772204498E-039 -2.570053111074015E-039
  -233.503456084640      -5.325306714670850E-039  4.218582814400163E-039
  -232.710575079260       1.421716551563609E-038 -5.665632916016277E-039
  -231.917694073879      -3.338719162276284E-038  5.132116388399388E-039
  -231.124813068498       7.201817809561912E-038  1.234582027589892E-039
  -230.331932063117      -1.452251417239094E-037 -2.043723523621136E-038
  -229.539051057737       2.753289484206249E-037  6.383939270606611E-038
  -228.746170052356      -4.905799913453030E-037 -1.491261758292911E-037
  -227.953289046975       8.190945113917266E-037  3.047337186451415E-037
  -227.160408041594      -1.276707876522682E-036 -5.785699501690362E-037
  -226.367527036213       1.848553149087961E-036  1.050053921955185E-036
  -225.574646030833      -2.463240498530311E-036 -1.839013706362900E-036
  -224.781765025452       2.955850476059106E-036  3.099438328458647E-036
  -223.988884020071      -3.015975158551064E-036 -4.981832245316826E-036
  -223.196003014690       2.124826706921633E-036  7.542923270835026E-036
  -222.403122009309       4.963353374275693E-037 -1.057391662504771E-035
  -221.610241003929      -5.873307119657834E-036  1.331151786305767E-035
  -220.817359998548       1.509998366742024E-035 -1.399860365239813E-035
  -220.024478993167      -2.881875025823793E-035  9.287877326727572E-036
  -219.231597987786       4.608224769334925E-035  6.447974004566707E-036
  -218.438716982406      -6.218386192342440E-035 -4.169644538313965E-035
  -217.645835977025       6.488628006845801E-035  1.078380156191261E-034
  -216.852954971644      -2.832052881141299E-035 -2.178608608861077E-034
  -216.060073966263      -9.626375978323881E-035  3.826213574787893E-034
  -215.267192960882       3.935644259184573E-034 -6.033285023250909E-034
  -214.474311955502      -1.000903994402222E-033  8.593193652339527E-034
  -213.681430950121       2.125665620186103E-033 -1.091491939570890E-033
  -212.888549944740      -4.054700146855865E-033  1.183369707804953E-033
  -212.095668939359       7.137513145816914E-033 -9.410482905304251E-034
  -211.302787933979      -1.171736663649497E-032  6.705566955977145E-035
  -210.509906928598       1.799043841609821E-032  1.884572033679784E-033
  -209.717025923217      -2.580020480152281E-032 -5.575426738303322E-033
  -208.924144917836       3.440595638973980E-032  1.193011359198267E-032
  -208.131263912455      -4.227000902360994E-032 -2.205673524076246E-032
  -207.338382907075       4.689242620581931E-032  3.690466721934679E-032
  -206.545501901694      -4.474458563509120E-032 -5.656864828415994E-032
  -205.752620896313       3.146072043755960E-032  7.924367088658317E-032
  -204.959739890932      -2.605721042841236E-033 -9.995467086139395E-032
  -204.166858885551      -4.454048743309345E-032  1.093680089979003E-031
  -203.373977880171       1.077439270039850E-031 -9.332037097753939E-032
  -202.581096874790      -1.749095039258760E-031  3.422316833399672E-032
  -201.788215869409       2.179031276183631E-031  8.381840599181703E-032
  -200.995334864028      -1.867486994068732E-031 -2.636400629832015E-031
  -200.202453858648       8.042108991593298E-033  4.744794027090697E-031
  -199.409572853267       4.051398569768772E-031 -6.197691443691989E-031
  -198.616691847886      -1.119750661101859E-030  4.928101320011668E-031
  -197.823810842505       2.107725113849703E-030  2.755755460064017E-031
  -197.030929837124      -3.105601260323411E-030 -2.265633691776379E-030
  -196.238048831744       3.382499656644386E-030  6.291404115609459E-030
  -195.445167826363      -1.398030473687089E-030 -1.336480101170981E-029
  -194.652286820982      -5.635672641697681E-030  2.455997694986828E-029
  -193.859405815601       2.219495918869829E-029 -4.072679243617964E-029
  -193.066524810221      -5.466029624661939E-029  6.196756647343861E-029
  -192.273643804840       1.109319658984975E-028 -8.670328631955546E-029
  -191.480762799459      -1.990506539626898E-028  1.100661056002650E-028
  -190.687881794078       3.246428734135668E-028 -1.215101084158903E-028
  -189.895000788697      -4.872868623727537E-028  1.022355341234121E-028
  -189.102119783317       6.758340907544715E-028 -2.413226769307283E-029
  -188.309238777936      -8.624202924440717E-028 -1.472812600190780E-028
  -187.516357772555       9.953424596719020E-028  4.435439612534339E-028
  -186.723476767174      -9.930615875129689E-028 -8.757944241154894E-028
  -185.930595761794       7.450267421679844E-028  1.408218311879058E-027
  -185.137714756413      -1.287727551926702E-028 -1.923432303920911E-027
  -184.344833751032      -9.440734203806414E-028  2.185914895136999E-027
  -183.551952745651       2.438803437108986E-027 -1.819579010018931E-027
  -182.759071740270      -4.054535672033736E-027  3.316745522827490E-028
  -181.966190734890       5.028173967676050E-027  2.762145680304000E-027
  -181.173309729509      -3.915566110452367E-027 -7.628500420563426E-027
  -180.380428724128      -1.564615074159026E-027  1.350906498840724E-026
  -179.587547718747       1.444629834755517E-026 -1.767539924818638E-026
  -178.794666713366      -3.787548867229027E-026  1.379157311551602E-026
  -178.001785707986       7.342264336290429E-026  1.046616171788536E-026
  -177.208904702605      -1.176905434536158E-025 -7.666521384532151E-026
  -176.416023697224       1.565523744212693E-025  2.198453335793500E-025
  -175.623142691843      -1.568291830297773E-025 -4.936591386883247E-025
  -174.830261686463       5.660518922396340E-026  9.756007977338530E-025
  -174.037380681082       2.424054692181251E-025 -1.769011341430233E-024
  -173.244499675701      -8.759498326456850E-025  2.993407908242837E-024
  -172.451618670320       2.011186731985894E-024 -4.749485202046292E-024
  -171.658737664939      -3.841660501142367E-024  7.048721099736970E-024
  -170.865856659559       6.592797073661915E-024 -9.716788554000764E-024
  -170.072975654178      -1.052582491987144E-023  1.230237252417258E-023
  -169.280094648797       1.589418977557758E-023 -1.402246376105416E-023
  -168.487213643416      -2.279833937443617E-023  1.375302472520853E-023
  -167.694332638036       3.091756351589096E-023 -1.006914452877127E-023
  -166.901451632655      -3.914210786376010E-023  1.374762117811346E-024
  -166.108570627274       4.515938654590249E-023  1.378614933957127E-023
  -165.315689621893      -4.507883375987727E-023 -3.611346533965914E-023
  -164.522808616512       3.323893356309649E-023  6.450674499841129E-023
  -163.729927611132      -2.436731525568939E-024 -9.450021769653892E-023
  -162.937046605751      -5.505643818257016E-023  1.161486310902802E-022
  -162.144165600370       1.452021012682528E-022 -1.114426520738771E-022
  -161.351284594989      -2.680404438060560E-022  5.147589973673571E-023
  -160.558403589608       4.111028692953124E-022  1.062781860936567E-022
  -159.765522584228      -5.400891812880091E-022 -4.201914640138799E-022
  -158.972641578847       5.873603479224342E-022  9.660164442838067E-022
  -158.179760573466      -4.408492199750705E-022 -1.837874164274988E-021
  -157.386879568085      -6.003671771782277E-023  3.148350781948398E-021
  -156.593998562705       1.109703778722628E-021 -5.023377742069377E-021
  -155.801117557324      -2.890247800936938E-021  7.577128331109836E-021
  -155.008236551943       5.497511173584623E-021 -1.084069650134126E-020
  -154.215355546562      -8.880467945121207E-021  1.463140674368132E-020
  -153.422474541181       1.285669838845088E-020 -1.841428929599643E-020
  -152.629593535801      -1.720611944563146E-020  2.128227475344076E-020
  -151.836712530420       2.172631615199075E-020 -2.214795645271151E-020
  -151.043831525039      -2.612120003768631E-020  2.007721860557017E-020
  -150.250950519658       2.976621209071764E-020 -1.459341228399518E-020
  -149.458069514277      -3.155757901817828E-020  5.873879800817393E-021
  -148.665188508897       3.002560915739847E-020  5.103750552077530E-021
  -147.872307503516      -2.375427992868320E-020 -1.642147423822353E-020
  -147.079426498135       1.205877553462129E-020  2.517465343990120E-020
  -146.286545492754       4.165625526210269E-021 -2.772417257640181E-020
  -145.493664487374      -2.158121650685700E-020  2.049494823994788E-020
  -144.700783481993       3.384280994901894E-020 -1.538489784463337E-021
  -143.907902476612      -3.186856051350752E-020 -2.704214401493511E-020
  -143.115021471231       5.756648771492011E-021  5.596427507217162E-020
  -142.322140465850       5.056966091592296E-020 -6.555377436299037E-020
  -141.529259460470      -1.306776883186692E-019  2.378674876609466E-020
  -140.736378455089       2.014200819387883E-019  1.120903777488060E-019
  -139.943497449708      -1.815027071528948E-019 -3.869044245441758E-019
  -139.150616444327      -8.954329070165921E-020  8.276703090369855E-019
  -138.357735438947       8.960810573283106E-019 -1.409692151626115E-018
  -137.564854433566      -2.711174141996111E-018  2.013831564812339E-018
  -136.771973428185       6.283740400446772E-018 -2.401876208335136E-018
  -135.979092422804      -1.271679743782948E-017  2.271675642531635E-018
  -135.186211417423       2.341293799654458E-017 -1.457495963512163E-018
  -134.393330412043      -3.965831008622458E-017  2.065531663134884E-019
  -133.600449406662       6.173474140768753E-017  8.288856522812615E-019
  -132.807568401281      -8.799226107735661E-017 -1.310571959064588E-018
  -132.014687395900       1.147838387703728E-016  2.387097491911985E-018
  -131.221806390520      -1.375817403796409E-016 -7.134731161831506E-018
  -130.428925385139       1.522961392964275E-016  1.937254528078582E-017
  -129.636044379758      -1.556200911990112E-016 -4.146745129060199E-017
  -128.843163374377       1.445286470205327E-016  7.253274047096100E-017
  -128.050282368996      -1.160817695755095E-016 -1.077001965960034E-016
  -127.257401363616       6.837192723023199E-017  1.382521724314238E-016
  -126.464520358235      -2.609699313522180E-018 -1.523779370765409E-016
  -125.671639352854      -7.417656463177545E-017  1.368087498087778E-016
  -124.878758347473       1.465547564860693E-016 -7.992618669373359E-017
  -124.085877342092      -1.891722353395649E-016 -2.307942832775385E-017
  -123.292996336712       1.676488505518026E-016  1.627392210382490E-016
  -122.500115331331      -4.368732273129693E-017 -3.058308362439407E-016
  -121.707234325950      -2.133948079582004E-016  3.850187982444445E-016
  -120.914353320569       6.063605730936024E-016 -2.897282284486220E-016
  -120.121472315189      -1.078959726826043E-015 -1.386864778605735E-016
  -119.328591309808       1.473235726439149E-015  1.104044186019045E-015
  -118.535710304427      -1.477332897261047E-015 -2.842249813368347E-015
  -117.742829299046       5.722403025645846E-016  5.598319119257519E-015
  -116.949948293665       2.001867997131633E-015 -9.596579326364290E-015
  -116.157067288285      -7.221154662373867E-015  1.500303890220440E-014
  -115.364186282904       1.614550689513769E-014 -2.185827156840029E-014
  -114.571305277523      -2.965265712197471E-014  2.992752665125707E-014
  -113.778424272142       4.809616849876632E-014 -3.841966348926286E-014
  -112.985543266762      -7.103210389669971E-014  4.563279943812847E-014
  -112.192662261381       9.712661881921418E-014 -4.875955839615188E-014
  -111.399781256000      -1.241713777961637E-013  4.414266729486435E-014
  -110.606900250619       1.489958227728981E-013 -2.807851825275520E-014
  -109.814019245238      -1.671973156433723E-013 -2.018026367671188E-015
  -109.021138239858       1.729229869728550E-013  4.636726517993516E-014
  -108.228257234477      -1.591265223479538E-013 -1.016587136891100E-013
  -107.435376229096       1.186586167639763E-013  1.600370557647870E-013
  -106.642495223715      -4.635656521721367E-014 -2.084046044094505E-013
  -105.849614218334      -5.788588086790158E-014  2.284189384966972E-013
  -105.056733212954       1.852577785384746E-013 -1.977610770515386E-013
  -104.263852207573      -3.137858036086244E-013  9.334457990628125E-014
  -103.470971202192       4.044001051359719E-013  1.029049640874609E-013
  -102.678090196811      -3.983284962483107E-013 -3.952792771623635E-013
  -101.885209191431       2.170975080243984E-013  7.625313146928005E-013
  -101.092328186050       2.335108394954506E-013 -1.143852938124666E-012
  -100.299447180669      -1.054450719699689E-012  1.424396344472763E-012
  -99.5065661752882       2.338871750987962E-012 -1.423720594676450E-012
  -98.7136851699074      -4.152304547583331E-012  8.926015080504838E-013
  -97.9208041645266       6.508040445227852E-012  4.742875598641714E-013
  -97.1279231591459      -9.337146837908302E-012 -3.001846127843570E-012
  -96.3350421537651       1.245100989879208E-011  6.970208225022786E-012
  -95.5421611483843      -1.549617154535960E-011 -1.252910868724802E-011
  -94.7492801430035       1.791217830047065E-011  1.961057851709041E-011
  -93.9563991376227      -1.892240815572655E-011 -2.786401175036165E-011
  -93.1635181322419       1.760042375594449E-011  3.662461996457394E-011
  -92.3706371268612      -1.304019954523461E-011 -4.490588017623874E-011
  -91.5777561214804       4.617468773015235E-012  5.140482937281371E-011
  -90.7848751160996       7.710441488743577E-012 -5.453761095563135E-011
  -89.9919941107188      -2.313076006259846E-011  5.255818586827974E-011
  -89.1991131053380       3.978140435615874E-011 -4.382031670995637E-011
  -88.4062320999573      -5.468526167117922E-011  2.721201405856749E-011
  -87.6133510945765       6.387247960050369E-011 -2.740664300203962E-012
  -86.8204700891957      -6.276716456778093E-011 -2.780462406319580E-011
  -86.0275890838149       4.691514569406008E-011  6.023408446432721E-011
  -85.2347080784341      -1.310031172644457E-011 -8.754664507325287E-011
  -84.4418270730533      -3.916487540263551E-011  9.993043341901296E-011
  -83.6489460676726       1.058818162376430E-010 -8.539729844155475E-011
  -82.8560650622918      -1.767665001806081E-010  3.125922681451145E-011
  -82.0631840569110       2.337674311679044E-010  7.341315565545586E-011
  -81.2703030515302      -2.503915956704475E-010 -2.343438278075980E-010
  -80.4774220461494       1.924341960922851E-010  4.478145082954533E-010
  -79.6845410407687      -2.075005763328207E-011 -6.960987458127424E-010
  -78.8916600353879      -3.033640478972813E-010  9.433192548092177E-010
  -78.0987790300071       8.098462782567320E-010 -1.132756882100770E-009
  -77.3058980246263      -1.508743718414157E-009  1.186859021691683E-009
  -76.5130170192455       2.377137212671032E-009 -1.011330797505206E-009
  -75.7201360138647      -3.345867759888019E-009  5.047160990662330E-010
  -74.9272550084840       4.288723047012229E-009  4.252914234453593E-010
  -74.1343740031032      -5.017446529996824E-009 -1.838097177010951E-009
  -73.3414929977224       5.286286317677476E-009  3.729411789285944E-009
  -72.5486119923416      -4.809787937968750E-009 -5.995589533520044E-009
  -71.7557309869608       3.297163637260754E-009  8.397529864633498E-009
  -70.9628499815800      -5.057114789847398E-010 -1.053085480571915E-008
  -70.1699689761993      -3.685880718384036E-009  1.181086896995964E-008
  -69.3770879708185       9.186173835156608E-009 -1.148169933801739E-008
  -68.5842069654377      -1.558702500599073E-008  8.658630393458692E-009
  -67.7913259600569       2.205673754917643E-008 -2.410511973237973E-009
  -66.9984449546761      -2.724426443237847E-008 -8.115450421783116E-009
  -66.2055639492953       2.921230771240852E-008  2.353195719583191E-008
  -65.4126829439146      -2.542091530457400E-008 -4.402975630543782E-008
  -64.6198019385338       1.278828909206512E-008  6.920684655807359E-008
  -63.8269209331530       1.213512180795027E-008 -9.795331027682335E-008
  -63.0340399277722      -5.282770807210396E-008  1.284382489419449E-007
  -62.2411589223914       1.122275688516479E-007 -1.582173590861152E-007
  -61.4482779170106      -1.918864398599239E-007  1.844069304915776E-007
  -60.6553969116299       2.909054326536329E-007 -2.037756529032065E-007
  -59.8625159062491      -4.049290891917957E-007  2.125886856604334E-007
  -59.0696349008683       5.256965644878030E-007 -2.062318160826894E-007
  -58.2767538954875      -6.416122932591620E-007  1.790284504253176E-007
  -57.4838728901067       7.393273123969960E-007 -1.249083465616018E-007
  -56.6909918847260      -8.056850968532487E-007  3.927754705903076E-008
  -55.8981108793452       8.292007092902273E-007  7.836928059952484E-008
  -55.1052298739644      -8.007820339933996E-007 -2.221877746882391E-007
  -54.3123488685836       7.141617521643055E-007  3.790413629478677E-007
  -53.5194678632028      -5.667540281780157E-007 -5.291428723842496E-007
  -52.7265868578220       3.612409922504681E-007  6.479478016124111E-007
  -51.9337058524413      -1.076004207422091E-007 -7.088490572427106E-007
  -51.1408248470605      -1.750414411241573E-007  6.864119504423524E-007
  -50.3479438416797       4.573414422410401E-007 -5.600450651128405E-007
  -49.5550628362989      -6.998897614262218E-007  3.179771635313599E-007
  -48.7621818309181       8.548084637345386E-007  3.875038445828253E-008
  -47.9693008255373      -8.688285394735369E-007 -4.927651521364087E-007
  -47.1764198201566       6.876670897780777E-007  1.007990237682048E-006
  -46.3835388147758      -2.613160462834479E-007 -1.529244357986760E-006
  -45.5906578093950      -4.502831476676780E-007  1.984788291803923E-006
  -44.7977768040142       1.471595523744996E-006 -2.292883289809863E-006
  -44.0048957986334      -2.805701373385464E-006  2.373237526534434E-006
  -43.2120147932526       4.427049408611727E-006 -2.163132736821929E-006
  -42.4191337878719      -6.270587504591080E-006  1.635172493170420E-006
  -41.6262527824911       8.216842335094690E-006 -8.090801770639235E-007
  -40.8333717771103      -1.007937441539397E-005 -2.526818275216779E-007
  -40.0404907717295       1.161048544953647E-005  1.469455903131618E-006
  -39.2476097663487      -1.254126521609182E-005 -2.773658570803718E-006
  -38.4547287609680       1.265183330965253E-005  4.121089851392258E-006
  -37.6618477555872      -1.183872029038469E-005 -5.464277547567192E-006
  -36.8689667502064       1.014174072382287E-005  6.707927783825694E-006
  -36.0760857448256      -7.723821751531342E-006 -7.686794795568339E-006
  -35.2832047394448       4.830774705937878E-006  8.188436364787386E-006
  -34.4903237340640      -1.759490889333048E-006 -8.008723443143807E-006
  -33.6974427286833      -1.159583234990154E-006  7.012512035185867E-006
  -32.9045617233025       3.577205227059440E-006 -5.180335222527465E-006
  -32.1116807179217      -5.149341596823313E-006  2.635747564334969E-006
  -31.3187997125409       5.574322954682537E-006  3.454471150180574E-007
  -30.5259187071601      -4.639928312613529E-006 -3.342545636732756E-006
  -29.7330377017793       2.273704134661928E-006  5.813306201022522E-006
  -28.9401566963986       1.411289270603433E-006 -7.132286939054844E-006
  -28.1472756910178      -6.083451737836013E-006  6.640941904696695E-006
  -27.3543946856370       1.118110026061121E-005 -3.703018280081886E-006
  -26.5615136802562      -1.593314006513532E-005 -2.244275798306235E-006
  -25.7686326748754       1.942737634326168E-005  1.165301866995251E-005
  -24.9757516694946      -2.074912600640707E-005 -2.484178215662578E-005
  -24.1828706641139       1.921387073362502E-005  4.195909929700634E-005
  -23.3899896587331      -1.468371615053714E-005 -6.285428905760530E-005
  -22.5971086533523       7.844755758578169E-006  8.674801373654718E-005
  -21.8042276479715      -1.517741152159316E-007 -1.117134210958800E-004
  -21.0113466425907      -6.854903746969607E-006  1.343354746132262E-004
  -20.2184656372100       1.265901012251120E-005 -1.502202819532836E-004
  -19.4255846318292      -1.834362544933694E-005  1.555876597704738E-004
  -18.6327036264484       2.575822973117599E-005 -1.489903662337536E-004
  -17.8398226210676      -3.578479120436057E-005  1.317244346874843E-004
  -17.0469416156868       4.726847233301842E-005 -1.067226413069150E-004
  -16.2540606103060      -5.741976767169390E-005  7.715720520755950E-005
  -15.4611796049253       6.304994309242995E-005 -4.583180053281505E-005
  -14.6682985995445      -6.165394646990004E-005  1.533806699703491E-005
  -13.8754175941637       5.197359245460106E-005  1.160847927948330E-005
  -13.0825365887829      -3.419537793474604E-005 -3.204571560883406E-005
  -12.2896555834021       1.001197384617501E-005  4.291386622781478E-005
  -11.4967745780213       1.733867689738401E-005 -4.138838893387389E-005
  -10.7038935726406      -4.302314237393191E-005  2.530620062015219E-005
  -9.91101256725978       6.051858395254416E-005  6.373176197651817E-006
  -9.11813156187900      -6.137984353736682E-005 -5.311446683808582E-005
  -8.32525055649822       3.463972243449880E-005  1.124369315802155E-004
  -7.53236955111743       3.462807960071293E-005 -1.798752297433515E-004
  -6.73948854573665      -1.684140466608727E-004  2.501169585127825E-004
  -5.94660754035587       4.014680780799932E-004 -3.218874141857012E-004
  -5.15372653497509      -7.883143913170543E-004  4.129155795211442E-004
  -4.36084552959430       1.400046993310755E-003 -5.951449537048406E-004
  -3.56796452421352      -2.274999392827070E-003  1.048775223254544E-003
  -2.77508351883274       3.274062682058881E-003 -2.071376624334962E-003
  -1.98220251345196      -3.895047355965125E-003  3.881388141014562E-003
  -1.18932150807117       3.371490647171832E-003 -6.163985370979369E-003
 -0.396440502690391      -1.361340554082882E-003  7.853238123118155E-003
  0.396440502690391      -1.361340554082882E-003 -7.853238123118155E-003
   1.18932150807117       3.371490647171832E-003  6.163985370979369E-003
   1.98220251345196      -3.895047355965125E-003 -3.881388141014562E-003
   2.77508351883274       3.274062682058881E-003  2.071376624334962E-003
   3.56796452421352      -2.274999392827070E-003 -1.048775223254544E-003
   4.36084552959430       1.400046993310755E-003  5.951449537048406E-004
   5.15372653497509      -7.883143913170543E-004 -4.129155795211442E-004
   5.94660754035587       4.014680780799932E-004  3.218874141857012E-004
   6.73948854573665      -1.684140466608727E-004 -2.501169585127825E-004
   7.53236955111743       3.462807960071293E-005  1.798752297433515E-004
   8.32525055649822       3.463972243449880E-005 -1.124369315802155E-004
   9.11813156187900      -6.137984353736682E-005  5.311446683808582E-005
   9.91101256725978       6.051858395254416E-005 -6.373176197651817E-006
   10.7038935726406      -4.302314237393191E-005 -2.530620062015219E-005
   11.4967745780213       1.733867689738401E-005  4.138838893387389E-005
   12.2896555834021       1.001197384617501E-005 -4.291386622781478E-005
   13.0825365887829      -3.419537793474604E-005  3.204571560883406E-005
   13.8754175941637       5.197359245460106E-005 -1.160847927948330E-005
   14.6682985995445      -6.165394646990004E-005 -1.533806699703491E-005
   15.4611796049253       6.304994309242995E-005  4.583180053281505E-005
   16.2540606103060      -5.741976767169390E-005 -7.715720520755950E-005
   17.0469416156868       4.726847233301842E-005  1.067226413069150E-004
   17.8398226210676      -3.578479120436057E-005 -1.317244346874843E-004
   18.6327036264484       2.575822973117599E-005  1.489903662337536E-004
   19.4255846318292      -1.834362544933694E-005 -1.555876597704738E-004
   20.2184656372100       1.265901012251120E-005  1.502202819532836E-004
   21.0113466425907      -6.854903746969607E-006 -1.343354746132262E-004
   21.8042276479715      -1.517741152159316E-007  1.117134210958800E-004
   22.5971086533523       7.844755758578169E-006 -8.674801373654718E-005
   23.3899896587331      -1.468371615053714E-005  6.285428905760530E-005
   24.1828706641139       1.921387073362502E-005 -4.195909929700634E-005
   24.9757516694946      -2.074912600640707E-005  2.484178215662578E-005
   25.7686326748754       1.942737634326168E-005 -1.165301866995251E-005
   26.5615136802562      -1.593314006513532E-005  2.244275798306235E-006
   27.3543946856370       1.118110026061121E-005  3.703018280081886E-006
   28.1472756910178      -6.083451737836013E-006 -6.640941904696695E-006
   28.9401566963986       1.411289270603433E-006  7.132286939054844E-006
   29.7330377017793       2.273704134661928E-006 -5.813306201022522E-006
   30.5259187071601      -4.639928312613529E-006  3.342545636732756E-006
   31.3187997125409       5.574322954682537E-006 -3.454471150180574E-007
   32.1116807179217      -5.149341596823313E-006 -2.635747564334969E-006
   32.9045617233025       3.577205227059440E-006  5.180335222527465E-006
   33.6974427286833      -1.159583234990154E-006 -7.012512035185867E-006
   34.4903237340640      -1.759490889333048E-006  8.008723443143807E-006
   35.2832047394448       4.830774705937878E-006 -8.188436364787386E-006
   36.0760857448256      -7.723821751531342E-006  7.686794795568339E-006
   36.8689667502064       1.014174072382287E-005 -6.707927783825694E-006
   37.6618477555872      -1.183872029038469E-005  5.464277547567192E-006
   38.4547287609680       1.265183330965253E-005 -4.121089851392258E-006
   39.2476097663487      -1.254126521609182E-005  2.773658570803718E-006
   40.0404907717295       1.161048544953647E-005 -1.469455903131618E-006
   40.8333717771103      -1.007937441539397E-005  2.526818275216779E-007
   41.6262527824911       8.216842335094690E-006  8.090801770639235E-007
   42.4191337878719      -6.270587504591080E-006 -1.635172493170420E-006
   43.2120147932526       4.427049408611727E-006  2.163132736821929E-006
   44.0048957986334      -2.805701373385464E-006 -2.373237526534434E-006
   44.7977768040142       1.471595523744996E-006  2.292883289809863E-006
   45.5906578093950      -4.502831476676780E-007 -1.984788291803923E-006
   46.3835388147758      -2.613160462834479E-007  1.529244357986760E-006
   47.1764198201566       6.876670897780777E-007 -1.007990237682048E-006
   47.9693008255373      -8.688285394735369E-007  4.927651521364087E-007
   48.7621818309181       8.548084637345386E-007 -3.875038445828253E-008
   49.5550628362989      -6.998897614262218E-007 -3.179771635313599E-007
   50.3479438416797       4.573414422410401E-007  5.600450651128405E-007
   51.1408248470605      -1.750414411241573E-007 -6.864119504423524E-007
   51.9337058524412      -1.076004207422091E-007  7.088490572427106E-007
   52.7265868578220       3.612409922504681E-007 -6.479478016124111E-007
   53.5194678632028      -5.667540281780157E-007  5.291428723842496E-007
   54.3123488685836       7.141617521643055E-007 -3.790413629478677E-007
   55.1052298739644      -8.007820339933996E-007  2.221877746882391E-007
   55.8981108793452       8.292007092902273E-007 -7.836928059952484E-008
   56.6909918847259      -8.056850968532487E-007 -3.927754705903076E-008
   57.4838728901067       7.393273123969960E-007  1.249083465616018E-007
   58.2767538954875      -6.416122932591620E-007 -1.790284504253176E-007
   59.0696349008683       5.256965644878030E-007  2.062318160826894E-007
   59.8625159062491      -4.049290891917957E-007 -2.125886856604334E-007
   60.6553969116299       2.909054326536329E-007  2.037756529032065E-007
   61.4482779170106      -1.918864398599239E-007 -1.844069304915776E-007
   62.2411589223914       1.122275688516479E-007  1.582173590861152E-007
   63.0340399277722      -5.282770807210396E-008 -1.284382489419449E-007
   63.8269209331530       1.213512180795027E-008  9.795331027682335E-008
   64.6198019385338       1.278828909206512E-008 -6.920684655807359E-008
   65.4126829439146      -2.542091530457400E-008  4.402975630543782E-008
   66.2055639492953       2.921230771240852E-008 -2.353195719583191E-008
   66.9984449546761      -2.724426443237847E-008  8.115450421783116E-009
   67.7913259600569       2.205673754917643E-008  2.410511973237973E-009
   68.5842069654377      -1.558702500599073E-008 -8.658630393458692E-009
   69.3770879708185       9.186173835156608E-009  1.148169933801739E-008
   70.1699689761992      -3.685880718384036E-009 -1.181086896995964E-008
   70.9628499815800      -5.057114789847398E-010  1.053085480571915E-008
   71.7557309869608       3.297163637260754E-009 -8.397529864633498E-009
   72.5486119923416      -4.809787937968750E-009  5.995589533520044E-009
   73.3414929977224       5.286286317677476E-009 -3.729411789285944E-009
   74.1343740031032      -5.017446529996824E-009  1.838097177010951E-009
   74.9272550084840       4.288723047012229E-009 -4.252914234453593E-010
   75.7201360138647      -3.345867759888019E-009 -5.047160990662330E-010
   76.5130170192455       2.377137212671032E-009  1.011330797505206E-009
   77.3058980246263      -1.508743718414157E-009 -1.186859021691683E-009
   78.0987790300071       8.098462782567320E-010  1.132756882100770E-009
   78.8916600353879      -3.033640478972813E-010 -9.433192548092177E-010
   79.6845410407687      -2.075005763328207E-011  6.960987458127424E-010
   80.4774220461494       1.924341960922851E-010 -4.478145082954533E-010
   81.2703030515302      -2.503915956704475E-010  2.343438278075980E-010
   82.0631840569110       2.337674311679044E-010 -7.341315565545586E-011
   82.8560650622918      -1.767665001806081E-010 -3.125922681451145E-011
   83.6489460676726       1.058818162376430E-010  8.539729844155475E-011
   84.4418270730533      -3.916487540263551E-011 -9.993043341901296E-011
   85.2347080784341      -1.310031172644457E-011  8.754664507325287E-011
   86.0275890838149       4.691514569406008E-011 -6.023408446432721E-011
   86.8204700891957      -6.276716456778093E-011  2.780462406319580E-011
   87.6133510945765       6.387247960050369E-011  2.740664300203962E-012
   88.4062320999573      -5.468526167117922E-011 -2.721201405856749E-011
   89.1991131053380       3.978140435615874E-011  4.382031670995637E-011
   89.9919941107188      -2.313076006259846E-011 -5.255818586827974E-011
   90.7848751160996       7.710441488743577E-012  5.453761095563135E-011
   91.5777561214804       4.617468773015235E-012 -5.140482937281371E-011
   92.3706371268612      -1.304019954523461E-011  4.490588017623874E-011
   93.1635181322419       1.760042375594449E-011 -3.662461996457394E-011
   93.9563991376227      -1.892240815572655E-011  2.786401175036165E-011
   94.7492801430035       1.791217830047065E-011 -1.961057851709041E-011
   95.5421611483843      -1.549617154535960E-011  1.252910868724802E-011
   96.3350421537651       1.245100989879208E-011 -6.970208225022786E-012
   97.1279231591459      -9.337146837908302E-012  3.001846127843570E-012
   97.9208041645266       6.508040445227852E-012 -4.742875598641714E-013
   98.7136851699074      -4.152304547583331E-012 -8.926015080504838E-013
   99.5065661752882       2.338871750987962E-012  1.423720594676450E-012
   100.299447180669      -1.054450719699689E-012 -1.424396344472763E-012
   101.092328186050       2.335108394954506E-013  1.143852938124666E-012
   101.885209191431       2.170975080243984E-013 -7.625313146928005E-013
   102.678090196811      -3.983284962483107E-013  3.952792771623635E-013
   103.470971202192       4.044001051359719E-013 -1.029049640874609E-013
   104.263852207573      -3.137858036086244E-013 -9.334457990628125E-014
   105.056733212954       1.852577785384746E-013  1.977610770515386E-013
   105.849614218334      -5.788588086790158E-014 -2.284189384966972E-013
   106.642495223715      -4.635656521721367E-014  2.084046044094505E-013
   107.435376229096       1.186586167639763E-013 -1.600370557647870E-013
   108.228257234477      -1.591265223479538E-013  1.016587136891100E-013
   109.021138239858       1.729229869728550E-013 -4.636726517993516E-014
   109.814019245238      -1.671973156433723E-013  2.018026367671188E-015
   110.606900250619       1.489958227728981E-013  2.807851825275520E-014
   111.399781256000      -1.241713777961637E-013 -4.414266729486435E-014
   112.192662261381       9.712661881921418E-014  4.875955839615188E-014
   112.985543266762      -7.103210389669971E-014 -4.563279943812847E-014
   113.778424272142       4.809616849876632E-014  3.841966348926286E-014
   114.571305277523      -2.965265712197471E-014 -2.992752665125707E-014
   115.364186282904       1.614550689513769E-014  2.185827156840029E-014
   116.157067288285      -7.221154662373867E-015 -1.500303890220440E-014
   116.949948293665       2.001867997131633E-015  9.596579326364290E-015
   117.742829299046       5.722403025645846E-016 -5.598319119257519E-015
   118.535710304427      -1.477332897261047E-015  2.842249813368347E-015
   119.328591309808       1.473235726439149E-015 -1.104044186019045E-015
   120.121472315189      -1.078959726826043E-015  1.386864778605735E-016
   120.914353320569       6.063605730936024E-016  2.897282284486220E-016
   121.707234325950      -2.133948079582004E-016 -3.850187982444445E-016
   122.500115331331      -4.368732273129693E-017  3.058308362439407E-016
   123.292996336712       1.676488505518026E-016 -1.627392210382490E-016
   124.085877342092      -1.891722353395649E-016  2.307942832775385E-017
   124.878758347473       1.465547564860693E-016  7.992618669373359E-017
   125.671639352854      -7.417656463177545E-017 -1.368087498087778E-016
   126.464520358235      -2.609699313522180E-018  1.523779370765409E-016
   127.257401363616       6.837192723023199E-017 -1.382521724314238E-016
   128.050282368996      -1.160817695755095E-016  1.077001965960034E-016
   128.843163374377       1.445286470205327E-016 -7.253274047096100E-017
   129.636044379758      -1.556200911990112E-016  4.146745129060199E-017
   130.428925385139       1.522961392964275E-016 -1.937254528078582E-017
   131.221806390520      -1.375817403796409E-016  7.134731161831506E-018
   132.014687395900       1.147838387703728E-016 -2.387097491911985E-018
   132.807568401281      -8.799226107735661E-017  1.310571959064588E-018
   133.600449406662       6.173474140768753E-017 -8.288856522812615E-019
   134.393330412043      -3.965831008622458E-017 -2.065531663134884E-019
   135.186211417423       2.341293799654458E-017  1.457495963512163E-018
   135.979092422804      -1.271679743782948E-017 -2.271675642531635E-018
   136.771973428185       6.283740400446772E-018  2.401876208335136E-018
   137.564854433566      -2.711174141996111E-018 -2.013831564812339E-018
   138.357735438947       8.960810573283106E-019  1.409692151626115E-018
   139.150616444327      -8.954329070165921E-020 -8.276703090369855E-019
   139.943497449708      -1.815027071528948E-019  3.869044245441758E-019
   140.736378455089       2.014200819387883E-019 -1.120903777488060E-019
   141.529259460470      -1.306776883186692E-019 -2.378674876609466E-020
   142.322140465850       5.056966091592296E-020  6.555377436299037E-020
   143.115021471231       5.756648771492011E-021 -5.596427507217162E-020
   143.907902476612      -3.186856051350752E-020  2.704214401493511E-020
   144.700783481993       3.384280994901894E-020  1.538489784463337E-021
   145.493664487374      -2.158121650685700E-020 -2.049494823994788E-020
   146.286545492754       4.165625526210269E-021  2.772417257640181E-020
   147.079426498135       1.205877553462129E-020 -2.517465343990120E-020
   147.872307503516      -2.375427992868320E-020  1.642147423822353E-020
   148.665188508897       3.002560915739847E-020 -5.103750552077530E-021
   149.458069514277      -3.155757901817828E-020 -5.873879800817393E-021
   150.250950519658       2.976621209071764E-020  1.459341228399518E-020
   151.043831525039      -2.612120003768631E-020 -2.007721860557017E-020
   151.836712530420       2.172631615199075E-020  2.214795645271151E-020
   152.629593535801      -1.720611944563146E-020 -2.128227475344076E-020
   153.422474541181       1.285669838845088E-020  1.841428929599643E-020
   154.215355546562      -8.880467945121207E-021 -1.463140674368132E-020
   155.008236551943       5.497511173584623E-021  1.084069650134126E-020
   155.801117557324      -2.890247800936938E-021 -7.577128331109836E-021
   156.593998562705       1.109703778722628E-021  5.023377742069377E-021
   157.386879568085      -6.003671771782277E-023 -3.148350781948398E-021
   158.179760573466      -4.408492199750705E-022  1.837874164274988E-021
   158.972641578847       5.873603479224342E-022 -9.660164442838067E-022
   159.765522584228      -5.400891812880091E-022  4.201914640138799E-022
   160.558403589608       4.111028692953124E-022 -1.062781860936567E-022
   161.351284594989      -2.680404438060560E-022 -5.147589973673571E-023
   162.144165600370       1.452021012682528E-022  1.114426520738771E-022
   162.937046605751      -5.505643818257016E-023 -1.161486310902802E-022
   163.729927611132      -2.436731525568939E-024  9.450021769653892E-023
   164.522808616512       3.323893356309649E-023 -6.450674499841129E-023
   165.315689621893      -4.507883375987727E-023  3.611346533965914E-023
   166.108570627274       4.515938654590249E-023 -1.378614933957127E-023
   166.901451632655      -3.914210786376010E-023 -1.374762117811346E-024
   167.694332638036       3.091756351589096E-023  1.006914452877127E-023
   168.487213643416      -2.279833937443617E-023 -1.375302472520853E-023
   169.280094648797       1.589418977557758E-023  1.402246376105416E-023
   170.072975654178      -1.052582491987144E-023 -1.230237252417258E-023
   170.865856659559       6.592797073661915E-024  9.716788554000764E-024
   171.658737664939      -3.841660501142367E-024 -7.048721099736970E-024
   172.451618670320       2.011186731985894E-024  4.749485202046292E-024
   173.244499675701      -8.759498326456850E-025 -2.993407908242837E-024
   174.037380681082       2.424054692181251E-025  1.769011341430233E-024
   174.830261686463       5.660518922396340E-026 -9.756007977338530E-025
   175.623142691843      -1.568291830297773E-025  4.936591386883247E-025
   176.416023697224       1.565523744212693E-025 -2.198453335793500E-025
   177.208904702605      -1.176905434536158E-025  7.666521384532151E-026
   178.001785707986       7.342264336290429E-026 -1.046616171788536E-026
   178.794666713366      -3.787548867229027E-026 -1.379157311551602E-026
   179.587547718747       1.444629834755517E-026  1.767539924818638E-026
   180.380428724128      -1.564615074159026E-027 -1.350906498840724E-026
   181.173309729509      -3.915566110452367E-027  7.628500420563426E-027
   181.966190734890       5.028173967676050E-027 -2.762145680304000E-027
   182.759071740270      -4.054535672033736E-027 -3.316745522827490E-028
   183.551952745651       2.438803437108986E-027  1.819579010018931E-027
   184.344833751032      -9.440734203806414E-028 -2.185914895136999E-027
   185.137714756413      -1.287727551926702E-028  1.923432303920911E-027
   185.930595761794       7.450267421679844E-028 -1.408218311879058E-027
   186.723476767174      -9.930615875129689E-028  8.757944241154894E-028
   187.516357772555       9.953424596719020E-028 -4.435439612534339E-028
   188.309238777936      -8.624202924440717E-028  1.472812600190780E-028
   189.102119783317       6.758340907544715E-028  2.413226769307283E-029
   189.895000788697      -4.872868623727537E-028 -1.022355341234121E-028
   190.687881794078       3.246428734135668E-028  1.215101084158903E-028
   191.480762799459      -1.990506539626898E-028 -1.100661056002650E-028
   192.273643804840       1.109319658984975E-028  8.670328631955546E-029
   193.066524810221      -5.466029624661939E-029 -6.196756647343861E-029
   193.859405815601       2.219495918869829E-029  4.072679243617964E-029
   194.652286820982      -5.635672641697681E-030 -2.455997694986828E-029
   195.445167826363      -1.398030473687089E-030  1.336480101170981E-029
   196.238048831744       3.382499656644386E-030 -6.291404115609459E-030
   197.030929837124      -3.105601260323411E-030  2.265633691776379E-030
   197.823810842505       2.107725113849703E-030 -2.755755460064017E-031
   198.616691847886      -1.119750661101859E-030 -4.928101320011668E-031
   199.409572853267       4.051398569768772E-031  6.197691443691989E-031
   200.202453858648       8.042108991593298E-033 -4.744794027090697E-031
   200.995334864028      -1.867486994068732E-031  2.636400629832015E-031
   201.788215869409       2.179031276183631E-031 -8.381840599181703E-032
   202.581096874790      -1.749095039258760E-031 -3.422316833399672E-032
   203.373977880171       1.077439270039850E-031  9.332037097753939E-032
   204.166858885551      -4.454048743309345E-032 -1.093680089979003E-031
   204.959739890932      -2.605721042841236E-033  9.995467086139395E-032
   205.752620896313       3.146072043755960E-032 -7.924367088658317E-032
   206.545501901694      -4.474458563509120E-032  5.656864828415994E-032
   207.338382907075       4.689242620581931E-032 -3.690466721934679E-032
   208.131263912455      -4.227000902360994E-032  2.205673524076246E-032
   208.924144917836       3.440595638973980E-032 -1.193011359198267E-032
   209.717025923217      -2.580020480152281E-032  5.575426738303322E-033
   210.509906928598       1.799043841609821E-032 -1.884572033679784E-033
   211.302787933979      -1.171736663649497E-032 -6.705566955977145E-035
   212.095668939359       7.137513145816914E-033  9.410482905304251E-034
   212.888549944740      -4.054700146855865E-033 -1.183369707804953E-033
   213.681430950121       2.125665620186103E-033  1.091491939570890E-033
   214.474311955502      -1.000903994402222E-033 -8.593193652339527E-034
   215.267192960882       3.935644259184573E-034  6.033285023250909E-034
   216.060073966263      -9.626375978323881E-035 -3.826213574787893E-034
   216.852954971644      -2.832052881141299E-035  2.178608608861077E-034
   217.645835977025       6.488628006845801E-035 -1.078380156191261E-034
   218.438716982406      -6.218386192342440E-035  4.169644538313965E-035
   219.231597987786       4.608224769334925E-035 -6.447974004566707E-036
   220.024478993167      -2.881875025823793E-035 -9.287877326727572E-036
   220.817359998548       1.509998366742024E-035  1.399860365239813E-035
   221.610241003929      -5.873307119657834E-036 -1.331151786305767E-035
   222.403122009309       4.963353374275693E-037  1.057391662504771E-035
   223.196003014690       2.124826706921633E-036 -7.542923270835026E-036
   223.988884020071      -3.015975158551064E-036  4.981832245316826E-036
   224.781765025452       2.955850476059106E-036 -3.099438328458647E-036
   225.574646030833      -2.463240498530311E-036  1.839013706362900E-036
   226.367527036213       1.848553149087961E-036 -1.050053921955185E-036
   227.160408041594      -1.276707876522682E-036  5.785699501690362E-037
   227.953289046975       8.190945113917266E-037 -3.047337186451415E-037
   228.746170052356      -4.905799913453030E-037  1.491261758292911E-037
   229.539051057737       2.753289484206249E-037 -6.383939270606611E-038
   230.331932063117      -1.452251417239094E-037  2.043723523621136E-038
   231.124813068498       7.201817809561912E-038 -1.234582027589892E-039
   231.917694073879      -3.338719162276284E-038 -5.132116388399388E-039
   232.710575079260       1.421716551563609E-038  5.665632916016277E-039
   233.503456084640      -5.325306714670850E-039 -4.218582814400163E-039
   234.296337090021       1.550022772204498E-039  2.570053111074015E-039
   235.089218095402      -1.576222731486135E-040 -1.331768227408887E-039
   235.882099100783      -2.220915659717538E-040  5.742376628090262E-040
   236.674980106164       2.323890498730945E-040 -1.809959428152859E-040
   237.467861111544      -1.480556066475921E-040  1.196556869136978E-041
   238.260742116925       6.879256196265702E-041  4.000058121897094E-041
   239.053623122306      -1.881899467814651E-041 -4.138169680467564E-041
   239.846504127687      -5.060827970142262E-042  2.720674552092245E-041
   240.639385133067       1.246540980983776E-041 -1.279301898803001E-041
   241.432266138448      -1.175364757154387E-041  2.946266391681256E-042
   242.225147143829       8.249325304747608E-042  2.201829977134736E-042
   243.018028149210      -4.657495970782092E-042 -4.035681255825085E-042
   243.810909154591       1.992855250464961E-042  4.022783644359452E-042
   244.603790159971      -3.845888832596061E-043 -3.229427880560173E-042
   245.396671165352      -3.955247763149090E-043  2.276997439685018E-042
   246.189552170733       6.481083137481906E-043 -1.454115070531581E-042
   246.982433176114      -6.235000066687148E-043  8.488324830823791E-043
   247.775314181495       4.892071374513728E-043 -4.503350944218165E-043
   248.568195186875      -3.385963754915713E-043  2.117335720759217E-043
   249.361076192256       2.129130258375318E-043 -8.217080369865047E-044
   250.153957197637      -1.229560139573951E-043  1.980832038555647E-044
   250.946838203018       6.513198650351822E-044  5.120982762858846E-045
   251.739719208398      -3.117678243897773E-044 -1.158423357093867E-044
   252.532600213779       1.293733316566766E-044  1.044012815577615E-044
   253.325481219160      -4.101490244307928E-045 -7.178893224990762E-045
   254.118362224541       4.011493982422907E-046  4.129554151404141E-045
   254.911243229922       7.722491345892960E-046 -1.984864962826389E-045
   255.704124235302      -8.706118478306065E-046  7.240117736333475E-046
   256.497005240683       6.217334088829441E-046 -1.005403108295965E-046
   257.289886246064      -3.416978199094788E-046 -1.393181222814991E-046
   258.082767251445       1.358644999602888E-046  1.836354725807167E-046
   258.875648256826      -1.584697889014817E-047 -1.483886541829812E-046
   259.668529262206      -3.925093076853440E-047  9.451248637518516E-047
   260.461410267587       5.487004801994412E-047 -4.815258024464536E-047
   261.254291272968      -5.086282969574734E-047  1.664031188982325E-047
   262.047172278349       3.972778385946350E-047  1.156004430584895E-048
   262.840053283729      -2.801602339552826E-047 -9.081981469849087E-048
   263.632934289110       1.840746939985009E-047  1.100815657663316E-047
   264.425815294491      -1.146690664375471E-047 -9.881829093696806E-048
   265.218696299872       6.833206237373127E-048  7.614576649755813E-048
   266.011577305253      -3.896740707721751E-048 -5.279031537769780E-048
   266.804458310633       2.107478269846856E-048  3.363255838957224E-048
   267.597339316014      -1.060660183926239E-048 -1.994049417956536E-048
   268.390220321395       4.811556798210329E-049  1.110414937820404E-048
   269.183101326776      -1.848931554207101E-049 -5.845763759761116E-049
   269.975982332156       4.977640569676402E-050  2.916415444491532E-049
   270.768863337537       1.785906894343134E-051 -1.373261662389281E-049
   271.561744342918      -1.519037818989031E-050  6.018758930601658E-050
   272.354625348299       1.418747059265955E-050 -2.378275405432593E-050
   273.147506353680      -9.579625874375204E-051  7.826547346278696E-051
   273.940387359060       5.389193149224304E-051 -1.565352849857234E-051
   274.733268364441      -2.583050639103781E-051 -4.373532176921064E-052
   275.526149369822       1.007983553991657E-051  7.768346885946150E-052
   276.319030375203      -2.520238965952548E-052 -5.976278199949743E-052
   277.111911380583      -4.456068491164636E-053  3.456309845166302E-052
   277.904792385964       1.200180489585633E-052 -1.569363105453635E-052
   278.697673391345      -1.080274394077874E-052  4.699873711847691E-053
   279.490554396726       7.321201997300728E-053  4.919030621341712E-054
   280.283435402107      -4.138492560632544E-053 -2.281880925300857E-053
   281.076316407487       1.949811837268102E-053  2.420947801998336E-053
   281.869197412868      -6.882127539200362E-054 -1.941292865869632E-053
   282.662078418249       7.408736694306378E-055  1.353721236685675E-053
   283.454959423630       1.600029088213336E-054 -8.602497402696313E-054
   284.247840429011      -2.041195552710562E-054  5.080111678185766E-054
   285.040721434391       1.718710984762646E-054 -2.807342169278854E-054
   285.833602439772      -1.213557741615751E-054  1.449506605593498E-054
   286.626483445153       7.681540710794920E-055 -6.924612604944081E-055
   287.419364450534      -4.483253244706944E-055  2.994385110109881E-055
   288.212245455914       2.444662973345584E-055 -1.115391618393210E-055
   289.005126461295      -1.250934467787744E-055  3.075933337985205E-056
   289.798007466676       5.987890607466985E-056 -1.191874286536251E-057
   290.590888472057      -2.648175616737725E-056 -6.518415258976031E-057
   291.383769477438       1.051179891498478E-056  6.383122145095065E-057
   292.176650482818      -3.481518165020662E-057 -4.328151327350400E-057
   292.969531488199       7.247055494334161E-058  2.435287670079200E-057
   293.762412493580       1.586385932614916E-058 -1.178214298463420E-057
   294.555293498961      -3.161567390238381E-058  4.786478404952518E-058
   295.348174504342       2.490588446174824E-058 -1.427262708634062E-058
   296.141055509722      -1.492030437576414E-058  7.190149058599458E-060
   296.933936515103       7.382989264064561E-059  3.279552021986239E-059
   297.726817520484      -2.926627321689273E-059 -3.449158116013711E-059
   298.519698525865       7.221668795449199E-060  2.502426587510653E-059
   299.312579531245       1.649243788028687E-060 -1.519010394125364E-059
   300.105460536626      -4.006957030412962E-060  8.096444057870632E-060
   300.898341542007       3.713522035765788E-060 -3.810671086504853E-060
   301.691222547388      -2.677002972951645E-060  1.537312722232388E-060
   302.484103552769       1.681159574504367E-060 -4.732958946916396E-061
   303.276984558149      -9.547382299786659E-061  4.717895048384532E-062
   304.069865563530       4.967103251077709E-061  8.227878754347357E-062
   304.862746568911      -2.367171292655322E-061 -9.387138204795565E-062
   305.655627574292       1.020331982319601E-061  7.014826228079427E-062
   306.448508579672      -3.839672951636498E-062 -4.364250499960936E-062
   307.241389585053       1.137661818643976E-062  2.397421736274919E-062
   308.034270590434      -1.494357150271851E-063 -1.179814327682515E-062
   308.827151595815      -1.227045941017750E-063  5.146534941414799E-063
   309.620032601196       1.409260827226588E-063 -1.899459736889297E-063
   310.412913606576      -9.509484421970872E-064  5.023519308927166E-064
   311.205794611957       5.032147675954666E-064 -1.277044840682062E-066
   311.998675617338      -2.136077355599824E-064 -1.193959504832757E-064
   312.791556622719       6.310481691455321E-065  1.074810615939307E-064
   313.584437628099       3.063292523268724E-067 -6.680451170025691E-065
   314.377318633480      -1.912490099296038E-065  3.252953718496985E-065
   315.170199638861       1.927876660384937E-065 -1.142720358779530E-065
   315.963080644242      -1.388028407730898E-065  9.290573827946938E-067
   316.755961649623       8.387406226737163E-066  3.097160014491908E-066
   317.548842655003      -4.427583380907880E-066 -3.864459206201766E-066
   318.341723660384       2.040867337736824E-066  3.315671110064753E-066
   319.134604665765      -7.917066338325113E-067 -2.433460132763373E-066
   319.927485671146       2.279325019754768E-067  1.626174546013481E-066
   320.720366676527      -1.973918983008819E-068 -1.013020601026574E-066
   321.513247681907      -3.261076651686856E-068  5.923658873508317E-067
   322.306128687288       3.178749292727858E-068 -3.246846363735051E-067
   323.099009692669      -2.071320795812335E-068  1.660708644217764E-067
   323.891890698050       1.206630053948986E-068 -7.897176873410031E-068
   324.684771703430      -6.979371272453041E-069  3.486021415015331E-068
   325.477652708811       4.080797999280612E-069 -1.427046161797163E-068
   326.270533714192      -2.335387811731584E-069  5.388945737095424E-069
   327.063414719573       1.261666921400034E-069 -1.842659906532686E-069
   327.856295724954      -6.288736067237050E-070  5.406694886844398E-070
   328.649176730334       2.846602098828112E-070 -1.128723693577520E-070
   329.442057735715      -1.144489699943448E-070 -3.016535890269918E-072
   330.234938741096       3.879727171070429E-071  2.098106162374321E-071
   331.027819746477      -9.296740486883291E-072 -1.516098396951604E-071
   331.820700751857      -1.283897675185306E-073  7.599526724567948E-072
   332.613581757238       1.988237991613236E-072 -2.848366039205489E-072
   333.406462762619      -1.595033550500399E-072  6.032208275939211E-073
   334.199343768000       8.760227340068324E-073  2.021143983427994E-073
   334.992224773381      -3.581793964452942E-073 -3.580896957240622E-073
   335.785105778761       8.152215457906551E-074  2.908189300243305E-073
   336.577986784142       3.347971929549944E-074 -1.851218766645942E-073
   337.370867789523      -6.407391990856649E-074  1.019338670576936E-073
   338.163748794904       5.929913251541042E-074 -5.024483135729717E-074
   338.956629800285      -4.419566919961941E-074  2.259508837290891E-074
   339.749510805665       2.925640338241457E-074 -9.519622747756941E-075
   340.542391811046      -1.774657630842433E-074  3.970139785187618E-075
   341.335272816427       9.941623259486028E-075 -1.769812612334662E-075
   342.128153821808      -5.136136605356542E-075  8.628528584541436E-076
   342.921034827188       2.441063569599750E-075 -4.241647642970847E-076
   343.713915832569      -1.068795291698786E-075  1.865998423485129E-076
   344.506796837950       4.338312668117166E-076 -6.498939843569929E-077
   345.299677843331      -1.645516080513170E-076  1.331309420005960E-077
   346.092558848712       5.849848473503695E-077  2.774713862529299E-078
   346.885439854092      -1.929612242561281E-077 -4.894026129147323E-078
   347.678320859473       5.701160761825247E-078  3.343888083196360E-078
   348.471201864854      -1.365826321537497E-078 -1.709584343717337E-078
   349.264082870235       1.651539323266440E-079  7.188560775958701E-079
   350.056963875615       7.556029226350432E-080 -2.468396079417481E-079
   350.849844880996      -7.370112047287569E-080  6.061854824973797E-080
   351.642725886377       3.770647385764103E-080 -2.123468731495233E-081
   352.435606891758      -1.329282735362356E-080 -9.165488230322886E-081
   353.228487897139       2.210744709514087E-081  7.153827958547817E-081
   354.021368902519       1.306334669602662E-081 -3.527857081748153E-081
   354.814249907900      -1.686032068821587E-081  1.139751549965927E-081
   355.607130913281       1.172421434826767E-081 -2.657120272972991E-083
   356.400011918662      -6.275113341364506E-082 -3.307746137982865E-082
   357.192892924042       2.684899255942880E-082  3.517949839360987E-082
   357.985773929423      -8.184020559624572E-083 -2.670225784094588E-082
   358.778654934804       3.946408715458110E-084  1.746963326488488E-082
   359.571535940185       1.872969909739790E-083 -1.046331887168001E-082
   360.364416945566      -1.889829191990319E-083  5.879268162867805E-083
   361.157297950946       1.291108974283716E-083 -3.118946503110933E-083
   361.950178956327      -7.286038226408467E-084  1.554388773155204E-083
   362.743059961708       3.637421028142410E-084 -7.202079083108110E-084
   363.535940967089      -1.680062266070943E-084  3.069449001856446E-084
   364.328821972470       7.438511097711049E-085 -1.192280887965564E-084
   365.121702977850      -3.220720943561907E-085  4.173592222751739E-085
   365.914583983231       1.362039598931972E-085 -1.283942187784671E-085
   366.707464988612      -5.525499948838504E-086  3.223511196477261E-086
   367.500345993993       2.092260309081533E-086 -4.746483534674704E-087
   368.293226999373      -7.113955903346384E-087 -1.156220649197800E-087
   369.086108004754       2.012765470783084E-087  1.440177523453107E-087
   369.878989010135      -3.629450207449362E-088 -8.072623069950360E-088
   370.671870015516      -5.303924709009394E-089  3.306738507063618E-088
   371.464751020897       9.528458929031973E-089 -9.659436541885319E-089
   372.257632026277      -5.859850069599766E-089  9.064459730559295E-090
   373.050513031658       2.479403634912460E-089  1.305504971618338E-089
   373.843394037039      -6.447742236269917E-090 -1.274517326140194E-089
   374.636275042420      -8.615582861960169E-091  7.749308689510665E-090
   375.429156047801       2.673600394350786E-090 -3.627851319098572E-090
   376.222037053181      -2.411881844319953E-090  1.251689011680025E-090
   377.014918058562       1.671766217093266E-090 -1.641136443969344E-091
   377.807799063943      -1.023280050247361E-090 -2.101797830352838E-091
   378.600680069324       5.844868646702065E-091  2.631204182638846E-091
   379.393561074704      -3.209542747831852E-091 -2.050312989475693E-091
   380.186442080085       1.717143251653884E-091  1.301285807245327E-091
   380.979323085466      -8.922801303961367E-092 -7.162213547797322E-092
   381.772204090847       4.429979946807003E-092  3.499167596456813E-092
   382.565085096228      -2.058039063993108E-092 -1.543241921991980E-092
   383.357966101608       8.798906422189513E-093  6.284994933251158E-093
   384.150847106989      -3.430475404343409E-093 -2.438165672414215E-093
   384.943728112370       1.214351251886204E-093  9.298098473409739E-094
   385.736609117751      -3.875075793117357E-094 -3.547207357622955E-094
   386.529490123131       1.087654173825482E-094  1.347815317183950E-094
   387.322371128512      -2.472415520132670E-095 -4.997200529431268E-095
   388.115252133893       3.007727888443630E-096  1.758740571706360E-095
   388.908133139274       1.080889720617877E-096 -5.674301457614887E-096
   389.701014144655      -1.094917254233320E-096  1.579294606300738E-096
   390.493895150035       5.851955395934809E-097 -3.173803014350452E-097
   391.286776155416      -2.425029075405916E-097 -1.678774673812437E-099
   392.079657160797       8.054729038482167E-098  4.739582528864716E-098
   392.872538166178      -1.859884152841222E-098 -3.334068165682388E-098
   393.665419171558      -1.770519726375558E-100  1.649656810119411E-098
   394.458300176939       3.629540148091836E-099 -6.560145435385124E-099
   395.251181182320      -2.913721832975596E-099  2.028393915815706E-099
   396.044062187701       1.697266509318857E-099 -3.399278516855907E-100
   396.836943193082      -8.460543698868122E-100 -1.364304702175032E-100
   397.629824198462       3.799246078278519E-100  1.892684093259309E-100
   398.422705203843      -1.570199740201529E-100 -1.352033997690990E-100
   399.215586209224       6.023827690573004E-101  7.770934339180392E-101
   400.008467214605      -2.141790649566715E-101 -3.936312117965418E-101
   400.801348219986       6.939792731080500E-102  1.815825588101134E-101
   401.594229225366      -1.945062350815126E-102 -7.739006430913194E-102
   402.387110230747       3.934390119129653E-103  3.068293446055667E-102
   403.179991236128       5.945903082184478E-105 -1.134429254618259E-102
   403.972872241509      -6.505886388568502E-104  3.902564532639315E-103
   404.765753246890       4.704171077114094E-104 -1.236683794739513E-103
   405.558634252270      -2.452368148013270E-104  3.518446064918374E-104
   406.351515257651       1.073954630678942E-104 -8.410530668232488E-105
   407.144396263032      -4.105435486191627E-105  1.323641080428571E-105
   407.937277268413       1.367897159999888E-105  1.294775968740780E-106
   408.730158273793      -3.804349586138879E-106 -2.334013693334760E-106
   409.523039279174       7.449844184228408E-107  1.295608370926975E-106
   410.315920284555       5.360503070164721E-109 -5.203320649400305E-107
   411.108801289936      -1.014646130630685E-107  1.600823835773209E-107
   411.901682295317       6.551117069243606E-108 -3.090667159365426E-108
   412.694563300697      -2.882913439159955E-108 -3.546283260342928E-109
   413.487444306078       9.532551630902235E-109  7.584258868839352E-109
   414.280325311459      -1.934759386475275E-109 -4.945734628775720E-109
   415.073206316840      -2.880163193511149E-110  2.369207998721329E-109
   415.866087322220       5.975070478717862E-110 -9.171211785775021E-110
   416.658968327601      -4.248274498427478E-110  2.763542245489890E-110
   417.451849332982       2.297384227556718E-110 -4.639882358725863E-111
   418.244730338363      -1.061343631260891E-110 -1.522028501262229E-111
   419.037611343744       4.325713657733939E-111  2.111826014591166E-111
   419.830492349124      -1.552689280679137E-111 -1.427048040492194E-111
   420.623373354505       4.719484923688633E-112  7.647607433473509E-112
   421.416254359886      -1.044822993449917E-112 -3.572572686218622E-112
   422.209135365267       2.213225427549635E-114  1.500607756926665E-112
   423.002016370648       1.535937621138380E-113 -5.706853675695870E-113
   423.794897376028      -1.200476454570825E-113  1.942804222175167E-113
   424.587778381409       6.602086785139007E-114 -5.679677186217033E-114
   425.380659386790      -3.055230943933028E-114  1.240139352810964E-114
   426.173540392171       1.245960895017626E-114 -5.338058776136331E-116
   426.966421397551      -4.504375414045327E-115 -1.473616807055350E-115
   427.759302402932       1.405034038508388E-115  1.155214597922588E-115
   428.552183408313      -3.409137875399467E-116 -6.204559158269751E-116
   429.345064413694       3.345877695361785E-117  2.781331083148890E-116
   430.137945419075       2.887175099070667E-117 -1.090356824346479E-116
   430.930826424455      -2.705658256934528E-117  3.738572195562849E-117
   431.723707429836       1.584391554006966E-117 -1.070224835983974E-117
   432.516588435217      -7.694869125268995E-118  2.100070116152226E-118
   433.309469440598       3.324011322348668E-118  1.172100483506551E-119
   434.102350445978      -1.309238039829794E-118 -4.194146372030360E-119
   434.895231451359       4.732128058044978E-119  2.964974065333723E-119
   435.688112456740      -1.558339872420829E-119 -1.569427792360746E-119
   436.480993462121       4.552538211486030E-120  7.163774377788483E-120
   437.273874467502      -1.093253175881686E-120 -2.948298284481456E-120
   438.066755472882       1.558273114003189E-121  1.112511881417701E-120
   438.859636478263       3.532358483224348E-122 -3.861625150178372E-121
   439.652517483644      -4.389658032340901E-122  1.222998295066112E-121
   440.445398489025       2.499763823050489E-122 -3.444373283375891E-122
   441.238279494405      -1.113913833951810E-122  8.043711341130571E-123
   442.031160499786       4.251272442798404E-123 -1.182723194382278E-123
   442.824041505167      -1.412972095960406E-123 -1.687289735285765E-124
   443.616922510548       3.980970483564235E-124  2.399925635357422E-124
   444.409803515929      -8.441727928547477E-125 -1.300239208233890E-124
   445.202684521309       5.358742429730422E-126  5.285636590477727E-125
   445.995565526690       7.118218972426789E-126 -1.740143333753587E-125
   446.788446532071      -5.325205519408101E-126  4.373715801321987E-126
   447.581327537452       2.567555363864846E-126 -5.120807041638404E-127
   448.374208542832      -9.893801137625548E-127 -2.842044232584959E-127
   449.167089548213       3.101178759386833E-127  2.788767541982357E-127
   449.959970553594      -7.024788480537226E-128 -1.580082073790412E-127
   450.752851558975       2.749700678090043E-129  7.262157356272382E-128
   451.545732564356       9.008999863602355E-129 -2.924798816719848E-128
   452.338613569736      -7.099192572763817E-129  1.058883139512641E-128
   453.131494575117       3.861625349440930E-129 -3.458809365785736E-129
   453.924375580498      -1.768014453120436E-129  1.003139741044823E-129
   454.717256585879       7.204010019596554E-130 -2.443355019015545E-130
   455.510137591260      -2.667052637060513E-130  4.033479154862427E-131
   456.303018596640       9.028750700448975E-131  2.660139941682827E-132
   457.095899602021      -2.785801810243042E-131 -6.438644462682075E-132
   457.888780607402       7.714723477215216E-132  3.800837989440254E-132
   458.681661612783      -1.841153959201935E-132 -1.662194374507304E-132
   459.474542618163       3.351757661331262E-133  6.082335556618250E-133
   460.267423623544      -2.062864111679750E-134 -1.903936539552507E-133
   461.060304628925      -1.830405732561125E-134  4.957483980270673E-134
   461.853185634306       1.143191407326462E-134 -9.447187724966998E-135
   462.646066639687      -4.275583612597387E-135  4.470511821473070E-136
   463.438947645067       1.123880434231203E-135  6.641753773726992E-136
   464.231828650448      -1.477884631472106E-136 -3.934639955206924E-136
   465.024709655829      -4.881185830840313E-137  1.363029618017742E-136
   465.817590661210       4.670909874607612E-137 -2.641633902670934E-137
   466.610471666591      -2.105781523342193E-137 -4.023607885666546E-138
   467.403352671971       5.970298002095213E-138  7.012056159713312E-138
   468.196233677352      -3.079555388976968E-139 -4.213088757509372E-138
   468.989114682733      -9.797708875824182E-139  1.796158010132501E-138
   469.781995688114       8.666583174847143E-139 -5.578813521479901E-139
   470.574876693494      -5.240170927125546E-139  8.145332718862446E-140
   471.367757698875       2.688086908644403E-139  4.825476562507168E-140
   472.160638704256      -1.256195672770677E-139 -5.679188838678213E-140
   472.953519709637       5.543007057771942E-140  3.736141731462551E-140
   473.746400715018      -2.349400494482641E-140 -1.956661624507912E-140
   474.539281720398       9.561459289627437E-141  8.806389186909728E-141
   475.332162725779      -3.679710968363539E-141 -3.508284932194575E-141
   476.125043731160       1.310123265250195E-141  1.262782922170124E-141
   476.917924736541      -4.228120367879014E-142 -4.200247081895722E-142
   477.710805741921       1.215299639090055E-142  1.322198362272652E-142
   478.503686747302      -3.039610193951262E-143 -4.007402724820331E-143
   479.296567752683       6.251919665806150E-144  1.171966593224588E-143
   480.089448758064      -8.498317458020968E-145 -3.257589099161425E-144
   480.882329763445      -5.219446517205322E-146  8.337456939356637E-145
   481.675210768825       9.290738428946608E-146 -1.852395641111442E-145
   482.468091774206      -4.263897898793987E-146  3.058398604868657E-146
   483.260972779587       1.379745632428512E-146 -9.060161833626716E-148
   484.053853784968      -3.284850455462046E-147 -2.019343550568510E-147
   484.846734790349       4.055396140860384E-148  1.079312775918189E-147
   485.639615795729       1.189571245473157E-148 -3.534048014936291E-148
   486.432496801110      -1.109557260150277E-148  6.944277862301909E-149
   487.225377806491       4.948348839079154E-149  5.415082267042000E-150
   488.018258811872      -1.506201744972138E-149 -1.370202839297037E-149
   488.811139817252       2.280167671999100E-150  8.552118962775081E-150
   489.604020822633       9.561202951086528E-151 -3.907025026790776E-150
   490.396901828014      -1.147844416363610E-150  1.481829643033266E-150
   491.189782833395       7.338667551355670E-151 -4.797624612821390E-151
   491.982663838776      -3.807644933329192E-151  1.312949831318140E-151
   492.775544844156       1.754947659565077E-151 -2.920902670274529E-152
   493.568425849537      -7.397863569560624E-152  4.940202663545275E-153
   494.361306854918       2.868982734822375E-152 -6.323299711654509E-154
   495.154187860299      -1.019598574414838E-152  1.256117627544853E-154
   495.947068865680       3.303809883347489E-153 -5.477386120493922E-155
   496.739949871060      -9.751442687254850E-154  1.254671352489875E-155
   497.532830876441       2.631836723735349E-154  5.370612345986003E-156
   498.325711881822      -6.524602578099458E-155 -6.750883140714019E-156
   499.118592887203       1.481750580432795E-155  3.816754032714074E-156
   499.911473892583      -3.016428948812642E-156 -1.571101101206199E-156
   500.704354897964       5.146720193176276E-157  5.248368692498597E-157
   501.497235903345      -5.727464202676074E-158 -1.470743905475713E-157
   502.290116908726      -4.080753400094710E-159  3.414392534961600E-158
   503.082997914107       4.914373118822443E-159 -5.993701598123615E-159
   503.875878919487      -1.779231561358336E-159  4.579068088969615E-160
   504.668759924868       4.218176907421733E-160  1.922576612967700E-160
   505.461640930249      -5.291407851553784E-161 -1.137048353987858E-160
   506.254521935630      -1.005527762696316E-161  3.503290883800329E-161
   507.047402941010       9.425630073313658E-162 -6.299331572952873E-162
   507.840283946391      -3.728325966307926E-162 -3.028793282329952E-163
   508.633164951772       9.852661149030602E-163  8.346182018544456E-163
   509.426045957153      -1.387530732544399E-163 -4.364059614488887E-163
   510.218926962534      -2.948204140736251E-164  1.605266917783657E-163
   511.011807967914       3.198322255741483E-164 -4.716802324531690E-164
   511.804688973295      -1.523661553403072E-164  1.124518509304094E-164
   512.597569978676       5.404435862910188E-165 -2.076551302141006E-165
   513.390450984057      -1.541741320324837E-165  2.466908644783421E-166
   514.183331989437       3.492743615034648E-166  7.340123145276224E-169
   514.976212994818      -5.717032176526329E-167 -7.592879702929965E-168
   515.769094000199       4.821411558668656E-168  1.230658672319779E-168
   516.561975005580      -6.598950910127960E-195 -2.600717418625571E-195
