     4.00000    -0.39175039E-11
     4.00400    -0.38685211E-11
     4.00800    -0.42043152E-11
     4.01200    -0.44718893E-11
     4.01600    -0.36942275E-11
     4.02000    -0.38429046E-11
     4.02400    -0.39388550E-11
     4.02800    -0.37416508E-11
     4.03200    -0.37066451E-11
     4.03600    -0.37851738E-11
     4.04000    -0.43284412E-11
     4.04400    -0.35894611E-11
     4.04800    -0.35833888E-11
     4.05200    -0.43873651E-11
     4.05600    -0.46303568E-11
     4.06000    -0.41879057E-11
     4.06400    -0.38452795E-11
     4.06800    -0.41215439E-11
     4.07200    -0.49355931E-11
     4.07600    -0.46790439E-11
     4.08000    -0.43240524E-11
     4.08400    -0.47285448E-11
     4.08800    -0.49650460E-11
     4.09200    -0.47142877E-11
     4.09600    -0.43700487E-11
     4.10000    -0.53218573E-11
     4.10400    -0.49496679E-11
     4.10800    -0.50305952E-11
     4.11200    -0.50235159E-11
     4.11600    -0.57600841E-11
     4.12000    -0.57077296E-11
     4.12400    -0.59517431E-11
     4.12800    -0.52901842E-11
     4.13200    -0.52218399E-11
     4.13600    -0.52677493E-11
     4.14000    -0.54985034E-11
     4.14400    -0.62425288E-11
     4.14800    -0.60323108E-11
     4.15200    -0.58402064E-11
     4.15600    -0.60100604E-11
     4.16000    -0.55407103E-11
     4.16400    -0.64403787E-11
     4.16800    -0.62052731E-11
     4.17200    -0.55428430E-11
     4.17600    -0.53702178E-11
     4.18000    -0.58208849E-11
     4.18400    -0.65548055E-11
     4.18800    -0.65153234E-11
     4.19200    -0.59500959E-11
     4.19600    -0.53721378E-11
     4.20000    -0.56577097E-11
     4.20400    -0.61641144E-11
     4.20800    -0.64757187E-11
     4.21200    -0.59739878E-11
     4.21600    -0.57304177E-11
     4.22000    -0.54325876E-11
     4.22400    -0.58371020E-11
     4.22800    -0.52129407E-11
     4.23200    -0.62668317E-11
     4.23600    -0.64743425E-11
     4.24000    -0.59386728E-11
     4.24400    -0.58616526E-11
     4.24800    -0.54660843E-11
     4.25200    -0.55061323E-11
     4.25600    -0.55459736E-11
     4.26000    -0.57915727E-11
     4.26400    -0.60487047E-11
     4.26800    -0.53393608E-11
     4.27200    -0.50271002E-11
     4.27600    -0.57810325E-11
     4.28000    -0.57336057E-11
     4.28400    -0.60113778E-11
     4.28800    -0.58894686E-11
     4.29200    -0.56040186E-11
     4.29600    -0.47347173E-11
     4.30000    -0.57918352E-11
     4.30400    -0.53859310E-11
     4.30800    -0.52524013E-11
     4.31200    -0.50913574E-11
     4.31600    -0.53721999E-11
     4.32000    -0.48241107E-11
     4.32400    -0.53005810E-11
     4.32800    -0.48055514E-11
     4.33200    -0.48412184E-11
     4.33600    -0.44426677E-11
     4.34000    -0.48706773E-11
     4.34400    -0.51772284E-11
     4.34800    -0.53566810E-11
     4.35200    -0.52553756E-11
     4.35600    -0.46809103E-11
     4.36000    -0.47319814E-11
     4.36400    -0.38140074E-11
     4.36800    -0.42488272E-11
     4.37200    -0.47794673E-11
     4.37600    -0.52939266E-11
     4.38000    -0.48892297E-11
     4.38400    -0.50618658E-11
     4.38800    -0.40346346E-11
     4.39200    -0.46418841E-11
     4.39600    -0.40812946E-11
     4.40000    -0.43852054E-11
     4.40400    -0.40875285E-11
     4.40800    -0.37858453E-11
     4.41200    -0.41767904E-11
     4.41600    -0.34770198E-11
     4.42000    -0.40982720E-11
     4.42400    -0.40781633E-11
     4.42800    -0.39861630E-11
     4.43200    -0.37182778E-11
     4.43600    -0.33423617E-11
     4.44000    -0.29750494E-11
     4.44400    -0.25883938E-11
     4.44800    -0.32497823E-11
     4.45200    -0.34401270E-11
     4.45600    -0.36468425E-11
     4.46000    -0.31913991E-11
     4.46400    -0.30873644E-11
     4.46800    -0.28714559E-11
     4.47200    -0.23662236E-11
     4.47600    -0.32177749E-11
     4.48000    -0.25844831E-11
     4.48400    -0.20239196E-11
     4.48800    -0.16764168E-11
     4.49200    -0.20258685E-11
     4.49600    -0.22409757E-11
     4.50000    -0.29539977E-11
     4.50400    -0.17756166E-11
     4.50800    -0.18221141E-11
     4.51200    -0.15093516E-11
     4.51600    -0.13573520E-11
     4.52000    -0.14280035E-11
     4.52400    -0.55459311E-12
     4.52800     0.76709278E-13
     4.53200     0.10485566E-11
     4.53600     0.31608628E-11
     4.54000     0.84386906E-11
     4.54400     0.22472230E-10
     4.54800     0.52493868E-10
     4.55200     0.12123129E-09
     4.55600     0.27301501E-09
     4.56000     0.60802030E-09
     4.56400     0.13357683E-08
     4.56800     0.28980284E-08
     4.57200     0.62097370E-08
     4.57600     0.13140623E-07
     4.58000     0.27458478E-07
     4.58400     0.56659960E-07
     4.58800     0.11546351E-06
     4.59200     0.23238400E-06
     4.59600     0.46193606E-06
     4.60000     0.90696854E-06
     4.60400     0.17589848E-05
     4.60800     0.33698876E-05
     4.61200     0.63779021E-05
     4.61600     0.11925466E-04
     4.62000     0.22031037E-04
     4.62400     0.40214630E-04
     4.62800     0.72535581E-04
     4.63200     0.12929002E-03
     4.63600     0.22774852E-03
     4.64000     0.39650917E-03
     4.64400     0.68232169E-03
     4.64800     0.11606340E-02
     4.65200     0.19516602E-02
     4.65600     0.32445106E-02
     4.66000     0.53329100E-02
     4.66400     0.86673045E-02
     4.66800     0.13929771E-01
     4.67200     0.22140121E-01
     4.67600     0.34803974E-01
     4.68000     0.54116263E-01
     4.68400     0.83236703E-01
     4.68800     0.12665684    
     4.69200     0.19068140    
     4.69600     0.28404932    
     4.70000     0.41872161    
     4.70400     0.61086356    
     4.70800     0.88204740    
     4.71200      1.2606970    
     4.71600      1.7837889    
     4.72000      2.4988119    
     4.72400      3.4659721    
     4.72800      4.7606103    
     4.73200      6.4757724    
     4.73600      8.7248476    
     4.74000      11.644158    
     4.74400      15.395353    
     4.74800      20.167433    
     4.75200      26.178209    
     4.75600      33.674976    
     4.76000      42.934197    
     4.76400      54.259986    
     4.76800      67.981215    
     4.77200      84.447113    
     4.77600      104.02130    
     4.78000      127.07423    
     4.78400      153.97423    
     4.78800      185.07723    
     4.79200      220.71555    
     4.79600      261.18617    
     4.80000      306.73886    
     4.80400      357.56482    
     4.80800      413.78628    
     4.81200      475.44769    
     4.81600      542.50902    
     4.82000      614.84153    
     4.82400      692.22644    
     4.82800      774.35658    
     4.83200      860.84121    
     4.83600      951.21369    
     4.84000      1044.9419    
     4.84400      1141.4411    
     4.84800      1240.0880    
     4.85200      1340.2366    
     4.85600      1441.2342    
     4.86000      1542.4369    
     4.86400      1643.2255    
     4.86800      1743.0182    
     4.87200      1841.2836    
     4.87600      1937.5500    
     4.88000      2031.4136    
     4.88400      2122.5436    
     4.88800      2210.6860    
     4.89200      2295.6640    
     4.89600      2377.3779    
     4.90000      2455.8026    
     4.90400      2530.9839    
     4.90800      2603.0338    
     4.91200      2672.1250    
     4.91600      2738.4845    
     4.92000      2802.3873    
     4.92400      2864.1489    
     4.92800      2924.1186    
     4.93200      2982.6710    
     4.93600      3040.1995    
     4.94000      3097.1075    
     4.94400      3153.8009    
     4.94800      3210.6807    
     4.95200      3268.1348    
     4.95600      3326.5307    
     4.96000      3386.2091    
     4.96400      3447.4771    
     4.96800      3510.6029    
     4.97200      3575.8110    
     4.97600      3643.2786    
     4.98000      3713.1329    
     4.98400      3785.4498    
     4.98800      3860.2531    
     4.99200      3937.5154    
     4.99600      4017.1595    
     5.00000      4099.0605    
     5.00400      4183.0492    
     5.00800      4268.9152    
     5.01200      4356.4108    
     5.01600      4445.2558    
     5.02000      4535.1411    
     5.02400      4625.7337    
     5.02800      4716.6813    
     5.03200      4807.6169    
     5.03600      4898.1639    
     5.04000      4987.9410    
     5.04400      5076.5672    
     5.04800      5163.6672    
     5.05200      5248.8769    
     5.05600      5331.8485    
     5.06000      5412.2560    
     5.06400      5489.8003    
     5.06800      5564.2140    
     5.07200      5635.2658    
     5.07600      5702.7639    
     5.08000      5766.5594    
     5.08400      5826.5474    
     5.08800      5882.6688    
     5.09200      5934.9093    
     5.09600      5983.2987    
     5.10000      6027.9083    
     5.10400      6068.8478    
     5.10800      6106.2612    
     5.11200      6140.3220    
     5.11600      6171.2287    
     5.12000      6199.1986    
     5.12400      6224.4629    
     5.12800      6247.2613    
     5.13200      6267.8366    
     5.13600      6286.4303    
     5.14000      6303.2781    
     5.14400      6318.6057    
     5.14800      6332.6260    
     5.15200      6345.5358    
     5.15600      6357.5136    
     5.16000      6368.7176    
     5.16400      6379.2842    
     5.16800      6389.3268    
     5.17200      6398.9353    
     5.17600      6408.1756    
     5.18000      6417.0899    
     5.18400      6425.6968    
     5.18800      6433.9920    
     5.19200      6441.9498    
     5.19600      6449.5243    
     5.20000      6456.6512    
     5.20400      6463.2499    
     5.20800      6469.2258    
     5.21200      6474.4732    
     5.21600      6478.8773    
     5.22000      6482.3178    
     5.22400      6484.6711    
     5.22800      6485.8134    
     5.23200      6485.6231    
     5.23600      6483.9833    
     5.24000      6480.7840    
     5.24400      6475.9241    
     5.24800      6469.3128    
     5.25200      6460.8712    
     5.25600      6450.5331    
     5.26000      6438.2460    
     5.26400      6423.9710    
     5.26800      6407.6840    
     5.27200      6389.3747    
     5.27600      6369.0470    
     5.28000      6346.7187    
     5.28400      6322.4206    
     5.28800      6296.1963    
     5.29200      6268.1009    
     5.29600      6238.2006    
     5.30000      6206.5715    
     5.30400      6173.2981    
     5.30800      6138.4725    
     5.31200      6102.1928    
     5.31600      6064.5616    
     5.32000      6025.6846    
     5.32400      5985.6689    
     5.32800      5944.6217    
     5.33200      5902.6487    
     5.33600      5859.8526    
     5.34000      5816.3319    
     5.34400      5772.1800    
     5.34800      5727.4836    
     5.35200      5682.3227    
     5.35600      5636.7694    
     5.36000      5590.8876    
     5.36400      5544.7333    
     5.36800      5498.3539    
     5.37200      5451.7888    
     5.37600      5405.0695    
     5.38000      5358.2200    
     5.38400      5311.2577    
     5.38800      5264.1932    
     5.39200      5217.0317    
     5.39600      5169.7734    
     5.40000      5122.4140    
     5.40400      5074.9458    
     5.40800      5027.3582    
     5.41200      4979.6384    
     5.41600      4931.7722    
     5.42000      4883.7447    
     5.42400      4835.5407    
     5.42800      4787.1457    
     5.43200      4738.5463    
     5.43600      4689.7306    
     5.44000      4640.6890    
     5.44400      4591.4142    
     5.44800      4541.9021    
     5.45200      4492.1515    
     5.45600      4442.1646    
     5.46000      4391.9471    
     5.46400      4341.5082    
     5.46800      4290.8604    
     5.47200      4240.0198    
     5.47600      4189.0053    
     5.48000      4137.8389    
     5.48400      4086.5452    
     5.48800      4035.1511    
     5.49200      3983.6852    
     5.49600      3932.1779    
     5.50000      3880.6608    
     5.50400      3829.1661    
     5.50800      3777.7267    
     5.51200      3726.3755    
     5.51600      3675.1451    
     5.52000      3624.0679    
     5.52400      3573.1750    
     5.52800      3522.4969    
     5.53200      3472.0624    
     5.53600      3421.8992    
     5.54000      3372.0329    
     5.54400      3322.4875    
     5.54800      3273.2849    
     5.55200      3224.4450    
     5.55600      3175.9855    
     5.56000      3127.9219    
     5.56400      3080.2676    
     5.56800      3033.0339    
     5.57200      2986.2299    
     5.57600      2939.8630    
     5.58000      2893.9386    
     5.58400      2848.4602    
     5.58800      2803.4302    
     5.59200      2758.8492    
     5.59600      2714.7170    
     5.60000      2671.0321    
     5.60400      2627.7925    
     5.60800      2584.9952    
     5.61200      2542.6372    
     5.61600      2500.7149    
     5.62000      2459.2246    
     5.62400      2418.1627    
     5.62800      2377.5256    
     5.63200      2337.3100    
     5.63600      2297.5129    
     5.64000      2258.1315    
     5.64400      2219.1638    
     5.64800      2180.6078    
     5.65200      2142.4623    
     5.65600      2104.7266    
     5.66000      2067.4004    
     5.66400      2030.4838    
     5.66800      1993.9776    
     5.67200      1957.8829    
     5.67600      1922.2013    
     5.68000      1886.9345    
     5.68400      1852.0849    
     5.68800      1817.6547    
     5.69200      1783.6466    
     5.69600      1750.0633    
     5.70000      1716.9074    
     5.70400      1684.1817    
     5.70800      1651.8887    
     5.71200      1620.0307    
     5.71600      1588.6101    
     5.72000      1557.6286    
     5.72400      1527.0880    
     5.72800      1496.9893    
     5.73200      1467.3334    
     5.73600      1438.1208    
     5.74000      1409.3513    
     5.74400      1381.0247    
     5.74800      1353.1399    
     5.75200      1325.6956    
     5.75600      1298.6901    
     5.76000      1272.1211    
     5.76400      1245.9860    
     5.76800      1220.2818    
     5.77200      1195.0052    
     5.77600      1170.1526    
     5.78000      1145.7198    
     5.78400      1121.7027    
     5.78800      1098.0968    
     5.79200      1074.8974    
     5.79600      1052.0995    
     5.80000      1029.6982    
     5.80400      1007.6884    
     5.80800      986.06489    
     5.81200      964.82239    
     5.81600      943.95567    
     5.82000      923.45949    
     5.82400      903.32864    
     5.82800      883.55797    
     5.83200      864.14238    
     5.83600      845.07688    
     5.84000      826.35657    
     5.84400      807.97664    
     5.84800      789.93240    
     5.85200      772.21927    
     5.85600      754.83278    
     5.86000      737.76858    
     5.86400      721.02240    
     5.86800      704.59009    
     5.87200      688.46759    
     5.87600      672.65091    
     5.88000      657.13616    
     5.88400      641.91950    
     5.88800      626.99714    
     5.89200      612.36536    
     5.89600      598.02047    
     5.90000      583.95879    
     5.90400      570.17670    
     5.90800      556.67055    
     5.91200      543.43673    
     5.91600      530.47162    
     5.92000      517.77157    
     5.92400      505.33294    
     5.92800      493.15207    
     5.93200      481.22528    
     5.93600      469.54886    
     5.94000      458.11908    
     5.94400      446.93220    
     5.94800      435.98443    
     5.95200      425.27199    
     5.95600      414.79106    
     5.96000      404.53782    
     5.96400      394.50842    
     5.96800      384.69903    
     5.97200      375.10580    
     5.97600      365.72488    
     5.98000      356.55245    
     5.98400      347.58467    
     5.98800      338.81776    
     5.99200      330.24792    
     5.99600      321.87143    
     6.00000      313.68455    
     6.00400      305.68362    
     6.00800      297.86499    
     6.01200      290.22509    
     6.01600      282.76036    
     6.02000      275.46732    
     6.02400      268.34253    
     6.02800      261.38261    
     6.03200      254.58425    
     6.03600      247.94417    
     6.04000      241.45918    
     6.04400      235.12612    
     6.04800      228.94193    
     6.05200      222.90357    
     6.05600      217.00807    
     6.06000      211.25254    
     6.06400      205.63412    
     6.06800      200.15001    
     6.07200      194.79749    
     6.07600      189.57385    
     6.08000      184.47646    
     6.08400      179.50273    
     6.08800      174.65012    
     6.09200      169.91613    
     6.09600      165.29832    
     6.10000      160.79425    
     6.10400      156.40157    
     6.10800      152.11795    
     6.11200      147.94107    
     6.11600      143.86869    
     6.12000      139.89857    
     6.12400      136.02853    
     6.12800      132.25640    
     6.13200      128.58007    
     6.13600      124.99742    
     6.14000      121.50642    
     6.14400      118.10501    
     6.14800      114.79119    
     6.15200      111.56301    
     6.15600      108.41851    
     6.16000      105.35579    
     6.16400      102.37296    
     6.16800      99.468185    
     6.17200      96.639638    
     6.17600      93.885534    
     6.18000      91.204118    
     6.18400      88.593665    
     6.18800      86.052482    
     6.19200      83.578908    
     6.19600      81.171312    
     6.20000      78.828097    
     6.20400      76.547697    
     6.20800      74.328578    
     6.21200      72.169238    
     6.21600      70.068206    
     6.22000      68.024043    
     6.22400      66.035340    
     6.22800      64.100722    
     6.23200      62.218841    
     6.23600      60.388382    
     6.24000      58.608059    
     6.24400      56.876614    
     6.24800      55.192821    
     6.25200      53.555480    
     6.25600      51.963419    
     6.26000      50.415493    
     6.26400      48.910587    
     6.26800      47.447607    
     6.27200      46.025488    
     6.27600      44.643189    
     6.28000      43.299693    
     6.28400      41.994008    
     6.28800      40.725162    
     6.29200      39.492208    
     6.29600      38.294221    
     6.30000      37.130296    
     6.30400      35.999550    
     6.30800      34.901120    
     6.31200      33.834162    
     6.31600      32.797852    
     6.32000      31.791384    
     6.32400      30.813973    
     6.32800      29.864850    
     6.33200      28.943262    
     6.33600      28.048477    
     6.34000      27.179777    
     6.34400      26.336461    
     6.34800      25.517847    
     6.35200      24.723265    
     6.35600      23.952063    
     6.36000      23.203604    
     6.36400      22.477265    
     6.36800      21.772440    
     6.37200      21.088536    
     6.37600      20.424975    
     6.38000      19.781192    
     6.38400      19.156638    
     6.38800      18.550775    
     6.39200      17.963081    
     6.39600      17.393045    
     6.40000      16.840170    
     6.40400      16.303971    
     6.40800      15.783977    
     6.41200      15.279728    
     6.41600      14.790775    
     6.42000      14.316684    
     6.42400      13.857027    
     6.42800      13.411394    
     6.43200      12.979380    
     6.43600      12.560595    
     6.44000      12.154657    
     6.44400      11.761195    
     6.44800      11.379849    
     6.45200      11.010266    
     6.45600      10.652107    
     6.46000      10.305037    
     6.46400      9.9687350    
     6.46800      9.6428856    
     6.47200      9.3271831    
     6.47600      9.0213302    
     6.48000      8.7250377    
     6.48400      8.4380242    
     6.48800      8.1600162    
     6.49200      7.8907476    
     6.49600      7.6299596    
     6.50000      7.3774008    
     6.50400      7.1328264    
     6.50800      6.8959985    
     6.51200      6.6666858    
     6.51600      6.4446633    
     6.52000      6.2297124    
     6.52400      6.0216204    
     6.52800      5.8201806    
     6.53200      5.6251920    
     6.53600      5.4364592    
     6.54000      5.2537924    
     6.54400      5.0770070    
     6.54800      4.9059235    
     6.55200      4.7403677    
     6.55600      4.5801702    
     6.56000      4.4251663    
     6.56400      4.2751961    
     6.56800      4.1301043    
     6.57200      3.9897400    
     6.57600      3.8539566    
     6.58000      3.7226118    
     6.58400      3.5955675    
     6.58800      3.4726893    
     6.59200      3.3538472    
     6.59600      3.2389145    
     6.60000      3.1277686    
     6.60400      3.0202904    
     6.60800      2.9163643    
     6.61200      2.8158782    
     6.61600      2.7187232    
     6.62000      2.6247938    
     6.62400      2.5339876    
     6.62800      2.4462053    
     6.63200      2.3613507    
     6.63600      2.2793302    
     6.64000      2.2000533    
     6.64400      2.1234323    
     6.64800      2.0493820    
     6.65200      1.9778198    
     6.65600      1.9086657    
     6.66000      1.8418422    
     6.66400      1.7772740    
     6.66800      1.7148884    
     6.67200      1.6546146    
     6.67600      1.5963842    
     6.68000      1.5401308    
     6.68400      1.4857902    
     6.68800      1.4333001    
     6.69200      1.3826001    
     6.69600      1.3336316    
     6.70000      1.2863381    
     6.70400      1.2406646    
     6.70800      1.1965579    
     6.71200      1.1539664    
     6.71600      1.1128402    
     6.72000      1.0731310    
     6.72400      1.0347919    
     6.72800     0.99777743    
     6.73200     0.96204375    
     6.73600     0.92754825    
     6.74000     0.89424970    
     6.74400     0.86210819    
     6.74800     0.83108504    
     6.75200     0.80114284    
     6.75600     0.77224534    
     6.76000     0.74435745    
     6.76400     0.71744522    
     6.76800     0.69147577    
     6.77200     0.66641727    
     6.77600     0.64223894    
     6.78000     0.61891097    
     6.78400     0.59640452    
     6.78800     0.57469169    
     6.79200     0.55374546    
     6.79600     0.53353973    
     6.80000     0.51404922    
     6.80400     0.49524949    
     6.80800     0.47711689    
     6.81200     0.45962856    
     6.81600     0.44276238    
     6.82000     0.42649696    
     6.82400     0.41081163    
     6.82800     0.39568639    
     6.83200     0.38110190    
     6.83600     0.36703947    
     6.84000     0.35348104    
     6.84400     0.34040913    
     6.84800     0.32780686    
     6.85200     0.31565790    
     6.85600     0.30394650    
     6.86000     0.29265739    
     6.86400     0.28177585    
     6.86800     0.27128763    
     6.87200     0.26117898    
     6.87600     0.25143661    
     6.88000     0.24204766    
     6.88400     0.23299972    
     6.88800     0.22428081    
     6.89200     0.21587933    
     6.89600     0.20778410    
     6.90000     0.19998430    
     6.90400     0.19246948    
     6.90800     0.18522957    
     6.91200     0.17825481    
     6.91600     0.17153579    
     6.92000     0.16506342    
     6.92400     0.15882892    
     6.92800     0.15282382    
     6.93200     0.14703993    
     6.93600     0.14146935    
     6.94000     0.13610444    
     6.94400     0.13093783    
     6.94800     0.12596241    
     6.95200     0.12117131    
     6.95600     0.11655790    
     6.96000     0.11211578    
     6.96400     0.10783877    
     6.96800     0.10372091    
     6.97200     0.99756438E-01
     6.97600     0.95939810E-01
     6.98000     0.92265664E-01
     6.98400     0.88728826E-01
     6.98800     0.85324308E-01
     6.99200     0.82047293E-01
     6.99600     0.78893138E-01
     7.00000     0.75857360E-01
     7.00400     0.72935636E-01
     7.00800     0.70123797E-01
     7.01200     0.67417820E-01
     7.01600     0.64813824E-01
     7.02000     0.62308069E-01
     7.02400     0.59896945E-01
     7.02800     0.57576972E-01
     7.03200     0.55344794E-01
     7.03600     0.53197176E-01
     7.04000     0.51130996E-01
     7.04400     0.49143246E-01
     7.04800     0.47231025E-01
     7.05200     0.45391538E-01
     7.05600     0.43622088E-01
     7.06000     0.41920076E-01
     7.06400     0.40282998E-01
     7.06800     0.38708438E-01
     7.07200     0.37194069E-01
     7.07600     0.35737648E-01
     7.08000     0.34337013E-01
     7.08400     0.32990080E-01
     7.08800     0.31694841E-01
     7.09200     0.30449362E-01
     7.09600     0.29251777E-01
     7.10000     0.28100290E-01
     7.10400     0.26993169E-01
     7.10800     0.25928747E-01
     7.11200     0.24905417E-01
     7.11600     0.23921630E-01
     7.12000     0.22975896E-01
     7.12400     0.22066776E-01
     7.12800     0.21192887E-01
     7.13200     0.20352897E-01
     7.13600     0.19545520E-01
     7.14000     0.18769520E-01
     7.14400     0.18023706E-01
     7.14800     0.17306931E-01
     7.15200     0.16618090E-01
     7.15600     0.15956119E-01
     7.16000     0.15319993E-01
     7.16400     0.14708727E-01
     7.16800     0.14121371E-01
     7.17200     0.13557010E-01
     7.17600     0.13014764E-01
     7.18000     0.12493785E-01
     7.18400     0.11993258E-01
     7.18800     0.11512397E-01
     7.19200     0.11050446E-01
     7.19600     0.10606678E-01
     7.20000     0.10180393E-01
     7.20400     0.97709156E-02
     7.20800     0.93775982E-02
     7.21200     0.89998164E-02
     7.21600     0.86369694E-02
     7.22000     0.82884792E-02
     7.22400     0.79537896E-02
     7.22800     0.76323655E-02
     7.23200     0.73236920E-02
     7.23600     0.70272737E-02
     7.24000     0.67426341E-02
     7.24400     0.64693147E-02
     7.24800     0.62068746E-02
     7.25200     0.59548894E-02
     7.25600     0.57129510E-02
     7.26000     0.54806671E-02
     7.26400     0.52576601E-02
     7.26800     0.50435668E-02
     7.27200     0.48380382E-02
     7.27600     0.46407383E-02
     7.28000     0.44513443E-02
     7.28400     0.42695455E-02
     7.28800     0.40950434E-02
     7.29200     0.39275509E-02
     7.29600     0.37667918E-02
     7.30000     0.36125007E-02
     7.30400     0.34644223E-02
     7.30800     0.33223113E-02
     7.31200     0.31859319E-02
     7.31600     0.30550571E-02
     7.32000     0.29294692E-02
     7.32400     0.28089584E-02
     7.32800     0.26933235E-02
     7.33200     0.25823707E-02
     7.33600     0.24759141E-02
     7.34000     0.23737748E-02
     7.34400     0.22757809E-02
     7.34800     0.21817673E-02
     7.35200     0.20915752E-02
     7.35600     0.20050521E-02
     7.36000     0.19220514E-02
     7.36400     0.18424323E-02
     7.36800     0.17660595E-02
     7.37200     0.16928030E-02
     7.37600     0.16225377E-02
     7.38000     0.15551439E-02
     7.38400     0.14905061E-02
     7.38800     0.14285135E-02
     7.39200     0.13690599E-02
     7.39600     0.13120430E-02
     7.40000     0.12573647E-02
     7.40400     0.12049307E-02
     7.40800     0.11546503E-02
     7.41200     0.11064367E-02
     7.41600     0.10602064E-02
     7.42000     0.10158790E-02
     7.42400     0.97337766E-03
     7.42800     0.93262830E-03
     7.43200     0.89355991E-03
     7.43600     0.85610430E-03
     7.44000     0.82019597E-03
     7.44400     0.78577205E-03
     7.44800     0.75277217E-03
     7.45200     0.72113838E-03
     7.45600     0.69081502E-03
     7.46000     0.66174869E-03
     7.46400     0.63388810E-03
     7.46800     0.60718403E-03
     7.47200     0.58158923E-03
     7.47600     0.55705835E-03
     7.48000     0.53354786E-03
     7.48400     0.51101597E-03
     7.48800     0.48942258E-03
     7.49200     0.46872921E-03
     7.49600     0.44889892E-03
     7.50000     0.42989625E-03
     7.50400     0.41168721E-03
     7.50800     0.39423914E-03
     7.51200     0.37752073E-03
     7.51600     0.36150192E-03
     7.52000     0.34615386E-03
     7.52400     0.33144890E-03
     7.52800     0.31736048E-03
     7.53200     0.30386314E-03
     7.53600     0.29093243E-03
     7.54000     0.27854492E-03
     7.54400     0.26667813E-03
     7.54800     0.25531047E-03
     7.55200     0.24442125E-03
     7.55600     0.23399063E-03
     7.56000     0.22399956E-03
     7.56400     0.21442979E-03
     7.56800     0.20526380E-03
     7.57200     0.19648479E-03
     7.57600     0.18807664E-03
     7.58000     0.18002392E-03
     7.58400     0.17231180E-03
     7.58800     0.16492607E-03
     7.59200     0.15785311E-03
     7.59600     0.15107984E-03
     7.60000     0.14459376E-03
     7.60400     0.13838284E-03
     7.60800     0.13243556E-03
     7.61200     0.12674088E-03
     7.61600     0.12128822E-03
     7.62000     0.11606743E-03
     7.62400     0.11106877E-03
     7.62800     0.10628291E-03
     7.63200     0.10170092E-03
     7.63600     0.97314219E-04
     7.64000     0.93114594E-04
     7.64400     0.89094169E-04
     7.64800     0.85245392E-04
     7.65200     0.81561032E-04
     7.65600     0.78034148E-04
     7.66000     0.74658097E-04
     7.66400     0.71426507E-04
     7.66800     0.68333275E-04
     7.67200     0.65372550E-04
     7.67600     0.62538724E-04
     7.68000     0.59826426E-04
     7.68400     0.57230506E-04
     7.68800     0.54746032E-04
     7.69200     0.52368277E-04
     7.69600     0.50092713E-04
     7.70000     0.47914998E-04
     7.70400     0.45830974E-04
     7.70800     0.43836661E-04
     7.71200     0.41928238E-04
     7.71600     0.40102054E-04
     7.72000     0.38354602E-04
     7.72400     0.36682530E-04
     7.72800     0.35082620E-04
     7.73200     0.33551796E-04
     7.73600     0.32087107E-04
     7.74000     0.30685730E-04
     7.74400     0.29344957E-04
     7.74800     0.28062199E-04
     7.75200     0.26834969E-04
     7.75600     0.25660896E-04
     7.76000     0.24537694E-04
     7.76400     0.23463192E-04
     7.76800     0.22435296E-04
     7.77200     0.21452008E-04
     7.77600     0.20511412E-04
     7.78000     0.19611676E-04
     7.78400     0.18751042E-04
     7.78800     0.17927829E-04
     7.79200     0.17140426E-04
     7.79600     0.16387295E-04
     7.80000     0.15666955E-04
     7.80400     0.14977997E-04
     7.80800     0.14319064E-04
     7.81200     0.13688865E-04
     7.81600     0.13086157E-04
     7.82000     0.12509752E-04
     7.82400     0.11958517E-04
     7.82800     0.11431359E-04
     7.83200     0.10927243E-04
     7.83600     0.10445166E-04
     7.84000     0.99841768E-05
     7.84400     0.95433603E-05
     7.84800     0.91218462E-05
     7.85200     0.87187909E-05
     7.85600     0.83334003E-05
     7.86000     0.79649020E-05
     7.86400     0.76125669E-05
     7.86800     0.72756910E-05
     7.87200     0.69536014E-05
     7.87600     0.66456574E-05
     7.88000     0.63512394E-05
     7.88400     0.60697656E-05
     7.88800     0.58006634E-05
     7.89200     0.55434023E-05
     7.89600     0.52974600E-05
     7.90000     0.50623461E-05
     7.90400     0.48375859E-05
     7.90800     0.46227292E-05
     7.91200     0.44173435E-05
     7.91600     0.42210142E-05
     7.92000     0.40333454E-05
     7.92400     0.38539586E-05
     7.92800     0.36824895E-05
     7.93200     0.35185964E-05
     7.93600     0.33619423E-05
     7.94000     0.32122133E-05
     7.94400     0.30691038E-05
     7.94800     0.29323269E-05
     7.95200     0.28015990E-05
     7.95600     0.26766621E-05
     7.96000     0.25572553E-05
     7.96400     0.24431405E-05
     7.96800     0.23340789E-05
     7.97200     0.22298560E-05
     7.97600     0.21302540E-05
     7.98000     0.20350726E-05
     7.98400     0.19441130E-05
     7.98800     0.18571934E-05
     7.99200     0.17741328E-05
     7.99600     0.16947639E-05
     8.00000     0.16189213E-05
     8.00400     0.15464524E-05
     8.00800     0.14772056E-05
     8.01200     0.14110411E-05
     8.01600     0.13478185E-05
     8.02000     0.12874132E-05
     8.02400     0.12296979E-05
     8.02800     0.11745535E-05
     8.03200     0.11218660E-05
     8.03600     0.10715296E-05
     8.04000     0.10234374E-05
     8.04400     0.97748830E-06
     8.04800     0.93359226E-06
     8.05200     0.89165465E-06
     8.05600     0.85158967E-06
     8.06000     0.81331474E-06
     8.06400     0.77675144E-06
     8.06800     0.74181886E-06
     8.07200     0.70845232E-06
     8.07600     0.67657369E-06
     8.08000     0.64612666E-06
     8.08400     0.61703664E-06
     8.08800     0.58925480E-06
     8.09200     0.56271166E-06
     8.09600     0.53736086E-06
     8.10000     0.51314437E-06
     8.10400     0.49001295E-06
     8.10800     0.46791983E-06
     8.11200     0.44681745E-06
     8.11600     0.42666114E-06
     8.12000     0.40741033E-06
     8.12400     0.38902200E-06
     8.12800     0.37145968E-06
     8.13200     0.35468697E-06
     8.13600     0.33866830E-06
     8.14000     0.32336733E-06
     8.14400     0.30875613E-06
     8.14800     0.29480117E-06
     8.15200     0.28147369E-06
     8.15600     0.26874449E-06
     8.16000     0.25658924E-06
     8.16400     0.24498448E-06
     8.16800     0.23389623E-06
     8.17200     0.22331217E-06
     8.17600     0.21320030E-06
     8.18000     0.20354819E-06
     8.18400     0.19432864E-06
     8.18800     0.18552635E-06
     8.19200     0.17711942E-06
     8.19600     0.16909180E-06
     8.20000     0.16142599E-06
     8.20400     0.15410806E-06
     8.20800     0.14711893E-06
     8.21200     0.14044445E-06
     8.21600     0.13407419E-06
     8.22000     0.12798847E-06
     8.22400     0.12218110E-06
     8.22800     0.11663346E-06
     8.23200     0.11133809E-06
     8.23600     0.10628097E-06
     8.24000     0.10145405E-06
     8.24400     0.96844122E-07
     8.24800     0.92443919E-07
     8.25200     0.88240466E-07
     8.25600     0.84232275E-07
     8.26000     0.80398867E-07
     8.26400     0.76743092E-07
     8.26800     0.73252454E-07
     8.27200     0.69918619E-07
     8.27600     0.66738513E-07
     8.28000     0.63698492E-07
     8.28400     0.60799534E-07
     8.28800     0.58032094E-07
     8.29200     0.55388558E-07
     8.29600     0.52865980E-07
     8.30000     0.50456163E-07
     8.30400     0.48156863E-07
     8.30800     0.45962296E-07
     8.31200     0.43866342E-07
     8.31600     0.41867311E-07
     8.32000     0.39958173E-07
     8.32400     0.38134597E-07
     8.32800     0.36395618E-07
     8.33200     0.34734542E-07
     8.33600     0.33149141E-07
     8.34000     0.31635628E-07
     8.34400     0.30191422E-07
     8.34800     0.28811274E-07
     8.35200     0.27495947E-07
     8.35600     0.26240181E-07
     8.36000     0.25040767E-07
     8.36400     0.23898263E-07
     8.36800     0.22803505E-07
     8.37200     0.21762316E-07
     8.37600     0.20766244E-07
     8.38000     0.19815598E-07
     8.38400     0.18909466E-07
     8.38800     0.18043528E-07
     8.39200     0.17219279E-07
     8.39600     0.16428441E-07
     8.40000     0.15677872E-07
     8.40400     0.14958834E-07
     8.40800     0.14273638E-07
     8.41200     0.13620027E-07
     8.41600     0.12993974E-07
     8.42000     0.12401844E-07
     8.42400     0.11831076E-07
     8.42800     0.11287959E-07
     8.43200     0.10770996E-07
     8.43600     0.10274882E-07
     8.44000     0.98041281E-08
     8.44400     0.93551299E-08
     8.44800     0.89233055E-08
     8.45200     0.85155822E-08
     8.45600     0.81217324E-08
     8.46000     0.77495671E-08
     8.46400     0.73927978E-08
     8.46800     0.70514535E-08
     8.47200     0.67287369E-08
     8.47600     0.64175785E-08
     8.48000     0.61222156E-08
     8.48400     0.58411879E-08
     8.48800     0.55717855E-08
     8.49200     0.53148799E-08
     8.49600     0.50704443E-08
     8.50000     0.48366871E-08
     8.50400     0.46127178E-08
     8.50800     0.43994926E-08
     8.51200     0.41966926E-08
     8.51600     0.40019614E-08
     8.52000     0.38181442E-08
     8.52400     0.36411585E-08
     8.52800     0.34724824E-08
     8.53200     0.33128348E-08
     8.53600     0.31596082E-08
     8.54000     0.30112857E-08
     8.54400     0.28727836E-08
     8.54800     0.27390439E-08
     8.55200     0.26114517E-08
     8.55600     0.24919367E-08
     8.56000     0.23748379E-08
     8.56400     0.22642775E-08
     8.56800     0.21585834E-08
     8.57200     0.20580837E-08
     8.57600     0.19617908E-08
     8.58000     0.18710518E-08
     8.58400     0.17845468E-08
     8.58800     0.17007920E-08
     8.59200     0.16205149E-08
     8.59600     0.15454486E-08
     8.60000     0.14724182E-08
     8.60400     0.14033983E-08
     8.60800     0.13377784E-08
     8.61200     0.12752459E-08
     8.61600     0.12140704E-08
     8.62000     0.11569801E-08
     8.62400     0.11024031E-08
     8.62800     0.10490745E-08
     8.63200     0.10004310E-08
     8.63600     0.95380136E-09
     8.64000     0.90827371E-09
     8.64400     0.86661451E-09
     8.64800     0.82360596E-09
     8.65200     0.78531459E-09
     8.65600     0.74841259E-09
     8.66000     0.71113487E-09
     8.66400     0.67740949E-09
     8.66800     0.64554429E-09
     8.67200     0.61501890E-09
     8.67600     0.58537001E-09
     8.68000     0.55772545E-09
     8.68400     0.53020111E-09
     8.68800     0.50359611E-09
     8.69200     0.48043230E-09
     8.69600     0.45763263E-09
     8.70000     0.43464192E-09
     8.70400     0.41391307E-09
     8.70800     0.39488070E-09
     8.71200     0.37428577E-09
     8.71600     0.35605579E-09
     8.72000     0.33867902E-09
     8.72400     0.32166379E-09
     8.72800     0.30675069E-09
     8.73200     0.29099833E-09
     8.73600     0.27638067E-09
     8.74000     0.26315835E-09
     8.74400     0.24996978E-09
     8.74800     0.23718641E-09
     8.75200     0.22666437E-09
     8.75600     0.21458472E-09
     8.76000     0.20294498E-09
     8.76400     0.19362588E-09
     8.76800     0.18330580E-09
     8.77200     0.17414929E-09
     8.77600     0.16558733E-09
     8.78000     0.15785360E-09
     8.78400     0.14976783E-09
     8.78800     0.14218596E-09
     8.79200     0.13509792E-09
     8.79600     0.12633221E-09
     8.80000     0.12117982E-09
     8.80400     0.11409028E-09
     8.80800     0.10823909E-09
     8.81200     0.10264708E-09
     8.81600     0.96676517E-10
     8.82000     0.91205219E-10
     8.82400     0.86952730E-10
     8.82800     0.82904094E-10
     8.83200     0.77416513E-10
     8.83600     0.74407359E-10
     8.84000     0.69879007E-10
     8.84400     0.65657880E-10
     8.84800     0.62140345E-10
     8.85200     0.60855869E-10
     8.85600     0.56666864E-10
     8.86000     0.52886990E-10
     8.86400     0.51117968E-10
     8.86800     0.47016573E-10
     8.87200     0.44249705E-10
     8.87600     0.42822288E-10
     8.88000     0.40636762E-10
     8.88400     0.37681375E-10
     8.88800     0.35264247E-10
     8.89200     0.34664128E-10
     8.89600     0.32898133E-10
     8.90000     0.30632029E-10
     8.90400     0.28565483E-10
     8.90800     0.27437826E-10
     8.91200     0.26334111E-10
     8.91600     0.24604899E-10
     8.92000     0.23606734E-10
     8.92400     0.22044796E-10
     8.92800     0.21341218E-10
     8.93200     0.19600905E-10
     8.93600     0.20069408E-10
     8.94000     0.19382247E-10
     8.94400     0.16005235E-10
     8.94800     0.16833438E-10
     8.95200     0.16881696E-10
     8.95600     0.14632811E-10
     8.96000     0.12895540E-10
     8.96400     0.14384997E-10
     8.96800     0.14104179E-10
     8.97200     0.10833480E-10
     8.97600     0.11824159E-10
     8.98000     0.11000304E-10
     8.98400     0.10686223E-10
     8.98800     0.10209368E-10
     8.99200     0.95247467E-11
     8.99600     0.86670468E-11
     9.00000     0.85858708E-11
