   -0.328649046E-14   -0.338922077E-14    0.477438870E-02
   -0.328649046E-14   -0.338922077E-14    0.477438870E-02
    0.297839721E-11    0.364536118E-10   -0.283201831E-02
   -0.238876607E-11    0.700301420E-10    0.937790450E-02
   -0.369924336E-01    0.810992796E-01   -0.116259789E-10
   -0.382013190E-11   -0.973447642E-10    0.494986329E-02
   -0.812048336E-11   -0.110928445E-09   -0.210755842E-01
    0.667579453E-01   -0.563755990E+00    0.239208626E-09
    0.165824874E-11    0.512224371E-10   -0.182439995E-01
   -0.120641046E-11    0.753754139E-10    0.167151463E-01
    0.127831360E+00   -0.140989159E+00   -0.661120213E-10
   -0.948117296E-11   -0.901310688E-10    0.107702490E-01
    0.232486227E-10    0.546077283E-10   -0.213805129E-01
   -0.381871556E+00    0.130057007E+01   -0.214151816E-09
    0.100692558E-10    0.490374952E-10    0.107271950E-01
   -0.113328267E-10    0.126372549E-09   -0.335842947E-02
   -0.702570010E-01    0.669576136E+00   -0.237979845E-09
   -0.661653192E-11    0.171005319E-10    0.326269277E-01
    0.137882560E-12   -0.120637486E-09    0.927306437E-02
    0.241439029E+00   -0.121746692E+01    0.340040854E-09
    0.989505532E-12    0.195889409E-10   -0.816746328E-02
    0.240158482E-11    0.104212830E-10    0.282806090E-02
   -0.121682101E-01    0.176885742E+00   -0.658439914E-10
    0.257520744E-11    0.155857498E-10   -0.109781293E-01
   -0.130502900E-10   -0.108234878E-09    0.569328284E-04
    0.794831421E-01   -0.396875536E+00    0.761585427E-10
    0.155364756E-12   -0.108980683E-11    0.804114655E-04
    0.227478259E-11    0.400017056E-11   -0.190020097E-02
   -0.171143669E-01    0.532575388E-01   -0.140644917E-10
   -0.424709328E-12   -0.401694845E-11   -0.251904679E-02
    0.162718967E-11   -0.294643318E-11    0.572718171E-02
   -0.569203908E-02    0.266090535E-01   -0.346374712E-10
   -0.251562496E-11   -0.101790797E-13   -0.398610030E-02
    0.467296788E-11    0.221057615E-11    0.545852935E-02
    0.166462919E+00   -0.815647494E+00    0.278890471E-09
   -0.637084004E-12    0.101101516E-10   -0.197462468E-01
    0.363879362E-12    0.332387252E-11    0.248165358E-03
   -0.144147214E+00    0.705326204E+00   -0.246356828E-09
    0.100674036E-13   -0.655466341E-12    0.633036010E-03
   -0.679740032E-13   -0.792281842E-14   -0.451593156E-02
    0.254952898E-01   -0.107547257E+00    0.337916987E-10
   -0.594952335E-01    0.303216372E+00    0.334266077E-02
   -0.297317447E-01    0.166553126E+00    0.127283681E-02
   -0.196134323E-01    0.114479170E+00    0.248280249E-02
    0.594952335E-01   -0.303216372E+00    0.334266099E-02
    0.297317447E-01   -0.166553126E+00    0.127283692E-02
   -0.196134323E-01    0.114479170E+00   -0.248280257E-02
