  0.396440502690391        1.17159180405800       -1.15715148075914     
   1.18932150807117       -1.04359759536685       -1.10271269484368     
   1.98220251345196      -0.982634588654684       0.845059897907868     
   2.77508351883274       0.600544561558278       0.840037529302124     
   3.56796452421352       0.690488327705209      -0.355749230510273     
   4.36084552959430      -0.146714249780588      -0.539766578893021     
   5.15372653497509      -0.391638918535498      -6.624085495195164E-003
   5.94660754035587      -9.903844440479212E-002  0.252391765510834     
   6.73948854573665       0.130716857789831       0.135862295657321     
   7.53236955111743       0.129017600105272      -3.516016458507691E-002
   8.32525055649822       2.857705962624118E-002 -9.380207820235822E-002
   9.11813156187900      -4.619436148856827E-002 -5.931878570244491E-002
   9.91101256725978      -6.079035090150636E-002  5.245927840947994E-004
   10.7038935726406      -3.239680725815568E-002  4.084101106580648E-002
   11.4967745780213       9.847409064335920E-003  4.649078134615732E-002
   12.2896555834021       4.079907057637383E-002  2.129414239630385E-002
   13.0825365887829       4.316747633991205E-002 -1.901213800985288E-002
   13.8754175941637       1.175525702345637E-002 -4.945331917549950E-002
   14.6682985995445      -3.788354006752938E-002 -4.270093292831705E-002
   15.4611796049253      -6.525995308942190E-002  1.038900507269508E-002
   16.2540606103060      -2.754844668596378E-002  7.286860312228940E-002
   17.0469416156868       6.225802851572664E-002  6.818200793983722E-002
   17.8398226210676       0.103152156324870      -3.405904823233552E-002
   18.6327036264484       7.375099095081172E-003 -0.125175930373312     
   19.4255846318292      -0.129455920495718      -5.488143102312693E-002
   20.2184656372100      -9.995088810921268E-002  0.114567554664776     
   21.0113466425907       8.269509691465513E-002  0.134443083930447     
   21.8042276479715       0.152192042683802      -3.919876951906708E-002
   22.5971086533523       8.407323145315594E-003 -0.150171829365254     
   23.3899896587331      -0.129007986536242      -5.189318829734732E-002
   24.1828706641139      -8.390232994327576E-002  9.277604776536059E-002
   24.9757516694946       4.816456413594945E-002  9.937346102048897E-002
   25.7686326748754       9.649815139289317E-002 -3.176573240506922E-003
   26.5615136802562       3.439103169508236E-002 -7.702004613239979E-002
   27.3543946856370      -4.582611151194291E-002 -5.841363582529800E-002
   28.1472756910178      -6.557794123521690E-002  9.925017094566117E-003
   28.9401566963986      -2.297658675761537E-002  5.597688368024138E-002
   29.7330377017793       3.304480873554102E-002  4.601819158468855E-002
   30.5259187071601       5.455038387298409E-002 -2.844121745932636E-003
   31.3187997125409       2.715967477726623E-002 -4.705808911594039E-002
   32.1116807179217      -2.546488643696601E-002 -4.959831411372882E-002
   32.9045617233025      -5.868638243452374E-002 -5.240595499204350E-003
   33.6974427286833      -3.798589012452788E-002  5.140383283901659E-002
   34.4903237340640       2.814383635783813E-002  6.501704241963488E-002
   35.2832047394448       7.945449627377583E-002  7.304261286664622E-003
   36.0760857448256       4.844012616772016E-002 -7.670410569344552E-002
   36.8689667502064      -5.545000553595716E-002 -8.728009535587455E-002
   37.6618477555872      -0.115895339441797       1.803210344588677E-002
   38.4547287609680      -2.987654965459046E-002  0.127966162417641     
   39.2476097663487       0.120053356291317       8.024821295794847E-002
   40.0404907717295       0.124165932306597      -9.234230513566724E-002
   40.8333717771103      -4.871684808335670E-002 -0.153507632723096     
   41.6262527824911      -0.162526151740207      -3.856594733855287E-003
   42.4191337878719      -5.653334362685915E-002  0.149011744578935     
   43.2120147932526       0.114801771020814       0.100179652818988     
   44.0048957986334       0.127068638033814      -6.553232623885606E-002
   44.7977768040142      -9.673948077296315E-003 -0.132370463725893     
   45.5906578093950      -0.115145975971770      -4.297534040945787E-002
   46.3835388147758      -8.307150571120850E-002  7.863642215307148E-002
   47.1764198201566       2.977293158070368E-002  0.103462978537941     
   47.9693008255373       0.100570677482789       2.202141166470213E-002
   48.7621818309181       6.652880796052581E-002 -7.515029510638413E-002
   49.5550628362989      -3.228211620459032E-002 -9.462937621058271E-002
   50.3479438416797      -0.100045068199310      -1.942998353354449E-002
   51.1408248470605      -6.932510398925890E-002  8.061253441192365E-002
   51.9337058524412       3.884257928347169E-002  0.106568233175372     
   52.7265868578220       0.122119338019297       1.835172200181855E-002
   53.5194678632028       8.072904672157524E-002 -0.110435989024351     
   54.3123488685836      -7.059777275394617E-002 -0.136423215233855     
   55.1052298739644      -0.173989140619886       6.638714556747652E-003
   55.8981108793452      -7.298722320062700E-002  0.184440720365451     
   56.6909918847259       0.162927337735742       0.156726147109620     
   57.4838728901067       0.231802052302191      -0.109752238896360     
   58.2767538954875      -3.053859490540266E-002 -0.286318137274905     
   59.0696349008683      -0.311208270578143      -6.452025890006537E-002
   59.8625159062491      -0.162242888964381       0.301709830715926     
   60.6553969116299       0.258143321181960       0.248632343439696     
   61.4482779170106       0.311247536701178      -0.185917098745261     
   62.2411589223914      -9.477224980980202E-002 -0.341297834990235     
   63.0340399277722      -0.335037594342452      -2.657999745365902E-003
   63.8269209331530      -9.281976301578886E-002  0.294229928916392     
   64.6198019385338       0.225683971608093       0.163452117050747     
   65.4126829439146       0.205629496436859      -0.140031838709461     
   66.2055639492953      -4.997675423613449E-002 -0.215209066694693     
   66.9984449546761      -0.193393095949567      -3.172824147401181E-002
   67.7913259600569      -9.427714606479358E-002  0.146326487133241     
   68.5842069654377       8.384814802323144E-002  0.130468075671324     
   69.3770879708185       0.137738266910994      -1.765726031839460E-002
   70.1699689761992       4.076360259824804E-002 -0.118395375799756     
   70.9628499815800      -7.900967875753664E-002 -8.210317356507833E-002
   71.7557309869608      -0.100721676507058       2.908676909729424E-002
   72.5486119923416      -2.072971639416947E-002  9.545017480052308E-002
   73.3414929977224       6.956965108444492E-002  6.059492929038367E-002
   74.1343740031032       8.318989403891640E-002 -2.999696933690016E-002
   74.9272550084840       1.415490101718241E-002 -8.493424418585689E-002
   75.7201360138647      -6.647897400364164E-002 -5.336640619664940E-002
   76.5130170192455      -7.951708060652075E-002  3.240812597505691E-002
   77.3058980246263      -9.776324460996664E-003  8.737710180855464E-002
   78.0987790300071       7.551746242384938E-002  5.118258611918301E-002
   78.8916600353879       8.327619949659146E-002 -4.648221494156942E-002
   79.6845410407687      -6.204380814344065E-003 -9.951757657843976E-002
   80.4774220461494      -9.658764665620048E-002 -3.721232929951978E-002
   81.2703030515302      -7.510644275629969E-002  7.498048462423838E-002
   82.0631840569110       3.886151991203053E-002  9.995460755562506E-002
   82.8560650622918       0.106826243597767       4.774009849055153E-003
   83.6489460676726       4.747886477681169E-002 -9.432271530220178E-002
   84.4418270730533      -6.482847013420642E-002 -8.100464429091025E-002
   85.2347080784341      -9.891009095725332E-002  2.403353362257608E-002
   86.0275890838149      -2.017692555849378E-002  9.781799811972722E-002
   86.8204700891957       7.807839780362440E-002  5.925365096602954E-002
   87.6133510945765       8.564512326649147E-002 -4.370963886068832E-002
   88.4062320999573      -1.627384630580763E-003 -9.427514037629944E-002
   89.1991131053380      -8.355377035282538E-002 -3.969276312636085E-002
   89.9919941107188      -7.186580772989620E-002  5.572501088665564E-002
   90.7848751160996       1.647814350666274E-002  8.824793325642795E-002
   91.5777561214804       8.527226955280755E-002  2.611158933090700E-002
   92.3706371268612       6.311981770016703E-002 -6.321184510827661E-002
   93.1635181322419      -2.621692992135159E-002 -8.650183147330406E-002
   93.9563991376227      -9.068800701833188E-002 -1.839155516320588E-002
   94.7492801430035      -6.145179066195903E-002  7.374119521355765E-002
   95.5421611483843       3.784909633090500E-002  9.367519360030342E-002
   96.3350421537651       0.107431225778887       1.095437546053341E-002
   97.1279231591459       6.380227815131970E-002 -9.827140663573530E-002
   97.9208041645266      -6.590394569187877E-002 -0.110567957402533     
   98.7136851699074      -0.141716321409892       1.442611532901611E-002
   99.5065661752882      -4.824731778678083E-002  0.150094409821551     
   100.299447180669       0.132329605788524       0.111677501183665     
   101.092328186050       0.164702118866476      -8.957422617754415E-002
   101.885209191431      -2.745461344119610E-002 -0.197429052140961     
   102.678090196811      -0.203061195526154      -4.477459703873202E-002
   103.470971202192      -0.115733200227478       0.179209181360987     
   104.263852207573       0.128437553186438       0.173826816105638     
   105.056733212954       0.209246412666653      -5.793380415095651E-002
   105.849614218334       2.164476704897035E-002 -0.215709760585936     
   106.642495223715      -0.191629062926659      -9.794250323528711E-002
   107.435376229096      -0.158986321677688       0.140479996118441     
   108.228257234477       7.028792816909998E-002  0.195218323275117     
   109.021138239858       0.201131541793045       7.690741131919136E-003
   109.814019245238       8.086527680954560E-002 -0.176225586141826     
   110.606900250619      -0.125112360169718      -0.137452868094085     
   111.399781256000      -0.168490068257129       5.674716772527147E-002
   112.192662261381      -1.708712092161616E-002  0.169360693833374     
   112.985543266762       0.140573042861548       8.378322003331286E-002
   113.778424272142       0.132053350544227      -8.765126003557608E-002
   114.571305277523      -2.016096312305523E-002 -0.153841753176114     
   115.364186282904      -0.145674132498169      -4.995919235996567E-002
   116.157067288285      -0.110466971326311       0.109211766454266     
   116.949948293665       5.091829528372672E-002  0.150924120188909     
   117.742829299046       0.164473084629103       1.909702631977074E-002
   118.535710304427       8.885263487914780E-002 -0.148973168046497     
   119.328591309808      -0.107301074002861      -0.146572215688048     
   120.121472315189      -0.182704309803132       4.677104534433610E-002
   120.914353320569      -2.221159991344163E-002  0.191534257973016     
   121.707234325950       0.172110251062156       8.801325028933393E-002
   122.500115331331       0.139813178049313      -0.128324354825054     
   123.292996336712      -6.813837053709068E-002 -0.169461829938808     
   124.085877342092      -0.172836036832696       2.098991661356825E-003
   124.878758347473      -5.858265650600269E-002  0.150464375948191     
   125.671639352854       0.107324042661099       0.104033454118685     
   126.464520358235       0.127439277362495      -5.185408827911470E-002
   127.257401363616       5.632813502535396E-003 -0.126179788426116     
   128.050282368996      -0.102184504099336      -5.485056558898320E-002
   128.843163374377      -8.740630371287250E-002  6.146057771401420E-002
   129.636044379758       1.289099112495247E-002  9.829555494671607E-002
   130.428925385139       8.675803278340410E-002  3.346952695324041E-002
   131.221806390520       6.828634245664657E-002 -5.634510667568277E-002
   132.014687395900      -1.419498345429998E-002 -8.467942216158922E-002
   132.807568401281      -7.948688514299282E-002 -3.034413417552546E-002
   133.600449406662      -6.748531590640605E-002  5.383173758538030E-002
   134.393330412043       1.289387083044419E-002  8.884149466133047E-002
   135.186211417423       8.899477210709320E-002  3.506587946549490E-002
   135.979092422804       8.024763047080878E-002 -6.651168866230404E-002
   136.771973428185      -2.422323330726038E-002 -0.113136962931253     
   137.564854433566      -0.126278951399143      -3.127553026852162E-002
   138.357735438947      -9.080794886466367E-002  0.115678632523210     
   139.150616444327       8.157216299608591E-002  0.144258539308175     
   139.943497449708       0.182374198401713      -2.842589395629513E-002
   140.736378455089       3.583904959667971E-002 -0.198400265469789     
   141.529259460470      -0.189265258007397      -0.101254291604952     
   142.322140465850      -0.157579298348779       0.156112303200705     
   143.115021471231       0.104087714102464       0.196108419391400     
   143.907902476612       0.211173952793768      -4.142198270666890E-002
   144.700783481993       2.203717717108440E-002 -0.201078504561049     
   145.493664487374      -0.168305458954054      -7.657471243991920E-002
   146.286545492754      -0.114315907938583       0.118988483134611     
   147.079426498135       6.174793123238453E-002  0.130572681601591     
   147.872307503516       0.124581771972372      -6.109394031873112E-003
   148.665188508897       3.920749824348522E-002 -9.950779767984336E-002
   149.458069514277      -6.172397395682230E-002 -6.781870130496759E-002
   150.250950519658      -7.674637942787896E-002  1.951683016689304E-002
   151.043831525039      -1.853443044409930E-002  6.683894559814567E-002
   151.836712530420       4.247050865473197E-002  4.519626393497004E-002
   152.629593535801       5.592940032314422E-002 -1.058404572835416E-002
   153.422474541181       2.073534802513978E-002 -4.969748626286594E-002
   154.215355546562      -2.908870072296509E-002 -4.388372988290365E-002
   155.008236551943      -5.324883583325201E-002 -2.667583454643001E-004
   155.801117557324      -3.086783914677445E-002  4.632061283577465E-002
   156.593998562705       2.419031243729159E-002  5.487634092723146E-002
   157.386879568085       6.571887604884409E-002  8.657778999936520E-003
   158.179760573466       4.522409564101008E-002 -5.944977139075596E-002
   158.972641578847      -3.561211586619933E-002 -7.737590346262710E-002
   159.765522584228      -9.747165728685439E-002 -2.572086966849671E-003
   160.558403589608      -4.872625631017452E-002  9.991714307867659E-002
   161.351284594989       8.235290897169044E-002  9.446782085973182E-002
   162.144165600370       0.130973045600939      -4.623976802517212E-002
   162.937046605751       3.278381497711730E-003 -0.150669437322814     
   163.729927611132      -0.148737980879530      -5.821913761509712E-002
   164.522808616512      -0.109165358581665       0.124136236884465     
   165.315689621893       7.993707072552361E-002  0.146975249700624     
   166.108570627274       0.164487603119955      -2.290311815166655E-002
   166.901451632655       3.763935555006132E-002 -0.157907863143840     
   167.694332638036      -0.127613130215835      -9.143048297258410E-002
   168.487213643416      -0.129117706359170       7.821477450245473E-002
   169.280094648797       1.784998755730080E-002  0.143972671734113     
   170.072975654178       0.133168341161995       4.318514077746111E-002
   170.865856659559       9.422517220876142E-002 -9.837683532372574E-002
   171.658737664939      -4.556860004873872E-002 -0.126130059309073     
   172.451618670320      -0.132943429330883      -1.596359211029490E-002
   173.244499675701      -7.519195745276516E-002  0.113010852441159     
   174.037380681082       6.934838731992615E-002  0.121276148453412     
   174.830261686463       0.145480995663824      -9.184661661813386E-003
   175.623142691843       5.725197898260793E-002 -0.142746770299695     
   176.416023697224      -0.112628025672182      -0.118492849040570     
   177.208904702605      -0.163825827859275       5.942747177705386E-002
   178.001785707986      -8.506347885492642E-003  0.185175059756052     
   178.794666713366       0.178526780843252       8.020004024106972E-002
   179.587547718747       0.143948780619353      -0.144643980848668     
   180.380428724128      -8.893947373656252E-002 -0.189350055168294     
   181.173309729509      -0.209117637421495       2.052819452550666E-002
   181.966190734890      -4.937307910650547E-002  0.200351043435856     
   182.759071740270       0.165029580593495       0.109414285754831     
   183.551952745651       0.150100269248641      -0.109637704697681     
   184.344833751032      -4.398579357127686E-002 -0.165447071632800     
   185.137714756413      -0.154012429553163      -2.056214194786344E-002
   185.930595761794      -7.313383694648765E-002  0.119115019138003     
   186.723476767174       6.819924183976732E-002  0.105298372408958     
   187.516357772555       0.112569541925696      -1.145483930839145E-002
   188.309238777936       4.006400081173886E-002 -9.519326941279931E-002
   189.102119783317      -5.807729073585252E-002 -7.648282470725978E-002
   189.895000788697      -9.094533687859126E-002  9.874086797758480E-003
   190.687881794078      -3.862074426183707E-002  8.091216810524138E-002
   191.480762799459       4.868177453010372E-002  7.646938471160948E-002
   192.273643804840       9.463368489909442E-002 -1.034090765056998E-003
   193.066524810221       5.194549313307356E-002 -8.769024513529078E-002
   193.859405815601      -5.490695440447360E-002 -9.865739622768099E-002
   194.652286820982      -0.128079522090129       4.812974210316456E-004
   195.445167826363      -6.711070529238608E-002  0.131790436176885     
   196.238048831744       0.105566948174827       0.136546835281298     
   197.030929837124       0.195622017461745      -5.027390702795471E-002
   197.823810842505       2.811297270676245E-002 -0.233392559812255     
   198.616691847886      -0.242113385708674      -0.119363323446588     
   199.409572853267      -0.210594700263277       0.218615925043879     
   200.202453858648       0.164882077876957       0.288367193490314     
   200.995334864028       0.340928221886372      -8.772942650679966E-002
   201.788215869409       2.306612914399868E-003 -0.360220120498511     
   202.581096874790      -0.343276335466132      -9.267491392249991E-002
   203.373977880171      -0.170806452475058       0.292726490033200     
   204.166858885551       0.216306545838068       0.226100649032150     
   204.959739890932       0.251599149320529      -0.125482115770947     
   205.752620896313      -3.346918788910674E-002 -0.245073730065598     
   206.545501901694      -0.209327326593320      -4.697082841699560E-002
   207.338382907075      -0.105576961404690       0.151636416752155     
   208.131263912455       8.242594392663993E-002  0.136143577209049     
   208.924144917836       0.137345911232611      -1.341884850195353E-002
   209.717025923217       4.439876746516488E-002 -0.112720896391955     
   210.509906928598      -6.982851448279495E-002 -8.262784897856235E-002
   211.302787933979      -9.679577607551401E-002  1.875700375479378E-002
   212.095668939359      -2.975353988959259E-002  8.695943174952292E-002
   212.888549944740       5.748434742081055E-002  6.623173995990489E-002
   213.681430950121       8.409998904709762E-002 -1.606211851287634E-002
   214.474311955502       2.783651789462369E-002 -8.072305201514471E-002
   215.267192960882      -5.770800155730239E-002 -6.477853484673718E-002
   216.060073966263      -8.711879809529148E-002  2.042156789782794E-002
   216.852954971644      -2.316661716894355E-002  9.036633560240698E-002
   217.645835977025       7.392593996019907E-002  6.408589131664016E-002
   218.438716982406       9.410567943270429E-002 -4.109329805595821E-002
   219.231597987786       1.678920698276449E-003 -0.107290338969347     
   220.024478993167      -0.101082770190996      -4.609259018824778E-002
   220.817359998548      -8.363733556368368E-002  7.672437758513551E-002
   221.610241003929       3.894562422669194E-002  0.107233227193653     
   222.403122009309       0.112572830641596       5.001848722662270E-003
   223.196003014690       4.677909716402712E-002 -9.891246875654644E-002
   223.988884020071      -6.916921345392021E-002 -7.858290212358951E-002
   224.781765025452      -9.464846581502744E-002  2.931305466388608E-002
   225.574646030833      -1.282269946846074E-002  9.234698386426875E-002
   226.367527036213       7.267095085801040E-002  4.908078684046827E-002
   227.160408041594       7.257279800429176E-002 -4.001660456019297E-002
   227.953289046975      -1.306664112047141E-003 -7.902066006663894E-002
   228.746170052356      -6.759049303152778E-002 -3.537785388767979E-002
   229.539051057737      -6.239430776192222E-002  4.105877416535297E-002
   230.331932063117       5.277011256228632E-003  7.405715771100534E-002
   231.124813068498       6.778617292837505E-002  3.196594749754349E-002
   231.917694073879       6.247001010039067E-002 -4.466064161949744E-002
   232.710575079260      -9.267580532944485E-003 -7.924919506869026E-002
   233.503456084640      -7.794579611782965E-002 -3.113491715343975E-002
   234.296337090021      -6.798801466218168E-002  5.775978155391469E-002
   235.089218095402       2.170836945227375E-002  9.308231762011225E-002
   235.882099100783       0.100178184113605       2.384525202684739E-002
   236.674980106164       7.031831353678053E-002 -8.628807158941561E-002
   237.467861111544      -5.237217815423195E-002 -0.108489891697803     
   238.260742116925      -0.130248473839501       3.305030414989862E-003
   239.053623122306      -5.289548853072286E-002  0.130180220651093     
   239.846504127687       0.106695872634995       0.106448724874778     
   240.639385133067       0.147559563610797      -6.247456964460702E-002
   241.432266138448      -4.126484155878768E-003 -0.168221580023287     
   242.225147143829      -0.163746425742548      -5.887952727008275E-002
   243.018028149210      -0.115839805717280       0.133733377915221     
   243.810909154591       8.228773735504007E-002  0.156704353332247     
   244.603790159971       0.173892348592790      -1.742906947109686E-002
   245.396671165352       5.022242668906277E-002 -0.163707450909912     
   246.189552170733      -0.127093527992665      -0.109258409192849     
   246.982433176114      -0.149475220690940       6.958490125497185E-002
   247.775314181495       4.455222819736357E-004  0.163691255248950     
   248.568195186875       0.149061035197563       6.886477805488486E-002
   249.361076192256       0.126636922258920      -0.107645692702132     
   250.153957197637      -4.613036672159807E-002 -0.162934535472610     
   250.946838203018      -0.171335593440976      -2.527027530802985E-002
   251.739719208398      -9.453316167380911E-002  0.150083768279337     
   252.532600213779       0.102441102366215       0.149877408265782     
   253.325481219160       0.181787262665648      -3.617326636667714E-002
   254.118362224541       3.774867723474017E-002 -0.184653292110526     
   254.911243229922      -0.157743505740675      -0.107007662917106     
   255.704124235302      -0.160039313929887       0.105333329523482     
   256.497005240683       3.597132773423973E-002  0.188005133356234     
   257.289886246064       0.186296520020268       3.899012860887968E-002
   258.082767251445       0.107340854611522      -0.155307402866392     
   258.875648256826      -0.100340948895266      -0.158094421447492     
   259.668529262206      -0.183342767368454       3.066765206891438E-002
   260.461410267587      -4.209816851978355E-002  0.179564216438695     
   261.254291272968       0.148163614273918       0.106015457157234     
   262.047172278349       0.150869356374755      -9.515856048658125E-002
   262.840053283729      -3.007406015859625E-002 -0.169897529917105     
   263.632934289110      -0.160889066917785      -3.575553898367127E-002
   264.425815294491      -9.117628150123000E-002  0.126471082446161     
   265.218696299872       7.354553162363844E-002  0.127144778344315     
   266.011577305253       0.138259198628310      -1.198975864188993E-002
   266.804458310633       4.713800574169082E-002 -0.123624112806823     
   267.597339316014      -8.690343191638350E-002 -9.356400812972554E-002
   268.390220321395      -0.119585945802115       3.556307716730389E-002
   269.183101326776      -2.054904138311904E-002  0.121368679668987     
   269.975982332156       9.952695280670898E-002  7.102067545402072E-002
   270.768863337537       0.106757553524416      -5.890309300545074E-002
   271.561744342918      -7.592773144408937E-003 -0.121590629775296     
   272.354625348299      -0.113323211733842      -4.459376923118144E-002
   273.147506353680      -8.794835264004947E-002  8.403832988977378E-002
   273.940387359060       3.962324029727107E-002  0.114626161586731     
   274.733268364441       0.120033071587382       1.138942169222619E-002
   275.526149369822       5.944147516644917E-002 -0.103592618390113     
   276.319030375203      -6.876272368718868E-002 -9.572668308920762E-002
   277.111911380583      -0.113797780999378       2.231131340773265E-002
   277.904792385964      -2.700411977357416E-002  0.110710314812823     
   278.697673391345       8.749912995741192E-002  7.010010806735346E-002
   279.490554396726       9.926094602943612E-002 -4.890852981629638E-002
   280.283435402107      -2.435811320689180E-003 -0.109547944916223     
   281.076316407487      -9.966622202942711E-002 -4.312532043366225E-002
   281.869197412868      -7.936328750577636E-002  7.213484435002795E-002
   282.662078418249       3.273732877123589E-002  9.983135989461878E-002
   283.454959423630       0.101236818384964       1.063641670514195E-002
   284.247840429011       4.953314955865577E-002 -8.401489439573483E-002
   285.040721434391      -5.218359297370148E-002 -7.657012631583070E-002
   285.833602439772      -8.684934606760152E-002  1.251240789272049E-002
   286.626483445153      -2.683218913941394E-002  7.888338330536319E-002
   287.419364450534       5.485610739172658E-002  5.790315855614753E-002
   288.212245455914       7.454087823503104E-002 -2.016761100869697E-002
   289.005126461295       1.765089598396608E-002 -7.359151775247706E-002
   289.798007466676      -5.554007150525293E-002 -5.044550158469680E-002
   290.590888472057      -7.108217575656654E-002  2.443219280394555E-002
   291.383769477438      -1.290676999475935E-002  7.490630516344809E-002
   292.176650482818       6.073375876662751E-002  4.821322072066096E-002
   292.969531488199       7.343634300076439E-002 -3.117411920769494E-002
   293.762412493580       7.788668935311077E-003 -8.238510992977188E-002
   294.555293498961      -7.205312333229051E-002 -4.789271448629968E-002
   295.348174504342      -8.017619702344586E-002  4.335827571177102E-002
   296.141055509722       1.139562875943481E-003  9.674623341550506E-002
   296.933936515103       9.240540669251746E-002  4.661000161961257E-002
   297.726817520484       9.015236909754441E-002 -6.582188686691026E-002
   298.519698525865      -2.000720554810070E-002 -0.119810122380740     
   299.312579531245      -0.127843080086957      -3.801060090558402E-002
   300.105460536626      -9.828382374468458E-002  0.110047508144079     
   300.898341542007       6.677004558673698E-002  0.149634076976746     
   301.691222547388       0.181643083384706      -3.126097095399197E-003
   302.484103552769       7.164839248962147E-002 -0.186593958101713     
   303.276984558149      -0.161013158087795      -0.145625725230290     
   304.069865563530      -0.206163170980999       0.106525852922093     
   304.862746568911       2.984984443069080E-002  0.242088002294241     
   305.655627574292       0.245706364992177       5.810235574108075E-002
   306.448508579672       0.143888759552194      -0.214277819044130     
   307.241389585053      -0.150687878255577      -0.213705810679738     
   308.034270590434      -0.255695827819358       6.318663462545830E-002
   308.827151595815      -3.578139139123816E-002  0.261995833905491     
   309.620032601196       0.230167347880982       0.131477348235335     
   310.412913606576       0.209192990180750      -0.163750394412333     
   311.205794611957      -7.183457835985130E-002 -0.256618043763659     
   311.998675617338      -0.265854325076803      -3.229186738456981E-002
   312.791556622719      -0.133196883660588       0.234735887257909     
   313.584437628099       0.167229127754432       0.215725229897653     
   314.377318633480       0.267384798853193      -7.284134543995777E-002
   315.170199638861       3.486635361418277E-002 -0.280304504767129     
   315.963080644242      -0.252442922901355      -0.140414833363721     
   316.755961649623      -0.228835746055848       0.187854582414505     
   317.548842655003       9.598056033482494E-002  0.287989921690438     
   318.341723660384       0.310392787859194       9.906470416195523E-003
   319.134604665765       0.114834256080007      -0.294250437459986     
   319.927485671146      -0.243547351324986      -0.204482182174339     
   320.720366676527      -0.267366747877041       0.167192806879912     
   321.513247681907       7.739836567152633E-002  0.296511914845734     
   322.306128687288       0.290343277723177       1.240937036247186E-002
   323.099009692669       8.976723152082559E-002 -0.252672424319345     
   323.891890698050      -0.191790343332867      -0.145077755869265     
   324.684771703430      -0.172938914042700       0.118846692865536     
   325.477652708811       4.582373995697895E-002  0.172715416461650     
   326.270533714192       0.148292703905559       1.651583147698216E-002
   327.063414719573       6.033896489770892E-002 -0.107085494040179     
   327.856295724954      -5.849561066986191E-002 -8.182598704401561E-002
   328.649176730334      -8.147407586874152E-002  1.210868261390493E-002
   329.442057735715      -2.403696401185322E-002  6.361277348225683E-002
   330.234938741096       3.526196143293459E-002  4.479634024476806E-002
   331.027819746477       4.864663820609862E-002 -4.572564270164579E-003
   331.820700751857       2.084474598345207E-002 -3.768979010153353E-002
   332.613581757238      -1.695940423823025E-002 -3.538817041223494E-002
   333.406462762619      -3.646375384201367E-002 -6.807657269208350E-003
   334.199343768000      -2.667895265458523E-002  2.484341129882028E-002
   334.992224773381       4.336144527181306E-003  3.701189003041705E-002
   335.785105778761       3.462764529916888E-002  1.914199403218301E-002
   336.577986784142       3.890087430678374E-002 -1.945068907153275E-002
   337.370867789523       5.501749868522443E-003 -4.894070988183868E-002
   338.163748794904      -4.525617401638822E-002 -3.476857520353870E-002
   338.956629800285      -6.159680843842323E-002  2.672438845937608E-002
   339.749510805665      -4.594335883624158E-003  7.936452777535041E-002
   340.542391811046       8.298996690804580E-002  4.379763461302004E-002
   341.335272816427       8.405395963217484E-002 -7.004318442421360E-002
   342.128153821808      -4.133266569663096E-002 -0.117909066015299     
   342.921034827188      -0.138736891861990       8.421148279963500E-004
   343.713915832569      -4.497490042796842E-002  0.142060849384889     
   344.506796837950       0.126492151086136       8.840096455984239E-002
   345.299677843331       0.121918600876501      -9.409328295777356E-002
   346.092558848712      -5.007419027413360E-002 -0.139645070951794     
   346.885439854092      -0.138467949414892       1.857980393289408E-003
   347.678320859473      -4.231268966936054E-002  0.118672380861582     
   348.471201864854       8.393971367234773E-002  7.495508047390501E-002
   349.264082870235       9.079744856593683E-002 -4.070432849154260E-002
   350.056963875615       3.028611441852968E-003 -8.781494451549934E-002
   350.849844880996      -6.764657706247601E-002 -3.919570758114151E-002
   351.642725886377      -6.123739019077137E-002  3.530766106612126E-002
   352.435606891758      -1.756138824246121E-003  6.540967593557247E-002
   353.228487897139       5.158589799090060E-002  3.510363019068911E-002
   354.021368902519       5.695821508575629E-002 -2.338061068518206E-002
   354.814249907900       1.244612848901468E-002 -6.178250369957431E-002
   355.607130913281      -4.746590944039521E-002 -4.720972366425445E-002
   356.400011918662      -7.193212966784096E-002  1.588909257750387E-002
   357.192892924042      -2.726044244503729E-002  7.908547961057394E-002
   357.985773929423       6.412262432292676E-002  7.341141033730537E-002
   358.778654934804       0.112623411562886      -2.650182440630295E-002
   359.571535940185       2.999803630186822E-002 -0.135432750028967     
   360.364416945566      -0.134698784491826      -9.774571214929906E-002
   361.157297950946      -0.166438487571738       0.107105259897796     
   361.950178956327       5.401574394727995E-002  0.224795660076029     
   362.743059961708       0.262478967398848       1.851420950754418E-002
   363.535940967089       0.100610098853334      -0.271924799538350     
   364.328821972470      -0.249789533482405      -0.180194010694336     
   365.121702977850      -0.245034916866425       0.197752170005915     
   365.914583983231       0.122486816093619       0.284840669868653     
   366.707464988612       0.293020108789683      -3.473545419860524E-002
   367.500345993993       5.241219409866558E-002 -0.267838959499088     
   368.293226999373      -0.212803950645980      -0.125735883693022     
   369.086108004754      -0.174179131820527       0.136210843737850     
   369.878989010135       4.989938317041293E-002  0.190786878585209     
   370.671870015516       0.173937166473769       3.261677449891075E-002
   371.464751020897       9.835539029163305E-002 -0.127658303184584     
   372.257632026277      -6.098460570032795E-002 -0.137036956792731     
   373.050513031658      -0.142843197346863      -1.353634112596709E-002
   373.843394037039      -8.193258943072819E-002  0.115448882539723     
   374.636275042420       6.013778746385239E-002  0.131141263925201     
   375.429156047801       0.151192915469150       1.302734112985674E-002
   376.222037053181       9.084710545261263E-002 -0.136877620998237     
   377.014918058562      -8.861200533280494E-002 -0.159166617821431     
   377.807799063943      -0.205230179566484       1.236440668925438E-002
   378.600680069324      -8.134034259774373E-002  0.219814855656441     
   379.393561074704       0.198784637897036       0.179153690692895     
   380.186442080085       0.267062960003810      -0.143800289967051     
   380.979323085466      -6.205412809447327E-002 -0.332599816840413     
   381.772204090847      -0.366730118903634      -3.494374178496714E-002
   382.565085096228      -0.133335717372095       0.365142363824145     
   383.357966101608       0.328779815866671       0.219295711488394     
   384.150847106989       0.281358650125086      -0.263583203076512     
   384.943728112370      -0.179494456106260      -0.312232588826821     
   385.736609117751      -0.309754755881376       8.883567256045430E-002
   386.529490123131       4.270450261313882E-003  0.276885249236315     
   387.322371128512       0.220858525878615       6.331743135551250E-002
   388.115252133893       0.106605987314979      -0.151738044682420     
   388.908133139274      -8.064447176345430E-002 -0.122898280196541     
   389.701014144655      -0.114263878967933       1.792124739456778E-002
   390.493895150035      -2.849556626941889E-002  8.678184458271947E-002
   391.286776155416       4.909556713247647E-002  5.424454740656470E-002
   392.079657160797       5.904246689551642E-002 -1.059957251302960E-002
   392.872538166178       2.038519170893734E-002 -4.643745565358699E-002
   393.665419171558      -2.286855137738908E-002 -3.811480820691155E-002
   394.458300176939      -4.034585803990200E-002 -3.777027689152626E-003
   395.251181182320      -2.582293981884371E-002  2.853385757746662E-002
   396.044062187701       7.297786890823846E-003  3.735654569715917E-002
   396.836943193082       3.537911503712638E-002  1.672255001653333E-002
   397.629824198462       3.637891404506956E-002 -2.033907554495903E-002
   398.422705203843       4.044731898407782E-003 -4.559392599780378E-002
   399.215586209224      -4.069622737685946E-002 -3.162554469797320E-002
   400.008467214605      -5.516520488731045E-002  2.125077075777305E-002
   400.801348219986      -9.777316013096452E-003  6.789905874325745E-002
   401.594229225366       6.502041544535568E-002  4.655748420365036E-002
   402.387110230747       8.152408968103465E-002 -4.479110671076827E-002
   403.179991236128      -9.055341165069765E-003 -0.106883628030005     
   403.972872241509      -0.116206296272812      -3.695334818950798E-002
   404.765753246890      -8.548838017009069E-002  0.105791483332584     
   405.558634252270       7.553860126874101E-002  0.127694827002425     
   406.351515257651       0.155283058566015      -2.914739458175614E-002
   407.144396263032       2.640345233752882E-002 -0.162153877524850     
   407.937277268413      -0.145659998399528      -8.201769287313682E-002
   408.730158273793      -0.128082636625950       0.107253483881001     
   409.523039279174       5.238353182030181E-002  0.156224467990676     
   410.315920284555       0.160895438220609       1.035055661875965E-002
   411.108801289936       7.064845464617885E-002 -0.140492205465011     
   411.901682295317      -9.778425417890345E-002 -0.118306202250245     
   412.694563300697      -0.145042181511069       3.955553988128304E-002
   413.487444306078      -2.449272526214362E-002  0.146021891323918     
   414.280325311459       0.120800390251651       8.339294203332090E-002
   415.073206316840       0.126826345549543      -7.350146693352663E-002
   415.866087322220      -1.218733458854424E-002 -0.146961290048699     
   416.658968327601      -0.139882830631050      -5.248211626270381E-002
   417.451849332982      -0.109072212598539       0.106351371644415     
   418.244730338363       5.174556103317589E-002  0.147360771774795     
   419.037611343744       0.160138959207171       1.481085748495581E-002
   419.830492349124       8.199259511577449E-002 -0.144504801784202     
   420.623373354505      -0.102416152710891      -0.138219937998963     
   421.416254359886      -0.173668040625291       4.039983670617536E-002
   422.209135365267      -3.153757252405917E-002  0.181982918893504     
   423.002016370648       0.161398445192014       0.101611087842078     
   423.794897376028       0.158276422390710      -0.115054275694298     
   424.587778381409      -5.045745936393346E-002 -0.192215562609778     
   425.380659386790      -0.197941010864429      -2.181609164483898E-002
   426.173540392171      -8.994926690987916E-002  0.174734951622410     
   426.966421397551       0.126754934317746       0.142918199561051     
   427.759302402932       0.172378043377150      -6.228575877187083E-002
   428.552183408313       7.728607593245736E-003 -0.174073047523326     
   429.345064413694      -0.148527456322125      -7.160906833483649E-002
   430.137945419075      -0.118976670904657       0.100898886481861     
   430.930826424455       4.002251932257892E-002  0.142537598519329     
   431.723707429836       0.139304697554813       2.318234110507899E-002
   432.516588435217       7.765818303022728E-002 -0.111045420950467     
   433.309469440598      -6.388486457421516E-002 -0.114159994073112     
   434.102350445978      -0.126863502632165       7.142685737075515E-003
   434.895231451359      -4.838209272972424E-002  0.114346866978933     
   435.688112456740       7.977577989859401E-002  9.236784650957139E-002
   436.480993462121       0.116817354725665      -3.026590151661006E-002
   437.273874467502       2.445578130113193E-002 -0.117465878321780     
   438.066755472882      -9.450210210560128E-002 -7.384423514698268E-002
   438.859636478263      -0.108458186645281       5.247874894042626E-002
   439.652517483644      -5.638813489307762E-004  0.121663875753225     
   440.445398489025       0.110816226919172       5.459673394490108E-002
   441.238279494405       9.944740384405419E-002 -7.770945130847816E-002
   442.031160499786      -2.822226164869009E-002 -0.126655574811147     
   442.824041505167      -0.131002333730757      -2.877169229203898E-002
   443.616922510548      -8.302616276667019E-002  0.111438651263251     
   444.409803515929       7.124963479908190E-002  0.124781357282452     
   445.202684521309       0.146523150441614      -1.743180751130177E-002
   445.995565526690       4.059562833338248E-002 -0.144325601069413     
   446.788446532071      -0.118536201929009      -9.270474026031975E-002
   447.581327537452      -0.129883185057689       7.368299114132741E-002
   448.374208542832       1.762481042731436E-002  0.145838350834774     
   449.167089548213       0.138094617999980       3.989523329272178E-002
   449.959970553594       8.902386597180333E-002 -0.108391195447111     
   450.752851558975      -6.231526034043340E-002 -0.121571513123526     
   451.545732564356      -0.132461217213956       8.243280869902440E-003
   452.338613569736      -4.421172087486666E-002  0.120591209186487     
   453.131494575117       8.896037921092634E-002  8.596004871584825E-002
   453.924375580498       0.110078648700314      -4.404261677815337E-002
   454.717256585879       5.466424373306238E-003 -0.113036994345585     
   455.510137591260      -9.528314074058712E-002 -5.029291107091216E-002
   456.303018596640      -8.231203187918595E-002  6.108700493899828E-002
   457.095899602021       1.767600524932306E-002  9.603905997727968E-002
   457.888780607402       8.961017850022079E-002  2.617084155464163E-002
   458.681661612783       6.180463234642457E-002 -6.507484465736221E-002
   459.474542618163      -2.794990088709495E-002 -8.234835228055165E-002
   460.267423623544      -8.399163796199345E-002 -1.387704566056731E-002
   461.060304628925      -5.168659294381948E-002  6.669706193196583E-002
   461.853185634306       3.418679142065263E-002  7.761838555813350E-002
   462.646066639687       8.619519775017226E-002  6.786931655728647E-003
   463.438947645067       4.775008439003242E-002 -7.539265961200116E-002
   464.231828650448      -4.705158391639686E-002 -8.014800871679510E-002
   465.024709655829      -9.701054655751826E-002  6.552399220056571E-003
   465.817590661210      -3.819083215462185E-002  9.432667479006455E-002
   466.610471666591       7.186700225549854E-002  7.823142441826700E-002
   467.403352671971       0.105306637510061      -3.329418918757000E-002
   468.196233677352       1.446674133864662E-002 -0.113447744936917     
   468.989114682733      -0.100178696313141      -6.248829866236481E-002
   469.781995688114      -0.101502094905729       6.707257321764973E-002
   470.574876693494       1.955263734346248E-002  0.123656143635710     
   471.367757698875       0.124040334355881       3.403574357169768E-002
   472.160638704256       8.392031749797815E-002 -0.101691317501423     
   472.953519709637      -5.988075611888702E-002 -0.120695403472302     
   473.746400715018      -0.137086181627949       5.621006150998170E-003
   474.539281720398      -5.153392735510982E-002  0.129357386977750     
   475.332162725779       9.810074088534877E-002  0.101183286456049     
   476.125043731160       0.133967390732348      -4.824554175345537E-002
   476.917924736541       1.172331584484584E-002 -0.143305933144398     
   477.710805741921      -0.126666860904046      -7.121123329912352E-002
   478.503686747302      -0.119372424731494       8.612707873783410E-002
   479.296567752683       2.811162073056443E-002  0.147051480230333     
   480.089448758064       0.148459099204806       3.765471203812996E-002
   480.882329763445       9.980643178700103E-002 -0.122276819675204     
   481.675210768825      -7.198482149081184E-002 -0.147317915445808     
   482.468091774206      -0.171454738800951       5.344066105154345E-003
   483.260972779587      -6.688544312832474E-002  0.167346295929039     
   484.053853784968       0.134894572600828       0.132771668385666     
   484.846734790349       0.181265497968897      -7.885063201972187E-002
   485.639615795729      -8.038716190998833E-003 -0.204123172158598     
   486.432496801110      -0.197355625822924      -6.613923712937027E-002
   487.225377806491      -0.131656897812915       0.161944272239415     
   488.018258811872       0.103690185889089       0.177931686342343     
   488.811139817252       0.197645209563426      -3.221727684614579E-002
   489.604020822633       4.069741786578410E-002 -0.187997337035583     
   490.396901828014      -0.151173767299430      -0.103170800087387     
   491.189782833395      -0.145274342868133       9.394344374466528E-002
   491.982663838776       2.645449995037391E-002  0.160743043572218     
   492.775544844156       0.148031729072987       3.956036855203942E-002
   493.568425849537       9.285200905040009E-002 -0.110534762070083     
   494.361306854918      -5.593371590209217E-002 -0.124629446321269     
   495.154187860299      -0.130090384429223      -5.208250168411841E-003
   495.947068865680      -6.135354200600864E-002  0.109236429786794     
   496.739949871060       6.683001015298630E-002  0.102058562859289     
   497.532830876441       0.119835143088843      -1.150342830894552E-002
   498.325711881822       4.581827863473104E-002 -0.111474242347312     
   499.118592887203      -7.859772535773006E-002 -9.389702831020365E-002
   499.911473892583      -0.123209300312578       2.734225437882238E-002
   500.704354897964      -3.276543042139045E-002  0.127659624719325     
   501.497235903345       0.105675251983744       9.053808896229172E-002
   502.290116908726       0.135150702977889      -6.048887716249494E-002
   503.082997914107       4.382093903669247E-004 -0.158092484949230     
   503.875878919487      -0.154697511023605      -6.674710117556015E-002
   504.668759924868      -0.127027650483493       0.124979919086449     
   505.461640930249       7.362626309842200E-002  0.170851089813030     
   506.254521935630       0.190627069335385      -9.151144777523641E-003
   507.047402941010       5.762654945733782E-002 -0.182953421400934     
   507.840283946391      -0.149215643579956      -0.115509505506612     
   508.633164951772      -0.154905144306735       9.532697637307122E-002
   509.426045957153       3.065637464594669E-002  0.169515442745515     
   510.218926962534       0.157436501940284       3.365926778917268E-002
   511.011807967914       8.671067936954799E-002 -0.121474575835366     
   511.804688973295      -6.862288320320398E-002 -0.119758802665732     
   512.597569978676      -0.127777391751314       8.792749044105201E-003
   513.390450984057      -4.697333989061106E-002  0.110323731549623     
   514.183331989437       7.158739519133370E-002  8.848582308880758E-002
   514.976212994818       0.108233478785382      -1.961385961982415E-002
   515.769094000199       3.515373354019485E-002 -0.102724162019909     
   516.561975005580      -7.310333257494044E-002 -8.175107536575629E-002
