     4.00000    -0.82378377E-03
     4.00400    -0.79331138E-03
     4.00800    -0.76394350E-03
     4.01200    -0.73564071E-03
     4.01600    -0.70836497E-03
     4.02000    -0.68207959E-03
     4.02400    -0.65674920E-03
     4.02800    -0.63233967E-03
     4.03200    -0.60881808E-03
     4.03600    -0.58615271E-03
     4.04000    -0.56431297E-03
     4.04400    -0.54326937E-03
     4.04800    -0.52299346E-03
     4.05200    -0.50345784E-03
     4.05600    -0.48463608E-03
     4.06000    -0.46650269E-03
     4.06400    -0.44903308E-03
     4.06800    -0.43220356E-03
     4.07200    -0.41599125E-03
     4.07600    -0.40037412E-03
     4.08000    -0.38533086E-03
     4.08400    -0.37084097E-03
     4.08800    -0.35688462E-03
     4.09200    -0.34344269E-03
     4.09600    -0.33049674E-03
     4.10000    -0.31802896E-03
     4.10400    -0.30602216E-03
     4.10800    -0.29445974E-03
     4.11200    -0.28332569E-03
     4.11600    -0.27260456E-03
     4.12000    -0.26228143E-03
     4.12400    -0.25234188E-03
     4.12800    -0.24277203E-03
     4.13200    -0.23355845E-03
     4.13600    -0.22468820E-03
     4.14000    -0.21614877E-03
     4.14400    -0.20792811E-03
     4.14800    -0.20001458E-03
     4.15200    -0.19239695E-03
     4.15600    -0.18506439E-03
     4.16000    -0.17800643E-03
     4.16400    -0.17121299E-03
     4.16800    -0.16467435E-03
     4.17200    -0.15838112E-03
     4.17600    -0.15232425E-03
     4.18000    -0.14649502E-03
     4.18400    -0.14088500E-03
     4.18800    -0.13548609E-03
     4.19200    -0.13029046E-03
     4.19600    -0.12529059E-03
     4.20000    -0.12047920E-03
     4.20400    -0.11584930E-03
     4.20800    -0.11139415E-03
     4.21200    -0.10710724E-03
     4.21600    -0.10298234E-03
     4.22000    -0.99013400E-04
     4.22400    -0.95194628E-04
     4.22800    -0.91520434E-04
     4.23200    -0.87985433E-04
     4.23600    -0.84584449E-04
     4.24000    -0.81312488E-04
     4.24400    -0.78164746E-04
     4.24800    -0.75136596E-04
     4.25200    -0.72223583E-04
     4.25600    -0.69421416E-04
     4.26000    -0.66725963E-04
     4.26400    -0.64133244E-04
     4.26800    -0.61639424E-04
     4.27200    -0.59240815E-04
     4.27600    -0.56933858E-04
     4.28000    -0.54715129E-04
     4.28400    -0.52581325E-04
     4.28800    -0.50529268E-04
     4.29200    -0.48555897E-04
     4.29600    -0.46658257E-04
     4.30000    -0.44833510E-04
     4.30400    -0.43078912E-04
     4.30800    -0.41391827E-04
     4.31200    -0.39769713E-04
     4.31600    -0.38210117E-04
     4.32000    -0.36710683E-04
     4.32400    -0.35269136E-04
     4.32800    -0.33883286E-04
     4.33200    -0.32551022E-04
     4.33600    -0.31270315E-04
     4.34000    -0.30039204E-04
     4.34400    -0.28855805E-04
     4.34800    -0.27718303E-04
     4.35200    -0.26624947E-04
     4.35600    -0.25574053E-04
     4.36000    -0.24564001E-04
     4.36400    -0.23593228E-04
     4.36800    -0.22660232E-04
     4.37200    -0.21763564E-04
     4.37600    -0.20901832E-04
     4.38000    -0.20073695E-04
     4.38400    -0.19277862E-04
     4.38800    -0.18513090E-04
     4.39200    -0.17778188E-04
     4.39600    -0.17072002E-04
     4.40000    -0.16393428E-04
     4.40400    -0.15741400E-04
     4.40800    -0.15114896E-04
     4.41200    -0.14512931E-04
     4.41600    -0.13934558E-04
     4.42000    -0.13378866E-04
     4.42400    -0.12844980E-04
     4.42800    -0.12332056E-04
     4.43200    -0.11839285E-04
     4.43600    -0.11365889E-04
     4.44000    -0.10911115E-04
     4.44400    -0.10474246E-04
     4.44800    -0.10054590E-04
     4.45200    -0.96514770E-05
     4.45600    -0.92642689E-05
     4.46000    -0.88923475E-05
     4.46400    -0.85351221E-05
     4.46800    -0.81920206E-05
     4.47200    -0.78624975E-05
     4.47600    -0.75460201E-05
     4.48000    -0.72420879E-05
     4.48400    -0.69502079E-05
     4.48800    -0.66699145E-05
     4.49200    -0.64007526E-05
     4.49600    -0.61422887E-05
     4.50000    -0.58941079E-05
     4.50400    -0.56558088E-05
     4.50800    -0.54270011E-05
     4.51200    -0.52073161E-05
     4.51600    -0.49963960E-05
     4.52000    -0.47938957E-05
     4.52400    -0.45994876E-05
     4.52800    -0.44128516E-05
     4.53200    -0.42336822E-05
     4.53600    -0.40616871E-05
     4.54000    -0.38965788E-05
     4.54400    -0.37380934E-05
     4.54800    -0.35859625E-05
     4.55200    -0.34399378E-05
     4.55600    -0.32997786E-05
     4.56000    -0.31652511E-05
     4.56400    -0.30361323E-05
     4.56800    -0.29122088E-05
     4.57200    -0.27932735E-05
     4.57600    -0.26791283E-05
     4.58000    -0.25695847E-05
     4.58400    -0.24644561E-05
     4.58800    -0.23635709E-05
     4.59200    -0.22667566E-05
     4.59600    -0.21738534E-05
     4.60000    -0.20847057E-05
     4.60400    -0.19991597E-05
     4.60800    -0.19170776E-05
     4.61200    -0.18383171E-05
     4.61600    -0.17627471E-05
     4.62000    -0.16902408E-05
     4.62400    -0.16206729E-05
     4.62800    -0.15539289E-05
     4.63200    -0.14898950E-05
     4.63600    -0.14284635E-05
     4.64000    -0.13695276E-05
     4.64400    -0.13129909E-05
     4.64800    -0.12587545E-05
     4.65200    -0.12067268E-05
     4.65600    -0.11568211E-05
     4.66000    -0.11089482E-05
     4.66400    -0.10630308E-05
     4.66800    -0.10189897E-05
     4.67200    -0.97674559E-06
     4.67600    -0.93623036E-06
     4.68000    -0.89737361E-06
     4.68400    -0.86010766E-06
     4.68800    -0.82436657E-06
     4.69200    -0.79009392E-06
     4.69600    -0.75722560E-06
     4.70000    -0.72570712E-06
     4.70400    -0.69548496E-06
     4.70800    -0.66650404E-06
     4.71200    -0.63871470E-06
     4.71600    -0.61207102E-06
     4.72000    -0.58652198E-06
     4.72400    -0.56202853E-06
     4.72800    -0.53854478E-06
     4.73200    -0.51603006E-06
     4.73600    -0.49444381E-06
     4.74000    -0.47375008E-06
     4.74400    -0.45391267E-06
     4.74800    -0.43489319E-06
     4.75200    -0.41666376E-06
     4.75600    -0.39918800E-06
     4.76000    -0.38243354E-06
     4.76400    -0.36637652E-06
     4.76800    -0.35098539E-06
     4.77200    -0.33623029E-06
     4.77600    -0.32209110E-06
     4.78000    -0.30853717E-06
     4.78400    -0.29554626E-06
     4.78800    -0.28309695E-06
     4.79200    -0.27116482E-06
     4.79600    -0.25972797E-06
     4.80000    -0.24876849E-06
     4.80400    -0.23826646E-06
     4.80800    -0.22820152E-06
     4.81200    -0.21855679E-06
     4.81600    -0.20931512E-06
     4.82000    -0.20045866E-06
     4.82400    -0.19197256E-06
     4.82800    -0.18384174E-06
     4.83200    -0.17604878E-06
     4.83600    -0.16858461E-06
     4.84000    -0.16143165E-06
     4.84400    -0.15457860E-06
     4.84800    -0.14801478E-06
     4.85200    -0.14172372E-06
     4.85600    -0.13569759E-06
     4.86000    -0.12992533E-06
     4.86400    -0.12439420E-06
     4.86800    -0.11909627E-06
     4.87200    -0.11402131E-06
     4.87600    -0.10915910E-06
     4.88000    -0.10450242E-06
     4.88400    -0.10004290E-06
     4.88800    -0.95770025E-07
     4.89200    -0.91678600E-07
     4.89600    -0.87760365E-07
     4.90000    -0.84006107E-07
     4.90400    -0.80411141E-07
     4.90800    -0.76968257E-07
     4.91200    -0.73671088E-07
     4.91600    -0.70515212E-07
     4.92000    -0.67492055E-07
     4.92400    -0.64595006E-07
     4.92800    -0.61822667E-07
     4.93200    -0.59170402E-07
     4.93600    -0.56626234E-07
     4.94000    -0.54191191E-07
     4.94400    -0.51863626E-07
     4.94800    -0.49630460E-07
     4.95200    -0.47494112E-07
     4.95600    -0.45451549E-07
     4.96000    -0.43491181E-07
     4.96400    -0.41615018E-07
     4.96800    -0.39821871E-07
     4.97200    -0.38103016E-07
     4.97600    -0.36458864E-07
     4.98000    -0.34883968E-07
     4.98400    -0.33376241E-07
     4.98800    -0.31933394E-07
     4.99200    -0.30552773E-07
     4.99600    -0.29228832E-07
     5.00000    -0.27963719E-07
     5.00400    -0.26752435E-07
     5.00800    -0.25592735E-07
     5.01200    -0.24483216E-07
     5.01600    -0.23420710E-07
     5.02000    -0.22404680E-07
     5.02400    -0.21433201E-07
     5.02800    -0.20501312E-07
     5.03200    -0.19609459E-07
     5.03600    -0.18758189E-07
     5.04000    -0.17941580E-07
     5.04400    -0.17159030E-07
     5.04800    -0.16412367E-07
     5.05200    -0.15698457E-07
     5.05600    -0.15012157E-07
     5.06000    -0.14356826E-07
     5.06400    -0.13732601E-07
     5.06800    -0.13132210E-07
     5.07200    -0.12557484E-07
     5.07600    -0.12008547E-07
     5.08000    -0.11483315E-07
     5.08400    -0.10980239E-07
     5.08800    -0.10500230E-07
     5.09200    -0.10040160E-07
     5.09600    -0.96001098E-08
     5.10000    -0.91787895E-08
     5.10400    -0.87764008E-08
     5.10800    -0.83919506E-08
     5.11200    -0.80232090E-08
     5.11600    -0.76710824E-08
     5.12000    -0.73338160E-08
     5.12400    -0.70119602E-08
     5.12800    -0.67033401E-08
     5.13200    -0.64091826E-08
     5.13600    -0.61267073E-08
     5.14000    -0.58566933E-08
     5.14400    -0.55997058E-08
     5.14800    -0.53533697E-08
     5.15200    -0.51175708E-08
     5.15600    -0.48912315E-08
     5.16000    -0.46754623E-08
     5.16400    -0.44702942E-08
     5.16800    -0.42723724E-08
     5.17200    -0.40837847E-08
     5.17600    -0.39026666E-08
     5.18000    -0.37325534E-08
     5.18400    -0.35672713E-08
     5.18800    -0.34093703E-08
     5.19200    -0.32579487E-08
     5.19600    -0.31159750E-08
     5.20000    -0.29777868E-08
     5.20400    -0.28464226E-08
     5.20800    -0.27187030E-08
     5.21200    -0.25997997E-08
     5.21600    -0.24852203E-08
     5.22000    -0.23744332E-08
     5.22400    -0.22690212E-08
     5.22800    -0.21686529E-08
     5.23200    -0.20725066E-08
     5.23600    -0.19794462E-08
     5.24000    -0.18930272E-08
     5.24400    -0.18077325E-08
     5.24800    -0.17270504E-08
     5.25200    -0.16514492E-08
     5.25600    -0.15780153E-08
     5.26000    -0.15073175E-08
     5.26400    -0.14400695E-08
     5.26800    -0.13767908E-08
     5.27200    -0.13151896E-08
     5.27600    -0.12566553E-08
     5.28000    -0.12010324E-08
     5.28400    -0.11479795E-08
     5.28800    -0.10970754E-08
     5.29200    -0.10472952E-08
     5.29600    -0.10007301E-08
     5.30000    -0.95670131E-09
     5.30400    -0.91392794E-09
     5.30800    -0.87322241E-09
     5.31200    -0.83360305E-09
     5.31600    -0.79545953E-09
     5.32000    -0.76107422E-09
     5.32400    -0.72611956E-09
     5.32800    -0.69301251E-09
     5.33200    -0.66288609E-09
     5.33600    -0.63228320E-09
     5.34000    -0.60494436E-09
     5.34400    -0.57657384E-09
     5.34800    -0.55126962E-09
     5.35200    -0.52810116E-09
     5.35600    -0.50289720E-09
     5.36000    -0.48096903E-09
     5.36400    -0.46076636E-09
     5.36800    -0.43859977E-09
     5.37200    -0.41918145E-09
     5.37600    -0.40201181E-09
     5.38000    -0.38424194E-09
     5.38400    -0.36596347E-09
     5.38800    -0.35238785E-09
     5.39200    -0.33540680E-09
     5.39600    -0.32054222E-09
     5.40000    -0.30680559E-09
     5.40400    -0.29533246E-09
     5.40800    -0.28229960E-09
     5.41200    -0.26838603E-09
     5.41600    -0.25924524E-09
     5.42000    -0.24647594E-09
     5.42400    -0.23422366E-09
     5.42800    -0.22437023E-09
     5.43200    -0.21687769E-09
     5.43600    -0.20779283E-09
     5.44000    -0.19685576E-09
     5.44400    -0.18840917E-09
     5.44800    -0.18163755E-09
     5.45200    -0.17315196E-09
     5.45600    -0.16582161E-09
     5.46000    -0.15900534E-09
     5.46400    -0.15234161E-09
     5.46800    -0.14530050E-09
     5.47200    -0.13948528E-09
     5.47600    -0.13448314E-09
     5.48000    -0.12708235E-09
     5.48400    -0.12251338E-09
     5.48800    -0.11819072E-09
     5.49200    -0.11159725E-09
     5.49600    -0.10678993E-09
     5.50000    -0.10341619E-09
     5.50400    -0.99633287E-10
     5.50800    -0.93860959E-10
     5.51200    -0.90649778E-10
     5.51600    -0.85850475E-10
     5.52000    -0.82182833E-10
     5.52400    -0.78221148E-10
     5.52800    -0.76210827E-10
     5.53200    -0.72289567E-10
     5.53600    -0.70476745E-10
     5.54000    -0.68039856E-10
     5.54400    -0.64890649E-10
     5.54800    -0.61157202E-10
     5.55200    -0.59017045E-10
     5.55600    -0.56696736E-10
     5.56000    -0.56530063E-10
     5.56400    -0.53539673E-10
     5.56800    -0.50257845E-10
     5.57200    -0.49513002E-10
     5.57600    -0.48215346E-10
     5.58000    -0.45646043E-10
     5.58400    -0.43726676E-10
     5.58800    -0.42618526E-10
     5.59200    -0.42397874E-10
     5.59600    -0.41413607E-10
     5.60000    -0.38698240E-10
     5.60400    -0.38935282E-10
     5.60800    -0.36574898E-10
     5.61200    -0.37299938E-10
     5.61600    -0.35204571E-10
     5.62000    -0.34502987E-10
     5.62400    -0.33869686E-10
     5.62800    -0.30802905E-10
     5.63200    -0.31810133E-10
     5.63600    -0.31273590E-10
     5.64000    -0.29697953E-10
     5.64400    -0.28874709E-10
     5.64800    -0.29102295E-10
     5.65200    -0.27376368E-10
     5.65600    -0.25792512E-10
     5.66000    -0.26336716E-10
     5.66400    -0.24138669E-10
     5.66800    -0.25030386E-10
     5.67200    -0.24142195E-10
     5.67600    -0.23839513E-10
     5.68000    -0.22168857E-10
     5.68400    -0.21551293E-10
     5.68800    -0.20684127E-10
     5.69200    -0.21541261E-10
     5.69600    -0.19172292E-10
     5.70000    -0.20025844E-10
     5.70400    -0.21145427E-10
     5.70800    -0.21989271E-10
     5.71200    -0.20088696E-10
     5.71600    -0.19367631E-10
     5.72000    -0.19431294E-10
     5.72400    -0.19560549E-10
     5.72800    -0.19562074E-10
     5.73200    -0.19936117E-10
     5.73600    -0.18319228E-10
     5.74000    -0.18476387E-10
     5.74400    -0.17457460E-10
     5.74800    -0.16027799E-10
     5.75200    -0.15527685E-10
     5.75600    -0.16929536E-10
     5.76000    -0.16302478E-10
     5.76400    -0.16644940E-10
     5.76800    -0.16396357E-10
     5.77200    -0.14598970E-10
     5.77600    -0.15403215E-10
     5.78000    -0.15533379E-10
     5.78400    -0.14908557E-10
     5.78800    -0.14728464E-10
     5.79200    -0.13708930E-10
     5.79600    -0.15205869E-10
     5.80000    -0.13678462E-10
     5.80400    -0.13360059E-10
     5.80800    -0.14973937E-10
     5.81200    -0.15934245E-10
     5.81600    -0.15183029E-10
     5.82000    -0.14490583E-10
     5.82400    -0.14009183E-10
     5.82800    -0.13404588E-10
     5.83200    -0.13136950E-10
     5.83600    -0.13587501E-10
     5.84000    -0.14717025E-10
     5.84400    -0.15413621E-10
     5.84800    -0.14857430E-10
     5.85200    -0.13315521E-10
     5.85600    -0.13389060E-10
     5.86000    -0.13153901E-10
     5.86400    -0.14330638E-10
     5.86800    -0.12927636E-10
     5.87200    -0.12724931E-10
     5.87600    -0.14109826E-10
     5.88000    -0.13834720E-10
     5.88400    -0.13979914E-10
     5.88800    -0.15466325E-10
     5.89200    -0.14099786E-10
     5.89600    -0.13925301E-10
     5.90000    -0.13631143E-10
     5.90400    -0.14229552E-10
     5.90800    -0.16399958E-10
     5.91200    -0.14780955E-10
     5.91600    -0.15598516E-10
     5.92000    -0.15458738E-10
     5.92400    -0.15653893E-10
     5.92800    -0.16123257E-10
     5.93200    -0.16340099E-10
     5.93600    -0.15824947E-10
     5.94000    -0.15272686E-10
     5.94400    -0.14504303E-10
     5.94800    -0.10148773E-10
     5.95200    -0.34393910E-11
     5.95600     0.16753526E-10
     5.96000     0.67779530E-10
     5.96400     0.19618881E-09
     5.96800     0.50728749E-09
     5.97200     0.12610206E-08
     5.97600     0.30591251E-08
     5.98000     0.72892678E-08
     5.98400     0.17108288E-07
     5.98800     0.39585010E-07
     5.99200     0.90314244E-07
     5.99600     0.20320821E-06
     6.00000     0.45094276E-06
     6.00400     0.98698335E-06
     6.00800     0.21306456E-05
     6.01200     0.45365577E-05
     6.01600     0.95270078E-05
     6.02000     0.19733411E-04
     6.02400     0.40314734E-04
     6.02800     0.81234734E-04
     6.03200     0.16144936E-03
     6.03600     0.31648107E-03
     6.04000     0.61189414E-03
     6.04400     0.11668695E-02
     6.04800     0.21947548E-02
     6.05200     0.40716251E-02
     6.05600     0.74502011E-02
     6.06000     0.13445812E-01
     6.06400     0.23934553E-01
     6.06800     0.42022641E-01
     6.07200     0.72771554E-01
     6.07600     0.12429706    
     6.08000     0.20940241    
     6.08400     0.34795645    
     6.08800     0.57028434    
     6.09200     0.92189697    
     6.09600      1.4699378    
     6.10000      2.3117594    
     6.10400      3.5860396    
     6.10800      5.4867893    
     6.11200      8.2804620    
     6.11600      12.326128    
     6.12000      18.098303    
     6.12400      26.211502    
     6.12800      37.444958    
     6.13200      52.765192    
     6.13600      73.343357    
     6.14000      100.56356    
     6.14400      136.01786    
     6.14800      181.48359    
     6.15200      238.87868    
     6.15600      310.19227    
     6.16000      397.38899    
     6.16400      502.28827    
     6.16800      626.42289    
     6.17200      770.88451    
     6.17600      936.16731    
     6.18000      1122.0237    
     6.18400      1327.3480    
     6.18800      1550.1038    
     6.19200      1787.3101    
     6.19600      2035.0962    
     6.20000      2288.8298    
     6.20400      2543.3179    
     6.20800      2793.0681    
     6.21200      3032.5943    
     6.21600      3256.7420    
     6.22000      3461.0053    
     6.22400      3641.8076    
     6.22800      3796.7181    
     6.23200      3924.5857    
     6.23600      4025.5758    
     6.24000      4101.1099    
     6.24400      4153.7129    
     6.24800      4186.7883    
     6.25200      4204.3418    
     6.25600      4210.6814    
     6.26000      4210.1219    
     6.26400      4206.7173    
     6.26800      4204.0406    
     6.27200      4205.0237    
     6.27600      4211.8611    
     6.28000      4225.9787    
     6.28400      4248.0593    
     6.28800      4278.1159    
     6.29200      4315.6036    
     6.29600      4359.5567    
     6.30000      4408.7437    
     6.30400      4461.8291    
     6.30800      4517.5353    
     6.31200      4574.7974    
     6.31600      4632.9022    
     6.32000      4691.6032    
     6.32400      4751.2055    
     6.32800      4812.6106    
     6.33200      4877.3154    
     6.33600      4947.3624    
     6.34000      5025.2381    
     6.34400      5113.7258    
     6.34800      5215.7186    
     6.35200      5334.0047    
     6.35600      5471.0412    
     6.36000      5628.7330    
     6.36400      5808.2344    
     6.36800      6009.7901    
     6.37200      6232.6307    
     6.37600      6474.9314    
     6.38000      6733.8411    
     6.38400      7005.5796    
     6.38800      7285.6009    
     6.39200      7568.8079    
     6.39600      7849.8075    
     6.40000      8123.1855    
     6.40400      8383.7826    
     6.40800      8626.9524    
     6.41200      8848.7819    
     6.41600      9046.2624    
     6.42000      9217.3986    
     6.42400      9361.2519    
     6.42800      9477.9204    
     6.43200      9568.4588    
     6.43600      9634.7508    
     6.44000      9679.3451    
     6.44400      9705.2703    
     6.44800      9715.8413    
     6.45200      9714.4709    
     6.45600      9704.4960    
     6.46000      9689.0264    
     6.46400      9670.8225    
     6.46800      9652.2038    
     6.47200      9634.9916    
     6.47600      9620.4854    
     6.48000      9609.4725    
     6.48400      9602.2705    
     6.48800      9598.7972    
     6.49200      9598.6652    
     6.49600      9601.2949    
     6.50000      9606.0355    
     6.50400      9612.2876    
     6.50800      9619.6145    
     6.51200      9627.8345    
     6.51600      9637.0838    
     6.52000      9647.8467    
     6.52400      9660.9469    
     6.52800      9677.5031    
     6.53200      9698.8522    
     6.53600      9726.4464    
     6.54000      9761.7344    
     6.54400      9806.0362    
     6.54800      9860.4227    
     6.55200      9925.6085    
     6.55600      10001.868    
     6.56000      10088.977    
     6.56400      10186.190    
     6.56800      10292.245    
     6.57200      10405.408    
     6.57600      10523.538    
     6.58000      10644.183    
     6.58400      10764.693    
     6.58800      10882.339    
     6.59200      10994.445    
     6.59600      11098.504    
     6.60000      11192.287    
     6.60400      11273.934    
     6.60800      11342.020    
     6.61200      11395.593    
     6.61600      11434.185    
     6.62000      11457.800    
     6.62400      11466.875    
     6.62800      11462.226    
     6.63200      11444.974    
     6.63600      11416.471    
     6.64000      11378.214    
     6.64400      11331.766    
     6.64800      11278.681    
     6.65200      11220.435    
     6.65600      11158.374    
     6.66000      11093.672    
     6.66400      11027.301    
     6.66800      10960.028    
     6.67200      10892.417    
     6.67600      10824.850    
     6.68000      10757.562    
     6.68400      10690.683    
     6.68800      10624.285    
     6.69200      10558.430    
     6.69600      10493.215    
     6.70000      10428.804    
     6.70400      10365.449    
     6.70800      10303.504    
     6.71200      10243.412    
     6.71600      10185.688    
     6.72000      10130.887    
     6.72400      10079.564    
     6.72800      10032.233    
     6.73200      9989.3183    
     6.73600      9951.1198    
     6.74000      9917.7773    
     6.74400      9889.2471    
     6.74800      9865.2902    
     6.75200      9845.4706    
     6.75600      9829.1665    
     6.76000      9815.5927    
     6.76400      9803.8323    
     6.76800      9792.8762    
     6.77200      9781.6686    
     6.77600      9769.1538    
     6.78000      9754.3234    
     6.78400      9736.2592    
     6.78800      9714.1699    
     6.79200      9687.4190    
     6.79600      9655.5422    
     6.80000      9618.2548    
     6.80400      9575.4474    
     6.80800      9527.1733    
     6.81200      9473.6272    
     6.81600      9415.1194    
     6.82000      9352.0465    
     6.82400      9284.8612    
     6.82800      9214.0443    
     6.83200      9140.0787    
     6.83600      9063.4283    
     6.84000      8984.5218    
     6.84400      8903.7417    
     6.84800      8821.4188    
     6.85200      8737.8326    
     6.85600      8653.2152    
     6.86000      8567.7605    
     6.86400      8481.6360    
     6.86800      8394.9961    
     6.87200      8307.9965    
     6.87600      8220.8073    
     6.88000      8133.6236    
     6.88400      8046.6726    
     6.88800      7960.2159    
     6.89200      7874.5466    
     6.89600      7789.9819    
     6.90000      7706.8499    
     6.90400      7625.4747    
     6.90800      7546.1578    
     6.91200      7469.1597    
     6.91600      7394.6833    
     6.92000      7322.8584    
     6.92400      7253.7316    
     6.92800      7187.2597    
     6.93200      7123.3093    
     6.93600      7061.6608    
     6.94000      7002.0176    
     6.94400      6944.0202    
     6.94800      6887.2629    
     6.95200      6831.3135    
     6.95600      6775.7340    
     6.96000      6720.1014    
     6.96400      6664.0266    
     6.96800      6607.1711    
     6.97200      6549.2602    
     6.97600      6490.0911    
     6.98000      6429.5372    
     6.98400      6367.5466    
     6.98800      6304.1364    
     6.99200      6239.3832    
     6.99600      6173.4108    
     7.00000      6106.3764    
     7.00400      6038.4553    
     7.00800      5969.8279    
     7.01200      5900.6667    
     7.01600      5831.1274    
     7.02000      5761.3413    
     7.02400      5691.4118    
     7.02800      5621.4135    
     7.03200      5551.3945    
     7.03600      5481.3805    
     7.04000      5411.3806    
     7.04400      5341.3952    
     7.04800      5271.4237    
     7.05200      5201.4722    
     7.05600      5131.5607    
     7.06000      5061.7294    
     7.06400      4992.0423    
     7.06800      4922.5897    
     7.07200      4853.4873    
     7.07600      4784.8739    
     7.08000      4716.9057    
     7.08400      4649.7497    
     7.08800      4583.5743    
     7.09200      4518.5407    
     7.09600      4454.7929    
     7.10000      4392.4491    
     7.10400      4331.5941    
     7.10800      4272.2743    
     7.11200      4214.4938    
     7.11600      4158.2145    
     7.12000      4103.3574    
     7.12400      4049.8075    
     7.12800      3997.4195    
     7.13200      3946.0261    
     7.13600      3895.4470    
     7.14000      3845.4983    
     7.14400      3796.0015    
     7.14800      3746.7928    
     7.15200      3697.7297    
     7.15600      3648.6976    
     7.16000      3599.6129    
     7.16400      3550.4254    
     7.16800      3501.1174    
     7.17200      3451.7014    
     7.17600      3402.2161    
     7.18000      3352.7209    
     7.18400      3303.2895    
     7.18800      3254.0033    
     7.19200      3204.9448    
     7.19600      3156.1921    
     7.20000      3107.8136    
     7.20400      3059.8650    
     7.20800      3012.3865    
     7.21200      2965.4026    
     7.21600      2918.9221    
     7.22000      2872.9408    
     7.22400      2827.4434    
     7.22800      2782.4073    
     7.23200      2737.8062    
     7.23600      2693.6145    
     7.24000      2649.8102    
     7.24400      2606.3788    
     7.24800      2563.3155    
     7.25200      2520.6270    
     7.25600      2478.3319    
     7.26000      2436.4608    
     7.26400      2395.0545    
     7.26800      2354.1619    
     7.27200      2313.8372    
     7.27600      2274.1358    
     7.28000      2235.1114    
     7.28400      2196.8116    
     7.28800      2159.2752    
     7.29200      2122.5292    
     7.29600      2086.5867    
     7.30000      2051.4461    
     7.30400      2017.0910    
     7.30800      1983.4910    
     7.31200      1950.6029    
     7.31600      1918.3740    
     7.32000      1886.7438    
     7.32400      1855.6483    
     7.32800      1825.0224    
     7.33200      1794.8037    
     7.33600      1764.9352    
     7.34000      1735.3675    
     7.34400      1706.0611    
     7.34800      1676.9873    
     7.35200      1648.1289    
     7.35600      1619.4796    
     7.36000      1591.0434    
     7.36400      1562.8330    
     7.36800      1534.8679    
     7.37200      1507.1721    
     7.37600      1479.7724    
     7.38000      1452.6954    
     7.38400      1425.9664    
     7.38800      1399.6070    
     7.39200      1373.6344    
     7.39600      1348.0602    
     7.40000      1322.8906    
     7.40400      1298.1262    
     7.40800      1273.7627    
     7.41200      1249.7917    
     7.41600      1226.2017    
     7.42000      1202.9797    
     7.42400      1180.1119    
     7.42800      1157.5855    
     7.43200      1135.3895    
     7.43600      1113.5157    
     7.44000      1091.9590    
     7.44400      1070.7181    
     7.44800      1049.7954    
     7.45200      1029.1962    
     7.45600      1008.9289    
     7.46000      989.00344    
     7.46400      969.43083    
     7.46800      950.22178    
     7.47200      931.38581    
     7.47600      912.93027    
     7.48000      894.85959    
     7.48400      877.17466    
     7.48800      859.87254    
     7.49200      842.94636    
     7.49600      826.38552    
     7.50000      810.17610    
     7.50400      794.30145    
     7.50800      778.74293    
     7.51200      763.48077    
     7.51600      748.49494    
     7.52000      733.76600    
     7.52400      719.27586    
     7.52800      705.00851    
     7.53200      690.95048    
     7.53600      677.09122    
     7.54000      663.42324    
     7.54400      649.94205    
     7.54800      636.64600    
     7.55200      623.53589    
     7.55600      610.61449    
     7.56000      597.88599    
     7.56400      585.35545    
     7.56800      573.02817    
     7.57200      560.90920    
     7.57600      549.00289    
     7.58000      537.31248    
     7.58400      525.83995    
     7.58800      514.58581    
     7.59200      503.54916    
     7.59600      492.72772    
     7.60000      482.11807    
     7.60400      471.71588    
     7.60800      461.51617    
     7.61200      451.51366    
     7.61600      441.70308    
     7.62000      432.07941    
     7.62400      422.63817    
     7.62800      413.37556    
     7.63200      404.28857    
     7.63600      395.37502    
     7.64000      386.63351    
     7.64400      378.06332    
     7.64800      369.66423    
     7.65200      361.43630    
     7.65600      353.37968    
     7.66000      345.49439    
     7.66400      337.78004    
     7.66800      330.23573    
     7.67200      322.85988    
     7.67600      315.65014    
     7.68000      308.60335    
     7.68400      301.71560    
     7.68800      294.98228    
     7.69200      288.39818    
     7.69600      281.95769    
     7.70000      275.65491    
     7.70400      269.48391    
     7.70800      263.43884    
     7.71200      257.51415    
     7.71600      251.70475    
     7.72000      246.00608    
     7.72400      240.41426    
     7.72800      234.92607    
     7.73200      229.53899    
     7.73600      224.25118    
     7.74000      219.06138    
     7.74400      213.96883    
     7.74800      208.97315    
     7.75200      204.07424    
     7.75600      199.27212    
     7.76000      194.56685    
     7.76400      189.95841    
     7.76800      185.44660    
     7.77200      181.03101    
     7.77600      176.71095    
     7.78000      172.48546    
     7.78400      168.35329    
     7.78800      164.31293    
     7.79200      160.36270    
     7.79600      156.50073    
     7.80000      152.72504    
     7.80400      149.03366    
     7.80800      145.42460    
     7.81200      141.89596    
     7.81600      138.44595    
     7.82000      135.07291    
     7.82400      131.77536    
     7.82800      128.55195    
     7.83200      125.40148    
     7.83600      122.32286    
     7.84000      119.31509    
     7.84400      116.37721    
     7.84800      113.50825    
     7.85200      110.70722    
     7.85600      107.97307    
     7.86000      105.30463    
     7.86400      102.70065    
     7.86800      100.15973    
     7.87200      97.680367    
     7.87600      95.260945    
     7.88000      92.899755    
     7.88400      90.595021    
     7.88800      88.344930    
     7.89200      86.147667    
     7.89600      84.001444    
     7.90000      81.904535    
     7.90400      79.855303    
     7.90800      77.852226    
     7.91200      75.893910    
     7.91600      73.979105    
     7.92000      72.106702    
     7.92400      70.275733    
     7.92800      68.485361    
     7.93200      66.734860    
     7.93600      65.023604    
     7.94000      63.351035    
     7.94400      61.716649    
     7.94800      60.119972    
     7.95200      58.560535    
     7.95600      57.037864    
     7.96000      55.551461    
     7.96400      54.100798    
     7.96800      52.685307    
     7.97200      51.304380    
     7.97600      49.957372    
     7.98000      48.643605    
     7.98400      47.362371    
     7.98800      46.112951    
     7.99200      44.894612    
     7.99600      43.706629    
     8.00000      42.548282    
     8.00400      41.418875    
     8.00800      40.317732    
     8.01200      39.244207    
     8.01600      38.197682    
     8.02000      37.177568    
     8.02400      36.183298    
     8.02800      35.214331    
     8.03200      34.270136    
     8.03600      33.350196    
     8.04000      32.453998    
     8.04400      31.581025    
     8.04800      30.730759    
     8.05200      29.902672    
     8.05600      29.096224    
     8.06000      28.310867    
     8.06400      27.546043    
     8.06800      26.801187    
     8.07200      26.075728    
     8.07600      25.369099    
     8.08000      24.680735    
     8.08400      24.010084    
     8.08800      23.356607    
     8.09200      22.719788    
     8.09600      22.099131    
     8.10000      21.494170    
     8.10400      20.904466    
     8.10800      20.329609    
     8.11200      19.769218    
     8.11600      19.222940    
     8.12000      18.690449    
     8.12400      18.171438    
     8.12800      17.665620    
     8.13200      17.172727    
     8.13600      16.692498    
     8.14000      16.224683    
     8.14400      15.769037    
     8.14800      15.325318    
     8.15200      14.893284    
     8.15600      14.472691    
     8.16000      14.063296    
     8.16400      13.664851    
     8.16800      13.277108    
     8.17200      12.899817    
     8.17600      12.532728    
     8.18000      12.175590    
     8.18400      11.828158    
     8.18800      11.490188    
     8.19200      11.161439    
     8.19600      10.841679    
     8.20000      10.530680    
     8.20400      10.228220    
     8.20800      9.9340843    
     8.21200      9.6480639    
     8.21600      9.3699557    
     8.22000      9.0995616    
     8.22400      8.8366879    
     8.22800      8.5811447    
     8.23200      8.3327449    
     8.23600      8.0913040    
     8.24000      7.8566392    
     8.24400      7.6285693    
     8.24800      7.4069146    
     8.25200      7.1914969    
     8.25600      6.9821394    
     8.26000      6.7786678    
     8.26400      6.5809100    
     8.26800      6.3886971    
     8.27200      6.2018643    
     8.27600      6.0202509    
     8.28000      5.8437014    
     8.28400      5.6720659    
     8.28800      5.5052003    
     8.29200      5.3429668    
     8.29600      5.1852338    
     8.30000      5.0318760    
     8.30400      4.8827744    
     8.30800      4.7378154    
     8.31200      4.5968909    
     8.31600      4.4598977    
     8.32000      4.3267368    
     8.32400      4.1973131    
     8.32800      4.0715345    
     8.33200      3.9493118    
     8.33600      3.8305578    
     8.34000      3.7151874    
     8.34400      3.6031167    
     8.34800      3.4942634    
     8.35200      3.3885461    
     8.35600      3.2858844    
     8.36000      3.1861991    
     8.36400      3.0894121    
     8.36800      2.9954462    
     8.37200      2.9042258    
     8.37600      2.8156764    
     8.38000      2.7297254    
     8.38400      2.6463014    
     8.38800      2.5653349    
     8.39200      2.4867580    
     8.39600      2.4105048    
     8.40000      2.3365107    
     8.40400      2.2647131    
     8.40800      2.1950507    
     8.41200      2.1274639    
     8.41600      2.0618945    
     8.42000      1.9982855    
     8.42400      1.9365812    
     8.42800      1.8767270    
     8.43200      1.8186694    
     8.43600      1.7623562    
     8.44000      1.7077358    
     8.44400      1.6547580    
     8.44800      1.6033736    
     8.45200      1.5535344    
     8.45600      1.5051935    
     8.46000      1.4583050    
     8.46400      1.4128247    
     8.46800      1.3687094    
     8.47200      1.3259174    
     8.47600      1.2844084    
     8.48000      1.2441435    
     8.48400      1.2050855    
     8.48800      1.1671984    
     8.49200      1.1304477    
     8.49600      1.0948001    
     8.50000      1.0602238    
     8.50400      1.0266880    
     8.50800     0.99416334    
     8.51200     0.96262114    
     8.51600     0.93203389    
     8.52000     0.90237492    
     8.52400     0.87361834    
     8.52800     0.84573896    
     8.53200     0.81871230    
     8.53600     0.79251444    
     8.54000     0.76712206    
     8.54400     0.74251235    
     8.54800     0.71866302    
     8.55200     0.69555229    
     8.55600     0.67315885    
     8.56000     0.65146191    
     8.56400     0.63044113    
     8.56800     0.61007670    
     8.57200     0.59034928    
     8.57600     0.57124002    
     8.58000     0.55273058    
     8.58400     0.53480309    
     8.58800     0.51744014    
     8.59200     0.50062484    
     8.59600     0.48434070    
     8.60000     0.46857171    
     8.60400     0.45330227    
     8.60800     0.43851720    
     8.61200     0.42420170    
     8.61600     0.41034137    
     8.62000     0.39692219    
     8.62400     0.38393048    
     8.62800     0.37135292    
     8.63200     0.35917656    
     8.63600     0.34738877    
     8.64000     0.33597726    
     8.64400     0.32493012    
     8.64800     0.31423575    
     8.65200     0.30388291    
     8.65600     0.29386071    
     8.66000     0.28415861    
     8.66400     0.27476641    
     8.66800     0.26567426    
     8.67200     0.25687266    
     8.67600     0.24835242    
     8.68000     0.24010471    
     8.68400     0.23212098    
     8.68800     0.22439302    
     8.69200     0.21691289    
     8.69600     0.20967293    
     8.70000     0.20266576    
     8.70400     0.19588422    
     8.70800     0.18932143    
     8.71200     0.18297068    
     8.71600     0.17682551    
     8.72000     0.17087963    
     8.72400     0.16512695    
     8.72800     0.15956155    
     8.73200     0.15417769    
     8.73600     0.14896977    
     8.74000     0.14393235    
     8.74400     0.13906016    
     8.74800     0.13434805    
     8.75200     0.12979103    
     8.75600     0.12538423    
     8.76000     0.12112294    
     8.76400     0.11700257    
     8.76800     0.11301866    
     8.77200     0.10916689    
     8.77600     0.10544304    
     8.78000     0.10184304    
     8.78400     0.98362932E-01
     8.78800     0.94998857E-01
     8.79200     0.91747087E-01
     8.79600     0.88603995E-01
     8.80000     0.85566065E-01
     8.80400     0.82629878E-01
     8.80800     0.79792120E-01
     8.81200     0.77049571E-01
     8.81600     0.74399110E-01
     8.82000     0.71837704E-01
     8.82400     0.69362414E-01
     8.82800     0.66970389E-01
     8.83200     0.64658867E-01
     8.83600     0.62425171E-01
     8.84000     0.60266709E-01
     8.84400     0.58180974E-01
     8.84800     0.56165538E-01
     8.85200     0.54218059E-01
     8.85600     0.52336269E-01
     8.86000     0.50517981E-01
     8.86400     0.48761083E-01
     8.86800     0.47063536E-01
     8.87200     0.45423372E-01
     8.87600     0.43838694E-01
     8.88000     0.42307671E-01
     8.88400     0.40828533E-01
     8.88800     0.39399576E-01
     8.89200     0.38019151E-01
     8.89600     0.36685668E-01
     8.90000     0.35397589E-01
     8.90400     0.34153426E-01
     8.90800     0.32951742E-01
     8.91200     0.31791146E-01
     8.91600     0.30670291E-01
     8.92000     0.29587872E-01
     8.92400     0.28542627E-01
     8.92800     0.27533332E-01
     8.93200     0.26558801E-01
     8.93600     0.25617885E-01
     8.94000     0.24709471E-01
     8.94400     0.23832479E-01
     8.94800     0.22985864E-01
     8.95200     0.22168612E-01
     8.95600     0.21379741E-01
     8.96000     0.20618301E-01
     8.96400     0.19883370E-01
     8.96800     0.19174055E-01
     8.97200     0.18489492E-01
     8.97600     0.17828844E-01
     8.98000     0.17191299E-01
     8.98400     0.16576073E-01
     8.98800     0.15982406E-01
     8.99200     0.15409560E-01
     8.99600     0.14856825E-01
     9.00000     0.14323509E-01
