#
#
#
0.0000
23.6997
40.6518
53.9545
62.8630
69.5887
101.7442
118.2485
138.7096
149.1788
159.8440
167.9592
175.7391
183.5732
192.1327
224.4472
254.1260
282.0351
305.9821
309.8139
325.0444
344.1425
395.8559
415.6368
431.5848
438.6288
465.4921
482.3865
531.9302
567.0993
608.9594
625.2400
636.2482
684.2638
762.3259
766.6493
783.2079
809.4517
825.0917
882.3865
912.2086
956.4500
1012.2769
1051.7976
1080.6899
1201.8191
1248.7788
1270.7560
1397.0368
1429.4934
1470.7923
1478.7287
1492.2555
1504.5582
1552.3293
1594.8073
1606.2932
1633.1116
1669.2503
1710.0514
1726.4697
1749.6754
3059.8482
3117.0181
3144.5536
3234.9849
3295.0749
3410.5667
3434.6024
3523.2178
3668.4810
3695.2025
3734.8106
3879.3355
3892.8912
3896.9960
