  -112.266717795201     
   14.6534930577423     
  -34.9837166326105     
  -2.81021870562829     
  -8.92179154325129     
   10.9868505332310     
   17.4028529557452     
  -53.3741560695926     
  -33.4927604770946     
   1.79576544842292     
   25.8805973887058     
  -8.11971143551956     
  -14.5575065000326     
  -5.70435727877714     
  -9.53885144409983     
  0.733338630105234     
  -2.77395042218329     
  0.888233938880605     
   3.86167069504618     
   1.62760495435071     
   7.46616424797499     
   2.04652843515831     
   13.6552411150137     
   3.92956924526763     
  -12.1268944914206     
  0.764789085817945     
  -2.13854429922765     
  -4.79096230267521     
  -8.56162167913991     
  -2.74070011134118     
  -4.37003292984491     
  -8.33622783737505     
 -0.276343712726282     
  0.195943148965588     
   4.73204932398197     
 -0.817938354409581     
  -1.03032035388093     
   8.16907783842222     
   2.28322736026970     
   1.52944754531672     
 -9.711168382234342E-002
  -6.05408368047357     
  6.877764502819045E-002
 -9.591844594483862E-002
   7.45020933055732     
  -5.24394915891650     
   6.69744225633804     
  -4.08017797261876     
  0.810366401281931     
  2.419291773803508E-002
   3.82114778717116     
   4.25616194220325     
   14.4430779700314     
  -9.27436876676647     
 -0.263270026169218     
   1.63597527805405     
  -1.70444402153052     
  -3.95437607297916     
   11.2310741733502     
   1.02182616121259     
  -6.43639912822472     
 -0.180669616443926     
 -4.744621445792097E-004
  3.589380416950250E-003
  0.633677952189305     
 -0.872737842780825     
  0.173167784507147     
 -0.307552815174681     
 -8.959810029589521E-002
  0.247069890542766     
 -0.271150346150193     
  0.266773912115840     
 -1.200302625654633E-002
  1.295439115183251E-002
  6.724905747249688E-002
