  -516.561975005580       3.806773241910097E-188 -1.615350045771193E-187
  -515.769094000199      -1.098230251050738E-160 -3.763619574665627E-161
  -514.976212994818      -5.915572337119606E-160  1.340286372533707E-159
  -514.183331989437       9.301128993222836E-159  4.886320169621599E-159
  -513.390450984057       3.031988625039768E-158 -5.163241388675843E-158
  -512.597569978676      -2.549567886269531E-157 -1.581219175671263E-157
  -511.804688973295      -7.261450807102488E-157  1.170449677633551E-156
  -511.011807967914       5.089195707493003E-156  2.996069223104226E-156
  -510.218926962534       1.118213854642716E-155 -2.107336681202822E-155
  -509.426045957153      -8.300279737316439E-155 -3.772418345625515E-155
  -508.633164951772      -1.144370160295256E-154  3.098892318305364E-154
  -507.840283946391       1.093632121287360E-153  3.097245172002482E-154
  -507.047402941010       7.418101520842692E-154 -3.647538233582327E-153
  -506.254521935630      -1.153294062687711E-152 -1.569864038963772E-153
  -505.461640930249      -3.039809063564764E-153  3.478279640871348E-152
  -504.668759924868       1.008806644319838E-151  6.331414510880605E-153
  -503.875878919487       1.901931971747263E-152 -2.837730566623755E-151
  -503.082997914107      -7.797737057517033E-151 -8.094068662586696E-152
  -502.290116908726      -3.694723794779684E-151  2.102378663971413E-150
  -501.497235903345       5.565762696594447E-150  1.591368028503601E-150
  -500.704354897964       6.357329501113748E-150 -1.441871079568297E-149
  -499.911473892583      -3.624511768290044E-149 -2.380004899873201E-149
  -499.118592887203      -8.456647619211270E-149  8.699424392538234E-149
  -498.325711881822       1.930497528994411E-148  2.880923567302967E-148
  -497.532830876441       9.478035400709976E-148 -3.658733972174896E-148
  -496.739949871060      -4.268417932552523E-148 -3.026092872711311E-147
  -495.947068865680      -9.405530873618781E-147 -8.287093099973353E-148
  -495.154187860299      -9.111492176678333E-147  2.851152995651496E-146
  -494.361306854918       8.437323882651722E-146  4.812423437827920E-146
  -493.568425849537       2.095689120109443E-145 -2.438610162768053E-145
  -492.775544844156      -6.888008953438132E-145 -8.330443087008888E-145
  -491.982663838776      -3.138377841869479E-144  1.904546338764900E-144
  -491.189782833395       5.177382144853203E-144  1.140380540206088E-143
  -490.396901828014       4.031991857065778E-143 -1.396252447224658E-143
  -489.604020822633      -3.793136042004586E-143 -1.392797238793450E-142
  -488.811139817252      -4.706573090881739E-142  1.058898560762500E-142
  -488.018258811872       3.087874913327149E-142  1.555376407561868E-141
  -487.225377806491       5.022404774961322E-141 -9.420443121469415E-142
  -486.432496801110      -2.955530297227923E-141 -1.583882490178280E-140
  -485.639615795729      -4.880944096938879E-140  9.277556780233226E-141
  -484.846734790349       2.836966367110870E-140  1.472538201141368E-139
  -484.053853784968       4.362746648154344E-139 -8.270688884564636E-140
  -483.260972779587      -2.256000522072713E-139 -1.274334396289743E-138
  -482.468091774206      -3.684901924436848E-138  5.621460949553800E-139
  -481.675210768825       1.218994139515739E-138  1.058813558982693E-137
  -480.882329763445       3.032334318720600E-137 -1.974568228905381E-138
  -480.089448758064      -3.402269343939130E-139 -8.674515806710007E-137
  -479.296567752683      -2.482296252497474E-136 -1.648746929538607E-137
  -478.503686747302      -1.021116320815651E-136  7.112421302481047E-136
  -477.710805741921       2.041961404353526E-135  4.595024733012645E-136
  -476.917924736541       1.811315454338554E-135 -5.878062464773856E-135
  -476.125043731160      -1.697808944349352E-134 -6.621140381721471E-135
  -475.332162725779      -2.300565888777429E-134  4.924183555602938E-134
  -474.539281720398       1.434973344313649E-133  7.692966792556293E-134
  -473.746400715018       2.491903795934189E-133 -4.202773551355966E-133
  -472.953519709637      -1.236639993806633E-132 -7.843660384922871E-133
  -472.160638704256      -2.401766586088735E-132  3.650822472068509E-132
  -471.367757698875       1.078762616698819E-131  7.152812093417896E-132
  -470.574876693494       2.069952623382971E-131 -3.179348469551558E-131
  -469.781995688114      -9.306366094397318E-131 -5.814836338381913E-131
  -468.989114682733      -1.584948622677669E-130  2.693240490148726E-130
  -468.196233677352       7.673052061209848E-130  4.195751313709547E-130
  -467.403352671971       1.082304639249106E-129 -2.144715404790391E-129
  -466.610471666591      -5.868726708628418E-129 -2.738077755490189E-129
  -465.817590661210      -6.861943304828037E-129  1.571103837988732E-128
  -465.024709655829       4.118148359828437E-128  1.725378727488368E-128
  -464.231828650448       4.409355016130463E-128 -1.059003160800663E-127
  -463.438947645067      -2.678946515824542E-127 -1.156143688154673E-127
  -462.646066639687      -3.119676774563314E-127  6.685844018461301E-127
  -461.853185634306       1.650459398950893E-126  8.633452797774365E-127
  -461.060304628925       2.432681766153497E-126 -4.038177809036589E-126
  -460.267423623544      -9.805582022678433E-126 -6.924134398490736E-126
  -459.474542618163      -1.977656661136971E-125  2.364703739787114E-125
  -458.681661612783       5.665285999478362E-125  5.641488319324019E-125
  -457.888780607402       1.602357972577294E-124 -1.348541028830292E-124
  -457.095899602021      -3.190078047102553E-124 -4.522673111694136E-124
  -456.303018596640      -1.266804655990354E-123  7.503515841231957E-124
  -455.510137591260       1.756544836456276E-123  3.517342630111231E-123
  -454.717256585879       9.670079975841969E-123 -4.097348756049373E-123
  -453.924375580498      -9.532741731639476E-123 -2.629332591262285E-122
  -453.131494575117      -7.061991110523880E-122  2.211752668707340E-122
  -452.338613569736       5.104403164172826E-122  1.871347337786983E-121
  -451.545732564356       4.887327297230484E-121 -1.164152657505440E-121
  -450.752851558975      -2.591386065939576E-121 -1.257005530015237E-120
  -449.959970553594      -3.182429564265135E-120  5.507899430892320E-121
  -449.167089548213       1.072208574890947E-120  7.930386322021093E-120
  -448.374208542832       1.945416407309619E-119 -1.725543266994304E-120
  -447.581327537452      -1.393678256568121E-120 -4.698934600698798E-119
  -446.788446532071      -1.117392577504169E-118 -5.132588724383781E-120
  -445.995565526690      -3.727286300481921E-119  2.613575271937543E-118
  -445.202684521309       5.998711206846236E-118  1.598364294381240E-118
  -444.409803515929       5.746906024208752E-118 -1.344621455156140E-117
  -443.616922510548      -2.917528103355082E-117 -1.880742378021901E-117
  -442.824041505167      -5.789766936929326E-117  6.026802019935191E-117
  -442.031160499786       1.145082830870224E-116  1.704651398529663E-116
  -441.238279494405       4.845342567855905E-116 -1.828796203514594E-116
  -440.445398489025      -1.608106012587409E-116 -1.336972412088442E-115
  -439.652517483644      -3.592458048920199E-115 -4.508320465762594E-116
  -438.859636478263      -3.594948861349822E-115  9.414705767997129E-115
  -438.066755472882       2.407808022353402E-114  1.618648345700769E-114
  -437.273874467502       6.169470102011933E-114 -6.012411933620731E-114
  -436.480993462121      -1.469066556046522E-113 -2.176342513508699E-113
  -435.688112456740      -7.357531780126762E-113  3.540209059013356E-113
  -434.895231451359       8.594691239794999E-113  2.423250562568199E-112
  -434.102350445978       7.831228585023083E-112 -2.195289520047507E-112
  -433.309469440598      -6.253441860948873E-112 -2.485117878736573E-111
  -432.516588435217      -7.709223683934885E-111  2.044758744624631E-111
  -431.723707429836       7.390113758520070E-111  2.317882862737759E-110
  -430.930826424455       6.678556354294644E-110 -2.746474824520741E-110
  -430.137945419075      -9.901809445098694E-110 -1.821447721099483E-109
  -429.345064413694      -4.646915472149112E-109  3.352235593548557E-109
  -428.552183408313       1.050463826554191E-108  1.098089887378428E-108
  -427.759302402932       2.387423188046607E-108 -3.035324972842116E-108
  -426.966421397551      -8.109794216781267E-108 -4.766528578332417E-108
  -426.173540392171      -8.790683180573190E-108  2.018381664314934E-107
  -425.380659386790       4.729920099150648E-107  1.528710141914639E-107
  -424.587778381409       2.629251837862893E-107 -1.057091435683443E-106
  -423.794897376028      -2.282885458239856E-106 -4.858088613481607E-107
  -423.002016370648      -1.046648727884898E-106  4.819467464411282E-106
  -422.209135365267       1.002928692397389E-105  2.643822120214334E-106
  -421.416254359886       7.319706014563013E-106 -2.065453461815872E-105
  -420.623373354505      -4.206039524100937E-105 -2.080407795498110E-105
  -419.830492349124      -5.871662215040181E-105  8.419493619153036E-105
  -419.037611343744       1.636706200376176E-104  1.627890581697137E-104
  -418.244730338363       4.429663965558210E-104 -3.019777885179442E-104
  -417.451849332982      -5.035368595890759E-104 -1.186308696222498E-103
  -416.658968327601      -3.139134579263698E-103  6.569616022963878E-104
  -415.866087322220       1.787249079090397E-104  8.243274271677810E-103
  -415.073206316840       2.158244731062657E-102  3.145216872213502E-103
  -414.280325311459       1.667668922125081E-102 -5.661953677464740E-102
  -413.487444306078      -1.495592384986312E-101 -6.300986447162598E-102
  -412.694563300697      -2.072209810076443E-101  3.993154349637795E-101
  -411.901682295317       1.079119901291825E-100  6.254840837215726E-101
  -411.108801289936       1.762781271206565E-100 -2.944166978806543E-100
  -410.315920284555      -8.053099835254441E-100 -4.652615022013844E-100
  -409.523039279174      -1.145293343655550E-099  2.185605202139043E-099
  -408.730158273793       5.818099896979920E-099  2.606920120747640E-099
  -407.937277268413       5.419502718656189E-099 -1.503568509805911E-098
  -407.144396263032      -3.744938336970193E-098 -1.011093194930054E-098
  -406.351515257651      -1.645997773147551E-098  8.959742862250520E-098
  -405.558634252270       2.060501530486121E-097  2.212329712916058E-098
  -404.765753246890       2.111206424472995E-098 -4.574023082507128E-097
  -403.972872241509      -9.867022424101616E-097 -4.900846986373299E-099
  -403.179991236128       2.473601997615442E-098  2.084774862037175E-096
  -402.387110230747       4.347177850372113E-096 -5.011805951530127E-099
  -401.594229225366       3.481461024358489E-097 -8.999763727765201E-096
  -400.801348219986      -1.856544907523011E-095 -2.000973565736147E-096
  -400.008467214605      -7.861025583098448E-096  3.820470281200477E-095
  -399.215586209224       7.834369437210018E-095  2.610734446009418E-095
  -398.422705203843       7.880056938445616E-095 -1.596506629844882E-094
  -397.629824198462      -3.219912659490357E-094 -2.237771606091201E-094
  -396.836943193082      -6.096257208628834E-094  6.392970725874373E-094
  -396.044062187701       1.240855683499842E-093  1.612360852101207E-093
  -395.251181182320       4.172295068938368E-093 -2.332062311586412E-093
  -394.458300176939      -4.182963926154105E-093 -1.061738814947276E-092
  -393.665419171558      -2.665653618634208E-092  6.984189502847050E-093
  -392.872538166178       1.029555506543228E-092  6.614899098860521E-092
  -392.079657160797       1.623506182953174E-091 -1.138978098237986E-092
  -391.286776155416      -7.689873401147119E-094 -3.939714907395592E-091
  -390.493895150035      -9.443770716450375E-091 -4.943546954477784E-092
  -389.701014144655      -2.151817632978533E-091  2.233385442991742E-090
  -388.908133139274       5.205052321519845E-090  6.973863250263539E-091
  -388.115252133893       2.023520126809097E-090 -1.194531248620780E-089
  -387.322371128512      -2.698805657943599E-089 -5.580370958700099E-090
  -386.529490123131      -1.501960169800103E-089  6.004122272547528E-089
  -385.736609117751       1.316054670071167E-088  3.993302030593799E-089
  -384.943728112370       1.053431454988857E-088 -2.843947458754363E-088
  -384.150847106989      -6.061581536146032E-088 -2.758900597072534E-088
  -383.357966101608      -7.167350409077827E-088  1.274284720497290E-087
  -382.565085096228       2.640403749959714E-087  1.845386243642713E-087
  -381.772204090847       4.707260000170797E-087 -5.384218333381928E-087
  -380.979323085466      -1.077635571966716E-086 -1.189963935049578E-086
  -380.186442080085      -2.983725355480369E-086  2.108504104496005E-086
  -379.393561074704       4.010031489082841E-086  7.429824298561282E-086
  -378.600680069324       1.839872304247043E-085 -7.355536851226796E-086
  -377.807799063943      -1.288477094263600E-085 -4.536428888978040E-085
  -377.014918058562      -1.114429308910308E-084  2.133065810236276E-085
  -376.222037053181       3.328234764823814E-085  2.726829640960928E-084
  -375.429156047801       6.633389396459481E-084 -5.073057623349427E-085
  -374.636275042420      -8.721393762074715E-085 -1.598488667743355E-083
  -373.843394037039      -3.795617661896634E-083  2.079167107270116E-084
  -373.050513031658       6.513916957653342E-084  8.825694736273739E-083
  -372.257632026277       1.997718584844160E-082 -2.129352808110372E-083
  -371.464751020897      -6.428546700913094E-083 -4.383430583626162E-082
  -370.671870015516      -9.311475229887365E-082  1.736094471227188E-082
  -369.878989010135       4.176399056789947E-082  1.918868841360903E-081
  -369.086108004754       3.855465470456761E-081 -8.935492045211735E-082
  -368.293226999373      -1.681132359468184E-081 -7.603360910846875E-081
  -367.500345993993      -1.481207418674031E-080  2.666560290001314E-081
  -366.707464988612       3.021008295295088E-081  2.862740063176600E-080
  -365.914583983231       5.494494989340287E-080  1.975896315732858E-082
  -365.121702977850       1.560240721225255E-080 -1.044234042833828E-079
  -364.328821972470      -1.951244706508140E-079 -6.621856526569632E-080
  -363.535940967089      -2.104028368240843E-079  3.540094618473436E-079
  -362.743059961708       6.097390473313999E-079  5.909139793943011E-079
  -361.950178956327       1.548301683943750E-078 -9.509299028571020E-079
  -361.157297950946      -1.169230615320644E-078 -3.880484907381876E-078
  -360.364416945566      -9.436263233622547E-078  3.471753643091562E-079
  -359.571535940185      -4.705225420559231E-078  2.248876679198034E-077
  -358.778654934804       5.302119252199490E-077  2.404799858627912E-077
  -357.985773929423       8.778440154674672E-077 -1.250852629507142E-076
  -357.192892924042      -2.999526322231877E-076 -2.828034539165454E-076
  -356.400011918662      -8.511847124186705E-076  7.458556282243856E-076
  -355.607130913281       1.958539466133782E-075  2.435703972008064E-075
  -354.814249907900       6.618360029831962E-075 -5.453390735382914E-075
  -354.021368902519      -1.579650006419654E-074 -1.683428569532915E-074
  -353.228487897139      -3.905184762386775E-074  4.587445171814149E-074
  -352.435606891758       1.283129103700998E-073  7.928836445603405E-074
  -351.642725886377       1.306461677844735E-073 -3.347031165113410E-073
  -350.849844880996      -7.976889243450430E-073 -1.394774962498303E-073
  -350.056963875615       5.288729801477316E-074  1.721774536636528E-072
  -349.264082870235       3.372900819589208E-072 -7.761489418286235E-073
  -348.471201864854      -2.572963102076313E-072 -6.071354100939387E-072
  -347.678320859473      -1.026458867643053E-071  6.203959179094733E-072
  -346.885439854092       1.264634002155812E-071  1.678841580458187E-071
  -346.092558848712       2.743768617541748E-071 -2.312069469392133E-071
  -345.299677843331      -3.908468291453817E-071 -4.603403180058954E-071
  -344.506796837950      -8.038968295575710E-071  6.189971676254765E-071
  -343.713915832569       9.139249503043094E-071  1.459866576244438E-070
  -342.921034827188       2.728980356475037E-070 -1.214124078544345E-070
  -342.128153821808      -1.277713923313492E-070 -5.186292364455758E-070
  -341.335272816427      -9.913896226970288E-070  3.741188291677193E-071
  -340.542391811046      -3.480140418153620E-070  1.891095938254728E-069
  -339.749510805665       3.579611685837817E-069  1.538525037186596E-069
  -338.956629800285       4.806945180353353E-069 -6.699408812515764E-069
  -338.163748794904      -1.238252819451480E-068 -1.327740630084328E-068
  -337.370867789523      -3.454207935004737E-068  2.268387601631720E-068
  -336.577986784142       4.175119567105747E-068  8.688390489668208E-068
  -335.785105778761       2.136820298593869E-067 -7.963713299520644E-068
  -334.992224773381      -1.650790567763279E-067 -5.150129637845564E-067
  -334.199343768000      -1.210754410957982E-066  3.852031444441167E-067
  -333.406462762619       9.937635826459213E-067  2.748642803898365E-066
  -332.613581757238       5.947423121245295E-066 -2.660523426239448E-066
  -331.820700751857      -6.938740107461183E-066 -1.210792831285241E-065
  -331.027819746477      -2.297747934581056E-065  1.694404844498536E-065
  -330.234938741096       3.806259323471985E-065  4.055671480979396E-065
  -329.442057735715       6.712275507989960E-065 -7.841591886915811E-065
  -328.649176730334      -1.490509137586102E-064 -1.063730320103389E-064
  -327.856295724954      -1.669055165642359E-064  2.642627702118418E-064
  -327.063414719573       4.424028919305704E-064  2.693422879673523E-064
  -326.270533714192       4.590084764611233E-064 -7.062611531997103E-064
  -325.477652708811      -1.079256399453895E-063 -8.280428236248574E-064
  -324.684771703430      -1.554278392087954E-063  1.568166596319739E-063
  -323.891890698050       2.111381444528826E-063  2.968567944420456E-063
  -323.099009692669       5.665750188688768E-063 -2.445255895147389E-063
  -322.306128687288      -1.782476736233659E-063 -1.067167730188403E-062
  -321.513247681907      -1.965254212062068E-062 -1.931946465381984E-063
  -320.720366676527      -1.370089293437265E-062  3.505572863138504E-062
  -319.927485671146       5.978255098980138E-062  4.521770827090144E-062
  -319.134604665765       1.231580348288794E-061 -9.522284802423869E-062
  -318.341723660384      -1.345824855959924E-061 -3.075902079948765E-061
  -317.548842655003      -7.331884730065786E-061  1.440996155012234E-061
  -316.755961649623       1.575654800011542E-062  1.702500745934123E-060
  -315.963080644242       3.898591588257105E-060  5.410047270045082E-061
  -315.170199638861       2.222974932045694E-060 -8.867812375053500E-060
  -314.377318633480      -2.009016040392672E-059 -6.538789700953028E-060
  -313.584437628099      -1.642230570190137E-059  4.524153301642867E-059
  -312.791556622719       1.006466880653098E-058  3.693592048984009E-059
  -311.998675617338       7.577428087396689E-059 -2.193190164495483E-058
  -311.205794611957      -4.643177360130371E-058 -1.435526390272200E-058
  -310.412913606576      -2.556286084442598E-058  9.498730264648527E-058
  -309.620032601196       1.875262389705232E-057  4.417613728844118E-058
  -308.827151595815       7.784882793075076E-058 -3.582673385883187E-057
  -308.034270590434      -6.661166626970417E-057 -1.474479968881570E-057
  -307.241389585053      -3.070663618514440E-057  1.213391749248446E-056
  -306.448508579672       2.178532364716601E-056  6.888146420289309E-057
  -305.655627574292       1.601814309506595E-056 -3.871009111824123E-056
  -304.862746568911      -6.819775762598541E-056 -3.750605989116766E-056
  -304.069865563530      -8.717578944133804E-056  1.190951102385356E-055
  -303.276984558149       2.058055855197954E-055  2.003199574773588E-055
  -302.484103552769       4.555177711511877E-055 -3.511472976802700E-055
  -301.691222547388      -5.908672686661825E-055 -1.028044904679470E-054
  -300.898341542007      -2.310169770489384E-054  9.839047430799203E-055
  -300.105460536626       1.646911758572565E-054  5.181358216736870E-054
  -299.312579531245       1.160491004013320E-053 -2.884452112310080E-054
  -298.519698525865      -5.653714215312930E-054 -2.589236134441150E-053
  -297.726817520484      -5.718012316264642E-053  1.305499362078270E-053
  -296.933936515103       3.453923190944122E-053  1.236414011061145E-052
  -296.141055509722       2.579290355892770E-052 -9.613932178391854E-053
  -295.348174504342      -2.612027596708238E-052 -5.100579831144526E-052
  -294.555293498961      -9.383429835499759E-052  6.634501957234946E-052
  -293.762412493580       1.543497781908159E-051  1.576293224281314E-051
  -292.969531488199       2.375400215414409E-051 -3.264491789460224E-051
  -292.176650482818      -6.281985547672706E-051 -3.156647621547784E-051
  -291.383769477438      -3.634847251967517E-051  1.108030686506180E-050
  -290.590888472057       1.814585830742374E-050  3.566061915899558E-051
  -289.798007466676       3.007097750491457E-051 -2.806148122490086E-050
  -289.005126461295      -4.173570592487596E-050 -2.642859886405012E-051
  -288.212245455914      -4.207893570281732E-051  6.067857904511843E-050
  -287.419364450534       8.717436657095454E-050  1.118326705996621E-050
  -286.626483445153       3.011790056712732E-050 -1.241500627181517E-049
  -285.833602439772      -1.743524932009196E-049 -7.309721112970780E-050
  -285.040721434391      -1.621381256899375E-049  2.379201849621662E-049
  -284.247840429011       3.062481594320182E-049  3.367196130660146E-049
  -283.454959423630       6.663247931042755E-049 -3.475273157467975E-049
  -282.662078418249      -2.740365745130834E-049 -1.270834372689726E-048
  -281.869197412868      -2.353057945324787E-048 -1.299413634691881E-049
  -281.076316407487      -1.364354958940574E-048  4.250441712188665E-048
  -280.283435402107       7.520366182798591E-048  4.547918662703397E-048
  -279.490554396726       1.212550478755216E-047 -1.309703703977675E-047
  -278.697673391345      -2.263257537615073E-047 -2.933627419068412E-047
  -277.904792385964      -6.716651266242388E-047  3.934842735047474E-047
  -277.111911380583       7.025165323517154E-047  1.479940725734629E-046
  -276.319030375203       3.155824675639660E-046 -1.316477172104120E-046
  -275.526149369822      -2.615274822353397E-046 -6.509804108558999E-046
  -274.733268364441      -1.294556143536572E-045  5.437788167288936E-046
  -273.940387359060       1.148015856719096E-045  2.472239522995152E-045
  -273.147506353680       4.524583150735969E-045 -2.382584125522405E-045
  -272.354625348299      -4.747932672924583E-045 -7.947270557240475E-045
  -271.561744342918      -1.347583489962416E-044  8.970077892548011E-045
  -270.768863337537       1.599593451483042E-044  2.228074312992808E-044
  -269.975982332156       3.637077750168729E-044 -2.693524166993736E-044
  -269.183101326776      -4.290736155971450E-044 -5.933419993015680E-044
  -268.390220321395      -9.760519844335532E-044  6.465478997947255E-044
  -267.597339316014       9.157452488774079E-044  1.625687294219188E-043
  -266.804458310633       2.740474783439784E-043 -1.194157142272757E-043
  -266.011577305253      -1.351166760372053E-043 -4.660905641325861E-043
  -265.218696299872      -7.965880891082261E-043  1.057212881937554E-043
  -264.425815294491      -4.473155688502609E-044  1.363270086183029E-042
  -263.632934289110       2.330600158827617E-042  4.824410771381393E-043
  -262.840053283729       1.558841985397946E-042 -3.976154321189668E-042
  -262.047172278349      -6.774290106881373E-042 -3.998551188989958E-042
  -261.254291272968      -9.263465512713962E-042  1.155629753562760E-041
  -260.461410267587       1.983437867857820E-041  2.023719985242828E-041
  -259.668529262206       4.245686514081836E-041 -3.447613114390186E-041
  -258.875648256826      -6.109197342999665E-041 -8.619975114305596E-041
  -258.082767251445      -1.697534108037400E-040  1.107372192053343E-040
  -257.289886246064       2.047063714883611E-040  3.241094958972112E-040
  -256.497005240683       5.992404987245939E-040 -3.820222418884019E-040
  -255.704124235302      -7.093979605539963E-040 -1.072554886514527E-039
  -254.911243229922      -1.861976973175715E-039  1.292072551704682E-039
  -254.118362224541       2.282697663165708E-039  3.150070762704380E-039
  -253.325481219160       5.231531545064408E-039 -3.884922091222433E-039
  -252.532600213779      -6.347173811972898E-039 -8.603585278529591E-039
  -251.739719208398      -1.412838207559609E-038  9.936229204980386E-039
  -250.946838203018       1.486302125942523E-038  2.331287698925825E-038
  -250.153957197637       3.878305992183195E-038 -2.109572304754502E-038
  -249.361076192256      -2.792114079239335E-038 -6.508750452361283E-038
  -248.568195186875      -1.100701011247935E-037  3.297043509844916E-038
  -247.775314181495       3.013807475539718E-038  1.872458074132108E-037
  -246.982433176114       3.199938758989226E-037 -5.254316699676874E-039
  -246.189552170733       7.273920160956081E-038 -5.491837113681414E-037
  -245.396671165352      -9.476387700286631E-037 -2.694632750391922E-037
  -244.603790159971      -7.197038770886115E-037  1.649004002916561E-036
  -243.810909154591       2.908297973167658E-036  1.692747155268550E-036
  -243.018028149210       3.708061738192564E-036 -5.233261124333632E-036
  -242.225147143829      -9.670067081307438E-036 -7.716589129017788E-036
  -241.432266138448      -1.531730391779685E-035  1.840092964241907E-035
  -240.639385133067       3.588481582601620E-035  2.882939718140417E-035
  -239.846504127687       5.073107980352803E-035 -7.070799156139119E-035
  -239.053623122306      -1.378239748004539E-034 -8.163302035501940E-035
  -238.260742116925      -1.161735782073519E-034  2.597814882465259E-034
  -237.467861111544       4.645757432559434E-034  1.379177832091908E-034
  -236.674980106164       1.173066202273395E-034 -7.789170281440426E-034
  -235.882099100783      -1.220239080706753E-033 -1.792058345354024E-035
  -235.089218095402       1.878740250257559E-034  1.795365794060368E-033
  -234.296337090021       2.511858403472061E-033 -5.002990910877604E-034
  -233.503456084640      -8.789899708750719E-034 -3.398877154207231E-033
  -232.710575079260      -4.526704478363278E-033  1.235720029273896E-033
  -231.917694073879       1.422375624781651E-033  6.015324285415474E-033
  -231.124813068498       8.028365121025751E-033 -1.198490237859628E-033
  -230.331932063117      -1.634999359767087E-034 -1.074906034819095E-032
  -229.539051057737      -1.432393697116345E-032 -2.361476222196430E-033
  -228.746170052356      -7.524198971847374E-033  1.873597893597998E-032
  -227.953289046975       2.352558701853964E-032  1.723973037662889E-032
  -227.160408041594       3.465306945004812E-032 -2.719501615717683E-032
  -226.367527036213      -2.596635974582045E-032 -6.485590730781273E-032
  -225.574646030833      -1.160160553800627E-031  1.122372225452213E-032
  -224.781765025452      -3.573011157056904E-032  2.012594406180317E-031
  -223.988884020071       3.421954916706893E-031  1.544019640635131E-031
  -223.196003014690       4.269100975227508E-031 -5.766935471785560E-031
  -222.403122009309      -9.786298439539590E-031 -1.021266734819128E-030
  -221.610241003929      -2.272460492845969E-030  1.711136101174560E-030
  -220.817359998548       3.166683134885962E-030  4.816310785763546E-030
  -220.024478993167       9.754211943412142E-030 -6.302596186631096E-030
  -219.231597987786      -1.332579791792464E-029 -1.869887427417309E-029
  -218.438716982406      -3.330199665252493E-029  2.877715325348919E-029
  -217.645835977025       6.058451332515995E-029  5.367963079478993E-029
  -216.852954971644       7.560431089082077E-029 -1.198370519821219E-028
  -216.060073966263      -2.178197828928366E-028 -8.789462578670201E-029
  -215.267192960882      -7.306508350554417E-029  3.606680875782308E-028
  -214.474311955502       5.453225842675353E-028  1.330804622920435E-029
  -213.681430950121      -1.005100822844183E-028 -7.614494093575790E-028
  -212.888549944740      -9.998871505707642E-028  2.626661361491290E-028
  -212.095668939359       4.528505618973583E-028  1.262582576384478E-027
  -211.302787933979       1.568070963953706E-027 -6.404928675652353E-028
  -210.509906928598      -7.872085137049117E-028 -1.950733586808287E-027
  -209.717025923217      -2.456056136018600E-027  8.428431419155503E-028
  -208.924144917836       7.337534103305571E-028  3.134232692095411E-027
  -208.131263912455       4.031541415767261E-027 -3.433584619136437E-028
  -207.338382907075       5.158907987728413E-028 -5.175145343139873E-027
  -206.545501901694      -6.542857229696052E-027 -2.141855984329434E-027
  -205.752620896313      -4.997915692785490E-027  8.003579777304843E-027
  -204.959739890932       9.204101937434896E-027  9.790096609937099E-027
  -204.166858885551       1.757377258424193E-026 -9.360109717115281E-027
  -203.373977880171      -6.878078854876158E-027 -2.990023867974682E-026
  -202.581096874790      -4.902010711282177E-026 -1.318721998582129E-027
  -201.788215869409      -2.097567174078773E-026  7.817867115152887E-026
  -200.995334864028       1.220854764611362E-025  6.255919536514709E-026
  -200.202453858648       1.447331851029854E-025 -1.877491613715942E-025
  -199.409572853267      -2.860857093769548E-025 -3.000644642494644E-025
  -198.616691847886      -5.839866966639081E-025  4.350640968493279E-025
  -197.823810842505       6.655799477833942E-025  1.088123148756619E-024
  -197.030929837124       1.958893799402543E-024 -1.031460353113081E-024
  -196.238048831744      -1.624478422753994E-024 -3.422117941620290E-024
  -195.445167826363      -5.814866980753226E-024  2.593531792867729E-024
  -194.652286820982       4.164429932988103E-024  9.628394243327147E-024
  -193.859405815601       1.557144966978609E-023 -6.654251066890380E-024
  -193.066524810221      -1.047332880347909E-023 -2.467114984275344E-023
  -192.273643804840      -3.843714962660286E-023  1.610832644194099E-023
  -191.480762799459       2.407870133775733E-023  5.912337329859760E-023
  -190.687881794078       9.013213088254081E-023 -3.485202795525490E-023
  -189.895000788697      -4.868793493431047E-023 -1.366229061156099E-022
  -189.102119783317      -2.064180706893600E-022  6.535398135019346E-023
  -188.309238777936       8.361720908731868E-023  3.113455253189257E-022
  -187.516357772555       4.692299224027541E-022 -1.003567995468894E-022
  -186.723476767174      -1.090562824933108E-022 -7.068493716608921E-022
  -185.930595761794      -1.064329269669073E-021  9.730382692968482E-023
  -185.137714756413       4.273837799820987E-023  1.601673215409527E-021
  -184.344833751032       2.408466185037189E-021  9.339277704653993E-023
  -183.551952745651       3.762748747953964E-022 -3.618268562102444E-021
  -182.759071740270      -5.429893794359722E-021 -9.128762231181071E-022
  -181.966190734890      -1.874976868577749E-021  8.138653746808415E-021
  -181.173309729509       1.218174355010594E-020  3.533121742293644E-021
  -180.380428724128       6.306019099175846E-021 -1.820311948857688E-020
  -179.587547718747      -2.714431796789388E-020 -1.083201549592211E-020
  -178.794666713366      -1.807315319083687E-020  4.036853848976632E-020
  -178.001785707986       5.982624096023316E-020  2.946956627665599E-020
  -177.208904702605       4.717482446230945E-020 -8.827274158192498E-020
  -176.416023697224      -1.295545810277914E-019 -7.442358272365540E-020
  -175.623142691843      -1.161130691259753E-019  1.889959670117013E-019
  -174.830261686463       2.739442346202628E-019  1.797200279110616E-019
  -174.037380681082       2.767252684405254E-019 -3.945793274240437E-019
  -173.244499675701      -5.651649501611134E-019 -4.247810287863761E-019
  -172.451618670320      -6.509336257911687E-019  8.060353260910209E-019
  -171.658737664939       1.146803692966942E-018  9.962963604088706E-019
  -170.865856659559       1.522614602688275E-018 -1.631593206672719E-018
  -170.072975654178      -2.327568178343783E-018 -2.321073790385043E-018
  -169.280094648797      -3.523279125063178E-018  3.338662013588451E-018
  -168.487213643416       4.826963803437669E-018  5.313307890757280E-018
  -167.694332638036       7.937864149487467E-018 -7.044214899747156E-018
  -166.901451632655      -1.037433506986560E-017 -1.170898707270176E-017
  -166.108570627274      -1.699152963486377E-017  1.538373262705537E-017
  -165.315689621893       2.286900270444864E-017  2.416806209112367E-017
  -164.522808616512       3.357989555789741E-017 -3.388333420379913E-017
  -163.729927611132      -4.971825716740126E-017 -4.545577067125742E-017
  -162.937046605751      -5.985603992325834E-017  7.182188001967830E-017
  -162.144165600370       1.016503051635697E-016  7.667177803463859E-017
  -161.351284594989       9.571702838490831E-017 -1.404699909457290E-016
  -160.558403589608      -1.891450577407864E-016 -1.169364749203782E-016
  -159.765522584228      -1.407258662670594E-016  2.479467184007848E-016
  -158.972641578847       3.164103551779546E-016  1.683360781101588E-016
  -158.179760573466       2.023080164226077E-016 -3.932406891251830E-016
  -157.386879568085      -4.762269131867617E-016 -2.468674875892695E-016
  -156.593998562705      -3.082031084898075E-016  5.620786959238022E-016
  -155.801117557324       6.460411852911734E-016  3.945630186520321E-016
  -155.008236551943       5.161310747482339E-016 -7.211129487928920E-016
  -154.215355546562      -7.766898079764662E-016 -6.846514408605042E-016
  -153.422474541181      -9.127215083767160E-016  7.964800203865486E-016
  -152.629593535801       7.555494631216845E-016  1.212538466753252E-015
  -151.836712530420       1.593657837438797E-015 -6.163280802286104E-016
  -151.043831525039      -3.233340251685267E-016 -2.058997866055267E-015
  -150.250950519658      -2.597864071056770E-015 -2.037348801097242E-016
  -149.458069514277      -1.079017977108441E-015  3.174076871689553E-015
  -148.665188508897       3.706190639729148E-015  2.462253798815607E-015
  -147.872307503516       4.574204258270423E-015 -4.035023938594045E-015
  -147.079426498135      -3.870859062707596E-015 -7.717272053210645E-015
  -146.286545492754      -1.230429807850214E-014  2.708080883363539E-015
  -145.493664487374      -3.121650010077986E-016  1.890197032168764E-014
  -144.700783481993       2.830317216649842E-014  6.621437696253002E-015
  -143.907902476612       1.857010678659789E-014 -4.165985563021753E-014
  -143.115021471231      -6.074337463197467E-014 -3.995935446057209E-014
  -142.322140465850      -7.682066794176832E-014  8.846527728903323E-014
  -141.529259460470       1.298986030455778E-013  1.384611341011142E-013
  -140.736378455089       2.386384879607302E-013 -1.941723421930951E-013
  -139.943497449708      -2.976759787937074E-013 -3.963761817768665E-013
  -139.150616444327      -6.353484766021323E-013  4.687657362137431E-013
  -138.357735438947       7.532379798306815E-013  9.802060107773837E-013
  -137.564854433566       1.448447625979303E-012 -1.218051322698852E-012
  -136.771973428185      -1.948894989406645E-012 -2.038603662293329E-012
  -135.979092422804      -2.719825276445384E-012  3.037428843518516E-012
  -135.186211417423       4.558752694399829E-012  3.431975817909612E-012
  -134.393330412043       4.104017967429102E-012 -6.547912523435551E-012
  -133.600449406662      -8.989538271095183E-012 -4.689290848732543E-012
  -132.807568401281      -5.204537767515624E-012  1.182984595226870E-011
  -132.014687395900       1.500642419457329E-011  5.755921097278691E-012
  -131.221806390520       6.544417387643629E-012 -1.847937686062634E-011
  -130.428925385139      -2.224719347580929E-011 -7.857482864938404E-012
  -129.636044379758      -1.006215016117599E-011  2.634052645387780E-011
  -128.843163374377       3.079719350249816E-011  1.361283694488514E-011
  -128.050282368996       1.908031524308770E-011 -3.562513471554879E-011
  -127.257401363616      -4.075702592009054E-011 -2.720345207686423E-011
  -126.464520358235      -3.896550531692306E-011  4.599499487298065E-011
  -125.671639352854       5.093987683606776E-011  5.570135517795655E-011
  -124.878758347473       7.924979799581572E-011 -5.489817698222295E-011
  -124.085877342092      -5.676241806355835E-011 -1.121757161113436E-010
  -123.292996336712      -1.581011141214283E-010  5.486958431725511E-011
  -122.500115331331       4.686419102079925E-011  2.222008946641827E-010
  -121.707234325950       3.119323166229662E-010 -2.963777143221707E-011
  -120.914353320569       5.022634415167171E-013 -4.380560827706026E-010
  -120.121472315189      -6.159273702028542E-010 -4.716282829455600E-011
  -119.328591309808      -1.123089009520401E-010  8.668156330087128E-010
  -118.535710304427       1.218591853515700E-009  1.934643846655895E-010
  -117.742829299046       2.797473795244390E-010 -1.704572044806059E-009
  -116.949948293665      -2.359023865742623E-009 -3.479111981710270E-010
  -116.157067288285      -3.611456022878977E-010  3.208608666516292E-009
  -115.364186282904       4.261482259118315E-009  2.743395127305535E-010
  -114.571305277523       4.795146363235156E-011 -5.499190816615248E-009
  -113.778424272142      -6.878049131811228E-009  3.322129185574867E-010
  -112.985543266762       8.375701294053918E-010  8.343256425266437E-009
  -112.192662261381       9.851200557722668E-009 -1.390968007295194E-009
  -111.399781256000      -1.875666367353615E-009 -1.138900029991011E-008
  -110.606900250619      -1.298128421266446E-008  2.152917825219581E-009
  -109.814019245238       2.077094343453572E-009  1.468196384389731E-008
  -109.021138239858       1.655666176807552E-008 -1.500112301865164E-009
  -108.228257234477      -2.636932009382632E-010 -1.866382801858844E-008
  -107.435376229096      -2.103958509365129E-008 -1.817025820508429E-009
  -106.642495223715      -4.974267195999015E-009  2.368693257346015E-008
  -105.849614218334       2.656732527446856E-008  9.510615939655540E-009
  -105.056733212954       1.582468852370308E-008 -2.959247528862022E-008
  -104.263852207573      -3.261571368017690E-008 -2.444163579062043E-008
  -103.470971202192      -3.605120502486200E-008  3.542461704756852E-008
  -102.678090196811       3.773966614107467E-008  5.155533121700423E-008
  -101.885209191431       7.212442678657679E-008 -3.922747467021535E-008
  -101.092328186050      -3.954093268923951E-008 -9.925507681601217E-008
  -100.299447180669      -1.348096933842232E-007  3.839978439696725E-008
  -99.5065661752882       3.571770651590288E-008  1.810003599219275E-007
  -98.7136851699074       2.402599861933460E-007 -3.175684112007127E-008
  -97.9208041645266      -2.724150526371638E-008 -3.149407709220624E-007
  -97.1279231591459      -4.068210471986438E-007  2.329968353659961E-008
  -96.3350421537651       2.106756660821321E-008  5.165083681058148E-007
  -95.5421611483843       6.429726780039184E-007 -2.086020680905959E-008
  -94.7492801430035      -2.102022054833306E-008 -7.835216457476470E-007
  -93.9563991376227      -9.344011612655213E-007  1.682223562050577E-008
  -93.1635181322419      -8.559323611184700E-011  1.091847423806224E-006
  -92.3706371268612       1.253047422683011E-006  4.145898131519687E-008
  -91.5777561214804       1.216904057399574E-007 -1.416398769628257E-006
  -90.7848751160996      -1.580791215581058E-006 -2.571027128033726E-007
  -89.9919941107188      -4.658932018962332E-007  1.744095494668854E-006
  -89.1991131053380       1.901281525267660E-006  7.690055161928845E-007
  -88.4062320999573       1.191922055250397E-006 -2.042494575787483E-006
  -87.6133510945765      -2.151182933359353E-006 -1.767348318015847E-006
  -86.8204700891957      -2.539008371829928E-006  2.202248934352642E-006
  -86.0275890838149       2.160351967897519E-006  3.567167371515025E-006
  -85.2347080784341       4.936911293644835E-006 -1.979044883484268E-006
  -84.4418270730533      -1.602559642978507E-006 -6.770450191594747E-006
  -83.6489460676726      -9.244275050451844E-006  9.740236218128958E-007
  -82.8560650622918       5.667216322408503E-008  1.260977563134511E-005
  -82.0631840569110       1.721009622699185E-005  1.122951805171109E-006
  -81.2703030515302       2.402594800320972E-006 -2.347506000686621E-005
  -80.4774220461494      -3.186223004934529E-005 -3.388774099436992E-006
  -79.6845410407687      -3.376168747971337E-006  4.270759953015968E-005
  -78.8916600353879       5.597781962256081E-005  1.364412310788593E-006
  -78.0987790300071      -3.725231770225593E-006 -7.099668244176267E-005
  -77.3058980246263      -8.632502983607564E-005  1.259802804844676E-005
  -76.5130170192455       2.504260111537483E-005  1.000021366265473E-004
  -75.7201360138647       1.101920808142124E-004 -3.962560130344938E-005
  -74.9272550084840      -5.392974812139519E-005 -1.159603931847619E-004
  -74.1343740031032      -1.177044751489203E-004  6.531234763993359E-005
  -73.3414929977224       7.176314919622936E-005  1.169367508321076E-004
  -72.5486119923416       1.155700322167403E-004 -7.235983160116166E-005
  -71.7557309869608      -6.714247399583945E-005 -1.151642948492138E-004
  -70.9628499815800      -1.165071981315193E-004  5.662578999547281E-005
  -70.1699689761993       4.129859947374079E-005  1.195822934025496E-004
  -69.3770879708185       1.237475067848194E-004 -2.131736442587089E-005
  -68.5842069654377       3.599083537902169E-006 -1.279237778786234E-004
  -67.7913259600569      -1.306873519761147E-004 -3.416936084132404E-005
  -66.9984449546761      -7.154464603967754E-005  1.302477648247432E-004
  -66.2055639492953       1.243334790505954E-004  1.173721872884657E-004
  -65.4126829439146       1.739877553753697E-004 -1.100163250687244E-004
  -64.6198019385338      -8.351940263615351E-005 -2.448138061744590E-004
  -63.8269209331530      -3.350758151128434E-004  4.010662218537158E-005
  -63.0340399277722      -2.571497412766551E-005  4.529695565648420E-004
  -62.2411589223914       6.113271542313844E-004  1.192044825057105E-004
  -61.4482779170106       2.428217048563698E-004 -8.294590384020159E-004
  -60.6553969116299      -1.133968866283282E-003 -3.912117342557035E-004
  -59.8625159062491      -5.436961177756403E-004  1.555998087215995E-003
  -59.0696349008683       2.121550076152347E-003  6.568297070626971E-004
  -58.2767538954875       6.636154623953189E-004 -2.833593742517473E-003
  -57.4838728901067      -3.651541698511251E-003 -4.879328548491972E-004
  -56.6909918847260      -7.671622666299869E-005  4.482627187390315E-003
  -55.8981108793452       5.200702198512435E-003 -5.627862137826732E-004
  -55.1052298739644      -1.346196614676657E-003 -5.692385938580079E-003
  -54.3123488685836      -5.906493705561086E-003  2.134130722121794E-003
  -53.5194678632028       2.784197857081156E-003  5.874383354754574E-003
  -52.7265868578220       5.688937793260949E-003 -3.200550722828331E-003
  -51.9337058524413      -3.353132837640042E-003 -5.459992692089417E-003
  -51.1408248470605      -5.275500838871783E-003  3.264218844845028E-003
  -50.3479438416797       2.980001423404123E-003  5.185098832007757E-003
  -49.5550628362989       5.203901754367814E-003 -2.545963336200892E-003
  -48.7621818309181      -1.994040404847732E-003 -5.325382289767374E-003
  -47.9693008255373      -5.534053500294960E-003  1.340011757281973E-003
  -47.1764198201566       5.862817076328056E-004  5.814222326908702E-003
  -46.3835388147758       6.155020880326631E-003  2.736935321802698E-004
  -45.5906578093950       1.250881290659560E-003 -6.553229929632558E-003
  -44.7977768040142      -7.015066986242572E-003 -2.355956940202746E-003
  -44.0048957986334      -3.593550175196518E-003  7.557073782334204E-003
  -43.2120147932526       8.204956728641659E-003  4.954738897186169E-003
  -42.4191337878719       6.408296342514717E-003 -8.988098877930974E-003
  -41.6262527824911      -9.927383995237980E-003 -7.893647097361454E-003
  -40.8333717771103      -9.321309049317076E-003  1.101638675012435E-002
  -40.0404907717295       1.220147374648180E-002  1.058709280310843E-002
  -39.2476097663487       1.160115067547130E-002 -1.337225680659009E-002
  -38.4547287609680      -1.437388598510752E-002 -1.232237632662955E-002
  -37.6618477555872      -1.277999691783368E-002  1.504237335898505E-002
  -36.8689667502064       1.524844730375126E-002  1.306738244073386E-002
  -36.0760857448256       1.330907778980429E-002 -1.492760649523515E-002
  -35.2832047394448      -1.408234527870650E-002 -1.361853229240913E-002
  -34.4903237340640      -1.406722926230217E-002  1.276004447790910E-002
  -33.6974427286833       1.102198610883170E-002  1.467519823344184E-002
  -32.9045617233025       1.541935451164819E-002 -8.918190453391268E-003
  -32.1116807179217      -6.474145061752480E-003 -1.624965975814220E-002
  -31.3187997125409      -1.710471151710945E-002  3.687523786071033E-003
  -30.5259187071601       5.297901081243836E-004  1.792335157981488E-002
  -29.7330377017793       1.865309253938471E-002  3.051733037252125E-003
  -28.9401566963986       7.133521486782476E-003 -1.925841898364691E-002
  -28.1472756910178      -1.973298946231341E-002 -1.181694744772829E-002
  -27.3543946856370      -1.722753155610270E-002  2.012013609426324E-002
  -26.5615136802562       2.054524453964193E-002  2.350444692190826E-002
  -25.7686326748754       3.076558084807060E-002 -2.125877749466420E-002
  -24.9757516694946      -2.267468769165185E-002 -3.902754275093628E-002
  -24.1828706641139      -4.806654356771633E-002  2.536213201099209E-002
  -23.3899896587331       2.991990423569259E-002  5.724598460807862E-002
  -22.5971086533523       6.541966945774937E-002 -3.667646412547215E-002
  -21.8042276479715      -4.527506067253080E-002 -7.109343414807577E-002
  -21.0113466425907      -7.295643341883905E-002  5.440536685827650E-002
  -20.2184656372100       6.202664075722354E-002  7.059326522711891E-002
  -19.4255846318292       6.487501198783101E-002 -6.614618189961091E-002
  -18.6327036264484      -6.570245030341058E-002 -5.763163800237630E-002
  -17.8398226210676      -5.078125710359166E-002  6.092080931826441E-002
  -17.0469416156868       5.294894641843451E-002  4.554363352396372E-002
  -16.2540606103060       4.219867509523052E-002 -4.315916786532020E-002
  -15.4611796049253      -3.262126812090300E-002 -4.033493353462232E-002
  -14.6682985995445      -3.924490454541107E-002  2.193806048525259E-002
  -13.8754175941637       1.133324399574157E-002  3.820637878636149E-002
  -13.0825365887829       3.659107182408135E-002 -8.107893608452386E-004
  -12.2896555834021       9.720206441524376E-003 -3.385498830971048E-002
  -11.4967745780213      -2.947395221278391E-002 -2.038102038098721E-002
  -10.7038935726406      -3.131102583177801E-002  2.285582699067378E-002
  -9.91101256725978       1.323085407636288E-002  4.270247428020090E-002
  -9.11813156187900       5.490175665024578E-002  4.958624284966624E-004
  -8.32525055649822       1.994701711720682E-002 -6.864362538935528E-002
  -7.53236955111743      -8.556964527505045E-002 -4.751004811348210E-002
  -6.73948854573665      -8.643050105241219E-002  0.109309135192266     
  -5.94660754035587       0.147465565366589       0.140135606271374     
  -5.15372653497509       0.209254748616728      -0.214381910188405     
  -4.36084552959430      -0.332446169039651      -0.283954722438095     
  -3.56796452421352      -0.331229993524226       0.525190210266553     
  -2.77508351883274       0.792855874297068       0.286749806102842     
  -1.98220251345196       7.595668428292621E-002  -1.07462841811692     
  -1.18932150807117       -1.23802639311929       0.319226589578416     
 -0.396440502690391       0.793417197084281        1.14883637516019     
  0.396440502690391       0.793417197084281       -1.14883637516019     
   1.18932150807117       -1.23802639311929      -0.319226589578416     
   1.98220251345196       7.595668428292621E-002   1.07462841811692     
   2.77508351883274       0.792855874297068      -0.286749806102842     
   3.56796452421352      -0.331229993524226      -0.525190210266553     
   4.36084552959430      -0.332446169039651       0.283954722438095     
   5.15372653497509       0.209254748616728       0.214381910188405     
   5.94660754035587       0.147465565366589      -0.140135606271374     
   6.73948854573665      -8.643050105241219E-002 -0.109309135192266     
   7.53236955111743      -8.556964527505045E-002  4.751004811348210E-002
   8.32525055649822       1.994701711720682E-002  6.864362538935528E-002
   9.11813156187900       5.490175665024578E-002 -4.958624284966624E-004
   9.91101256725978       1.323085407636288E-002 -4.270247428020090E-002
   10.7038935726406      -3.131102583177801E-002 -2.285582699067378E-002
   11.4967745780213      -2.947395221278391E-002  2.038102038098721E-002
   12.2896555834021       9.720206441524376E-003  3.385498830971048E-002
   13.0825365887829       3.659107182408135E-002  8.107893608452386E-004
   13.8754175941637       1.133324399574157E-002 -3.820637878636149E-002
   14.6682985995445      -3.924490454541107E-002 -2.193806048525259E-002
   15.4611796049253      -3.262126812090300E-002  4.033493353462232E-002
   16.2540606103060       4.219867509523052E-002  4.315916786532020E-002
   17.0469416156868       5.294894641843451E-002 -4.554363352396372E-002
   17.8398226210676      -5.078125710359166E-002 -6.092080931826441E-002
   18.6327036264484      -6.570245030341058E-002  5.763163800237630E-002
   19.4255846318292       6.487501198783101E-002  6.614618189961091E-002
   20.2184656372100       6.202664075722354E-002 -7.059326522711891E-002
   21.0113466425907      -7.295643341883905E-002 -5.440536685827650E-002
   21.8042276479715      -4.527506067253080E-002  7.109343414807577E-002
   22.5971086533523       6.541966945774937E-002  3.667646412547215E-002
   23.3899896587331       2.991990423569259E-002 -5.724598460807862E-002
   24.1828706641139      -4.806654356771633E-002 -2.536213201099209E-002
   24.9757516694946      -2.267468769165185E-002  3.902754275093628E-002
   25.7686326748754       3.076558084807060E-002  2.125877749466420E-002
   26.5615136802562       2.054524453964193E-002 -2.350444692190826E-002
   27.3543946856370      -1.722753155610270E-002 -2.012013609426324E-002
   28.1472756910178      -1.973298946231341E-002  1.181694744772829E-002
   28.9401566963986       7.133521486782476E-003  1.925841898364691E-002
   29.7330377017793       1.865309253938471E-002 -3.051733037252125E-003
   30.5259187071601       5.297901081243836E-004 -1.792335157981488E-002
   31.3187997125409      -1.710471151710945E-002 -3.687523786071033E-003
   32.1116807179217      -6.474145061752480E-003  1.624965975814220E-002
   32.9045617233025       1.541935451164819E-002  8.918190453391268E-003
   33.6974427286833       1.102198610883170E-002 -1.467519823344184E-002
   34.4903237340640      -1.406722926230217E-002 -1.276004447790910E-002
   35.2832047394448      -1.408234527870650E-002  1.361853229240913E-002
   36.0760857448256       1.330907778980429E-002  1.492760649523515E-002
   36.8689667502064       1.524844730375126E-002 -1.306738244073386E-002
   37.6618477555872      -1.277999691783368E-002 -1.504237335898505E-002
   38.4547287609680      -1.437388598510752E-002  1.232237632662955E-002
   39.2476097663487       1.160115067547130E-002  1.337225680659009E-002
   40.0404907717295       1.220147374648180E-002 -1.058709280310843E-002
   40.8333717771103      -9.321309049317076E-003 -1.101638675012435E-002
   41.6262527824911      -9.927383995237980E-003  7.893647097361454E-003
   42.4191337878719       6.408296342514717E-003  8.988098877930974E-003
   43.2120147932526       8.204956728641659E-003 -4.954738897186169E-003
   44.0048957986334      -3.593550175196518E-003 -7.557073782334204E-003
   44.7977768040142      -7.015066986242572E-003  2.355956940202746E-003
   45.5906578093950       1.250881290659560E-003  6.553229929632558E-003
   46.3835388147758       6.155020880326631E-003 -2.736935321802698E-004
   47.1764198201566       5.862817076328056E-004 -5.814222326908702E-003
   47.9693008255373      -5.534053500294960E-003 -1.340011757281973E-003
   48.7621818309181      -1.994040404847732E-003  5.325382289767374E-003
   49.5550628362989       5.203901754367814E-003  2.545963336200892E-003
   50.3479438416797       2.980001423404123E-003 -5.185098832007757E-003
   51.1408248470605      -5.275500838871783E-003 -3.264218844845028E-003
   51.9337058524412      -3.353132837640042E-003  5.459992692089417E-003
   52.7265868578220       5.688937793260949E-003  3.200550722828331E-003
   53.5194678632028       2.784197857081156E-003 -5.874383354754574E-003
   54.3123488685836      -5.906493705561086E-003 -2.134130722121794E-003
   55.1052298739644      -1.346196614676657E-003  5.692385938580079E-003
   55.8981108793452       5.200702198512435E-003  5.627862137826732E-004
   56.6909918847259      -7.671622666299869E-005 -4.482627187390315E-003
   57.4838728901067      -3.651541698511251E-003  4.879328548491972E-004
   58.2767538954875       6.636154623953189E-004  2.833593742517473E-003
   59.0696349008683       2.121550076152347E-003 -6.568297070626971E-004
   59.8625159062491      -5.436961177756403E-004 -1.555998087215995E-003
   60.6553969116299      -1.133968866283282E-003  3.912117342557035E-004
   61.4482779170106       2.428217048563698E-004  8.294590384020159E-004
   62.2411589223914       6.113271542313844E-004 -1.192044825057105E-004
   63.0340399277722      -2.571497412766551E-005 -4.529695565648420E-004
   63.8269209331530      -3.350758151128434E-004 -4.010662218537158E-005
   64.6198019385338      -8.351940263615351E-005  2.448138061744590E-004
   65.4126829439146       1.739877553753697E-004  1.100163250687244E-004
   66.2055639492953       1.243334790505954E-004 -1.173721872884657E-004
   66.9984449546761      -7.154464603967754E-005 -1.302477648247432E-004
   67.7913259600569      -1.306873519761147E-004  3.416936084132404E-005
   68.5842069654377       3.599083537902169E-006  1.279237778786234E-004
   69.3770879708185       1.237475067848194E-004  2.131736442587089E-005
   70.1699689761992       4.129859947374079E-005 -1.195822934025496E-004
   70.9628499815800      -1.165071981315193E-004 -5.662578999547281E-005
   71.7557309869608      -6.714247399583945E-005  1.151642948492138E-004
   72.5486119923416       1.155700322167403E-004  7.235983160116166E-005
   73.3414929977224       7.176314919622936E-005 -1.169367508321076E-004
   74.1343740031032      -1.177044751489203E-004 -6.531234763993359E-005
   74.9272550084840      -5.392974812139519E-005  1.159603931847619E-004
   75.7201360138647       1.101920808142124E-004  3.962560130344938E-005
   76.5130170192455       2.504260111537483E-005 -1.000021366265473E-004
   77.3058980246263      -8.632502983607564E-005 -1.259802804844676E-005
   78.0987790300071      -3.725231770225593E-006  7.099668244176267E-005
   78.8916600353879       5.597781962256081E-005 -1.364412310788593E-006
   79.6845410407687      -3.376168747971337E-006 -4.270759953015968E-005
   80.4774220461494      -3.186223004934529E-005  3.388774099436992E-006
   81.2703030515302       2.402594800320972E-006  2.347506000686621E-005
   82.0631840569110       1.721009622699185E-005 -1.122951805171109E-006
   82.8560650622918       5.667216322408503E-008 -1.260977563134511E-005
   83.6489460676726      -9.244275050451844E-006 -9.740236218128958E-007
   84.4418270730533      -1.602559642978507E-006  6.770450191594747E-006
   85.2347080784341       4.936911293644835E-006  1.979044883484268E-006
   86.0275890838149       2.160351967897519E-006 -3.567167371515025E-006
   86.8204700891957      -2.539008371829928E-006 -2.202248934352642E-006
   87.6133510945765      -2.151182933359353E-006  1.767348318015847E-006
   88.4062320999573       1.191922055250397E-006  2.042494575787483E-006
   89.1991131053380       1.901281525267660E-006 -7.690055161928845E-007
   89.9919941107188      -4.658932018962332E-007 -1.744095494668854E-006
   90.7848751160996      -1.580791215581058E-006  2.571027128033726E-007
   91.5777561214804       1.216904057399574E-007  1.416398769628257E-006
   92.3706371268612       1.253047422683011E-006 -4.145898131519687E-008
   93.1635181322419      -8.559323611184700E-011 -1.091847423806224E-006
   93.9563991376227      -9.344011612655213E-007 -1.682223562050577E-008
   94.7492801430035      -2.102022054833306E-008  7.835216457476470E-007
   95.5421611483843       6.429726780039184E-007  2.086020680905959E-008
   96.3350421537651       2.106756660821321E-008 -5.165083681058148E-007
   97.1279231591459      -4.068210471986438E-007 -2.329968353659961E-008
   97.9208041645266      -2.724150526371638E-008  3.149407709220624E-007
   98.7136851699074       2.402599861933460E-007  3.175684112007127E-008
   99.5065661752882       3.571770651590288E-008 -1.810003599219275E-007
   100.299447180669      -1.348096933842232E-007 -3.839978439696725E-008
   101.092328186050      -3.954093268923951E-008  9.925507681601217E-008
   101.885209191431       7.212442678657679E-008  3.922747467021535E-008
   102.678090196811       3.773966614107467E-008 -5.155533121700423E-008
   103.470971202192      -3.605120502486200E-008 -3.542461704756852E-008
   104.263852207573      -3.261571368017690E-008  2.444163579062043E-008
   105.056733212954       1.582468852370308E-008  2.959247528862022E-008
   105.849614218334       2.656732527446856E-008 -9.510615939655540E-009
   106.642495223715      -4.974267195999015E-009 -2.368693257346015E-008
   107.435376229096      -2.103958509365129E-008  1.817025820508429E-009
   108.228257234477      -2.636932009382632E-010  1.866382801858844E-008
   109.021138239858       1.655666176807552E-008  1.500112301865164E-009
   109.814019245238       2.077094343453572E-009 -1.468196384389731E-008
   110.606900250619      -1.298128421266446E-008 -2.152917825219581E-009
   111.399781256000      -1.875666367353615E-009  1.138900029991011E-008
   112.192662261381       9.851200557722668E-009  1.390968007295194E-009
   112.985543266762       8.375701294053918E-010 -8.343256425266437E-009
   113.778424272142      -6.878049131811228E-009 -3.322129185574867E-010
   114.571305277523       4.795146363235156E-011  5.499190816615248E-009
   115.364186282904       4.261482259118315E-009 -2.743395127305535E-010
   116.157067288285      -3.611456022878977E-010 -3.208608666516292E-009
   116.949948293665      -2.359023865742623E-009  3.479111981710270E-010
   117.742829299046       2.797473795244390E-010  1.704572044806059E-009
   118.535710304427       1.218591853515700E-009 -1.934643846655895E-010
   119.328591309808      -1.123089009520401E-010 -8.668156330087128E-010
   120.121472315189      -6.159273702028542E-010  4.716282829455600E-011
   120.914353320569       5.022634415167171E-013  4.380560827706026E-010
   121.707234325950       3.119323166229662E-010  2.963777143221707E-011
   122.500115331331       4.686419102079925E-011 -2.222008946641827E-010
   123.292996336712      -1.581011141214283E-010 -5.486958431725511E-011
   124.085877342092      -5.676241806355835E-011  1.121757161113436E-010
   124.878758347473       7.924979799581572E-011  5.489817698222295E-011
   125.671639352854       5.093987683606776E-011 -5.570135517795655E-011
   126.464520358235      -3.896550531692306E-011 -4.599499487298065E-011
   127.257401363616      -4.075702592009054E-011  2.720345207686423E-011
   128.050282368996       1.908031524308770E-011  3.562513471554879E-011
   128.843163374377       3.079719350249816E-011 -1.361283694488514E-011
   129.636044379758      -1.006215016117599E-011 -2.634052645387780E-011
   130.428925385139      -2.224719347580929E-011  7.857482864938404E-012
   131.221806390520       6.544417387643629E-012  1.847937686062634E-011
   132.014687395900       1.500642419457329E-011 -5.755921097278691E-012
   132.807568401281      -5.204537767515624E-012 -1.182984595226870E-011
   133.600449406662      -8.989538271095183E-012  4.689290848732543E-012
   134.393330412043       4.104017967429102E-012  6.547912523435551E-012
   135.186211417423       4.558752694399829E-012 -3.431975817909612E-012
   135.979092422804      -2.719825276445384E-012 -3.037428843518516E-012
   136.771973428185      -1.948894989406645E-012  2.038603662293329E-012
   137.564854433566       1.448447625979303E-012  1.218051322698852E-012
   138.357735438947       7.532379798306815E-013 -9.802060107773837E-013
   139.150616444327      -6.353484766021323E-013 -4.687657362137431E-013
   139.943497449708      -2.976759787937074E-013  3.963761817768665E-013
   140.736378455089       2.386384879607302E-013  1.941723421930951E-013
   141.529259460470       1.298986030455778E-013 -1.384611341011142E-013
   142.322140465850      -7.682066794176832E-014 -8.846527728903323E-014
   143.115021471231      -6.074337463197467E-014  3.995935446057209E-014
   143.907902476612       1.857010678659789E-014  4.165985563021753E-014
   144.700783481993       2.830317216649842E-014 -6.621437696253002E-015
   145.493664487374      -3.121650010077986E-016 -1.890197032168764E-014
   146.286545492754      -1.230429807850214E-014 -2.708080883363539E-015
   147.079426498135      -3.870859062707596E-015  7.717272053210645E-015
   147.872307503516       4.574204258270423E-015  4.035023938594045E-015
   148.665188508897       3.706190639729148E-015 -2.462253798815607E-015
   149.458069514277      -1.079017977108441E-015 -3.174076871689553E-015
   150.250950519658      -2.597864071056770E-015  2.037348801097242E-016
   151.043831525039      -3.233340251685267E-016  2.058997866055267E-015
   151.836712530420       1.593657837438797E-015  6.163280802286104E-016
   152.629593535801       7.555494631216845E-016 -1.212538466753252E-015
   153.422474541181      -9.127215083767160E-016 -7.964800203865486E-016
   154.215355546562      -7.766898079764662E-016  6.846514408605042E-016
   155.008236551943       5.161310747482339E-016  7.211129487928920E-016
   155.801117557324       6.460411852911734E-016 -3.945630186520321E-016
   156.593998562705      -3.082031084898075E-016 -5.620786959238022E-016
   157.386879568085      -4.762269131867617E-016  2.468674875892695E-016
   158.179760573466       2.023080164226077E-016  3.932406891251830E-016
   158.972641578847       3.164103551779546E-016 -1.683360781101588E-016
   159.765522584228      -1.407258662670594E-016 -2.479467184007848E-016
   160.558403589608      -1.891450577407864E-016  1.169364749203782E-016
   161.351284594989       9.571702838490831E-017  1.404699909457290E-016
   162.144165600370       1.016503051635697E-016 -7.667177803463859E-017
   162.937046605751      -5.985603992325834E-017 -7.182188001967830E-017
   163.729927611132      -4.971825716740126E-017  4.545577067125742E-017
   164.522808616512       3.357989555789741E-017  3.388333420379913E-017
   165.315689621893       2.286900270444864E-017 -2.416806209112367E-017
   166.108570627274      -1.699152963486377E-017 -1.538373262705537E-017
   166.901451632655      -1.037433506986560E-017  1.170898707270176E-017
   167.694332638036       7.937864149487467E-018  7.044214899747156E-018
   168.487213643416       4.826963803437669E-018 -5.313307890757280E-018
   169.280094648797      -3.523279125063178E-018 -3.338662013588451E-018
   170.072975654178      -2.327568178343783E-018  2.321073790385043E-018
   170.865856659559       1.522614602688275E-018  1.631593206672719E-018
   171.658737664939       1.146803692966942E-018 -9.962963604088706E-019
   172.451618670320      -6.509336257911687E-019 -8.060353260910209E-019
   173.244499675701      -5.651649501611134E-019  4.247810287863761E-019
   174.037380681082       2.767252684405254E-019  3.945793274240437E-019
   174.830261686463       2.739442346202628E-019 -1.797200279110616E-019
   175.623142691843      -1.161130691259753E-019 -1.889959670117013E-019
   176.416023697224      -1.295545810277914E-019  7.442358272365540E-020
   177.208904702605       4.717482446230945E-020  8.827274158192498E-020
   178.001785707986       5.982624096023316E-020 -2.946956627665599E-020
   178.794666713366      -1.807315319083687E-020 -4.036853848976632E-020
   179.587547718747      -2.714431796789388E-020  1.083201549592211E-020
   180.380428724128       6.306019099175846E-021  1.820311948857688E-020
   181.173309729509       1.218174355010594E-020 -3.533121742293644E-021
   181.966190734890      -1.874976868577749E-021 -8.138653746808415E-021
   182.759071740270      -5.429893794359722E-021  9.128762231181071E-022
   183.551952745651       3.762748747953964E-022  3.618268562102444E-021
   184.344833751032       2.408466185037189E-021 -9.339277704653993E-023
   185.137714756413       4.273837799820987E-023 -1.601673215409527E-021
   185.930595761794      -1.064329269669073E-021 -9.730382692968482E-023
   186.723476767174      -1.090562824933108E-022  7.068493716608921E-022
   187.516357772555       4.692299224027541E-022  1.003567995468894E-022
   188.309238777936       8.361720908731868E-023 -3.113455253189257E-022
   189.102119783317      -2.064180706893600E-022 -6.535398135019346E-023
   189.895000788697      -4.868793493431047E-023  1.366229061156099E-022
   190.687881794078       9.013213088254081E-023  3.485202795525490E-023
   191.480762799459       2.407870133775733E-023 -5.912337329859760E-023
   192.273643804840      -3.843714962660286E-023 -1.610832644194099E-023
   193.066524810221      -1.047332880347909E-023  2.467114984275344E-023
   193.859405815601       1.557144966978609E-023  6.654251066890380E-024
   194.652286820982       4.164429932988103E-024 -9.628394243327147E-024
   195.445167826363      -5.814866980753226E-024 -2.593531792867729E-024
   196.238048831744      -1.624478422753994E-024  3.422117941620290E-024
   197.030929837124       1.958893799402543E-024  1.031460353113081E-024
   197.823810842505       6.655799477833942E-025 -1.088123148756619E-024
   198.616691847886      -5.839866966639081E-025 -4.350640968493279E-025
   199.409572853267      -2.860857093769548E-025  3.000644642494644E-025
   200.202453858648       1.447331851029854E-025  1.877491613715942E-025
   200.995334864028       1.220854764611362E-025 -6.255919536514709E-026
   201.788215869409      -2.097567174078773E-026 -7.817867115152887E-026
   202.581096874790      -4.902010711282177E-026  1.318721998582129E-027
   203.373977880171      -6.878078854876158E-027  2.990023867974682E-026
   204.166858885551       1.757377258424193E-026  9.360109717115281E-027
   204.959739890932       9.204101937434896E-027 -9.790096609937099E-027
   205.752620896313      -4.997915692785490E-027 -8.003579777304843E-027
   206.545501901694      -6.542857229696052E-027  2.141855984329434E-027
   207.338382907075       5.158907987728413E-028  5.175145343139873E-027
   208.131263912455       4.031541415767261E-027  3.433584619136437E-028
   208.924144917836       7.337534103305571E-028 -3.134232692095411E-027
   209.717025923217      -2.456056136018600E-027 -8.428431419155503E-028
   210.509906928598      -7.872085137049117E-028  1.950733586808287E-027
   211.302787933979       1.568070963953706E-027  6.404928675652353E-028
   212.095668939359       4.528505618973583E-028 -1.262582576384478E-027
   212.888549944740      -9.998871505707642E-028 -2.626661361491290E-028
   213.681430950121      -1.005100822844183E-028  7.614494093575790E-028
   214.474311955502       5.453225842675353E-028 -1.330804622920435E-029
   215.267192960882      -7.306508350554417E-029 -3.606680875782308E-028
   216.060073966263      -2.178197828928366E-028  8.789462578670201E-029
   216.852954971644       7.560431089082077E-029  1.198370519821219E-028
   217.645835977025       6.058451332515995E-029 -5.367963079478993E-029
   218.438716982406      -3.330199665252493E-029 -2.877715325348919E-029
   219.231597987786      -1.332579791792464E-029  1.869887427417309E-029
   220.024478993167       9.754211943412142E-030  6.302596186631096E-030
   220.817359998548       3.166683134885962E-030 -4.816310785763546E-030
   221.610241003929      -2.272460492845969E-030 -1.711136101174560E-030
   222.403122009309      -9.786298439539590E-031  1.021266734819128E-030
   223.196003014690       4.269100975227508E-031  5.766935471785560E-031
   223.988884020071       3.421954916706893E-031 -1.544019640635131E-031
   224.781765025452      -3.573011157056904E-032 -2.012594406180317E-031
   225.574646030833      -1.160160553800627E-031 -1.122372225452213E-032
   226.367527036213      -2.596635974582045E-032  6.485590730781273E-032
   227.160408041594       3.465306945004812E-032  2.719501615717683E-032
   227.953289046975       2.352558701853964E-032 -1.723973037662889E-032
   228.746170052356      -7.524198971847374E-033 -1.873597893597998E-032
   229.539051057737      -1.432393697116345E-032  2.361476222196430E-033
   230.331932063117      -1.634999359767087E-034  1.074906034819095E-032
   231.124813068498       8.028365121025751E-033  1.198490237859628E-033
   231.917694073879       1.422375624781651E-033 -6.015324285415474E-033
   232.710575079260      -4.526704478363278E-033 -1.235720029273896E-033
   233.503456084640      -8.789899708750719E-034  3.398877154207231E-033
   234.296337090021       2.511858403472061E-033  5.002990910877604E-034
   235.089218095402       1.878740250257559E-034 -1.795365794060368E-033
   235.882099100783      -1.220239080706753E-033  1.792058345354024E-035
   236.674980106164       1.173066202273395E-034  7.789170281440426E-034
   237.467861111544       4.645757432559434E-034 -1.379177832091908E-034
   238.260742116925      -1.161735782073519E-034 -2.597814882465259E-034
   239.053623122306      -1.378239748004539E-034  8.163302035501940E-035
   239.846504127687       5.073107980352803E-035  7.070799156139119E-035
   240.639385133067       3.588481582601620E-035 -2.882939718140417E-035
   241.432266138448      -1.531730391779685E-035 -1.840092964241907E-035
   242.225147143829      -9.670067081307438E-036  7.716589129017788E-036
   243.018028149210       3.708061738192564E-036  5.233261124333632E-036
   243.810909154591       2.908297973167658E-036 -1.692747155268550E-036
   244.603790159971      -7.197038770886115E-037 -1.649004002916561E-036
   245.396671165352      -9.476387700286631E-037  2.694632750391922E-037
   246.189552170733       7.273920160956081E-038  5.491837113681414E-037
   246.982433176114       3.199938758989226E-037  5.254316699676874E-039
   247.775314181495       3.013807475539718E-038 -1.872458074132108E-037
   248.568195186875      -1.100701011247935E-037 -3.297043509844916E-038
   249.361076192256      -2.792114079239335E-038  6.508750452361283E-038
   250.153957197637       3.878305992183195E-038  2.109572304754502E-038
   250.946838203018       1.486302125942523E-038 -2.331287698925825E-038
   251.739719208398      -1.412838207559609E-038 -9.936229204980386E-039
   252.532600213779      -6.347173811972898E-039  8.603585278529591E-039
   253.325481219160       5.231531545064408E-039  3.884922091222433E-039
   254.118362224541       2.282697663165708E-039 -3.150070762704380E-039
   254.911243229922      -1.861976973175715E-039 -1.292072551704682E-039
   255.704124235302      -7.093979605539963E-040  1.072554886514527E-039
   256.497005240683       5.992404987245939E-040  3.820222418884019E-040
   257.289886246064       2.047063714883611E-040 -3.241094958972112E-040
   258.082767251445      -1.697534108037400E-040 -1.107372192053343E-040
   258.875648256826      -6.109197342999665E-041  8.619975114305596E-041
   259.668529262206       4.245686514081836E-041  3.447613114390186E-041
   260.461410267587       1.983437867857820E-041 -2.023719985242828E-041
   261.254291272968      -9.263465512713962E-042 -1.155629753562760E-041
   262.047172278349      -6.774290106881373E-042  3.998551188989958E-042
   262.840053283729       1.558841985397946E-042  3.976154321189668E-042
   263.632934289110       2.330600158827617E-042 -4.824410771381393E-043
   264.425815294491      -4.473155688502609E-044 -1.363270086183029E-042
   265.218696299872      -7.965880891082261E-043 -1.057212881937554E-043
   266.011577305253      -1.351166760372053E-043  4.660905641325861E-043
   266.804458310633       2.740474783439784E-043  1.194157142272757E-043
   267.597339316014       9.157452488774079E-044 -1.625687294219188E-043
   268.390220321395      -9.760519844335532E-044 -6.465478997947255E-044
   269.183101326776      -4.290736155971450E-044  5.933419993015680E-044
   269.975982332156       3.637077750168729E-044  2.693524166993736E-044
   270.768863337537       1.599593451483042E-044 -2.228074312992808E-044
   271.561744342918      -1.347583489962416E-044 -8.970077892548011E-045
   272.354625348299      -4.747932672924583E-045  7.947270557240475E-045
   273.147506353680       4.524583150735969E-045  2.382584125522405E-045
   273.940387359060       1.148015856719096E-045 -2.472239522995152E-045
   274.733268364441      -1.294556143536572E-045 -5.437788167288936E-046
   275.526149369822      -2.615274822353397E-046  6.509804108558999E-046
   276.319030375203       3.155824675639660E-046  1.316477172104120E-046
   277.111911380583       7.025165323517154E-047 -1.479940725734629E-046
   277.904792385964      -6.716651266242388E-047 -3.934842735047474E-047
   278.697673391345      -2.263257537615073E-047  2.933627419068412E-047
   279.490554396726       1.212550478755216E-047  1.309703703977675E-047
   280.283435402107       7.520366182798591E-048 -4.547918662703397E-048
   281.076316407487      -1.364354958940574E-048 -4.250441712188665E-048
   281.869197412868      -2.353057945324787E-048  1.299413634691881E-049
   282.662078418249      -2.740365745130834E-049  1.270834372689726E-048
   283.454959423630       6.663247931042755E-049  3.475273157467975E-049
   284.247840429011       3.062481594320182E-049 -3.367196130660146E-049
   285.040721434391      -1.621381256899375E-049 -2.379201849621662E-049
   285.833602439772      -1.743524932009196E-049  7.309721112970780E-050
   286.626483445153       3.011790056712732E-050  1.241500627181517E-049
   287.419364450534       8.717436657095454E-050 -1.118326705996621E-050
   288.212245455914      -4.207893570281732E-051 -6.067857904511843E-050
   289.005126461295      -4.173570592487596E-050  2.642859886405012E-051
   289.798007466676       3.007097750491457E-051  2.806148122490086E-050
   290.590888472057       1.814585830742374E-050 -3.566061915899558E-051
   291.383769477438      -3.634847251967517E-051 -1.108030686506180E-050
   292.176650482818      -6.281985547672706E-051  3.156647621547784E-051
   292.969531488199       2.375400215414409E-051  3.264491789460224E-051
   293.762412493580       1.543497781908159E-051 -1.576293224281314E-051
   294.555293498961      -9.383429835499759E-052 -6.634501957234946E-052
   295.348174504342      -2.612027596708238E-052  5.100579831144526E-052
   296.141055509722       2.579290355892770E-052  9.613932178391854E-053
   296.933936515103       3.453923190944122E-053 -1.236414011061145E-052
   297.726817520484      -5.718012316264642E-053 -1.305499362078270E-053
   298.519698525865      -5.653714215312930E-054  2.589236134441150E-053
   299.312579531245       1.160491004013320E-053  2.884452112310080E-054
   300.105460536626       1.646911758572565E-054 -5.181358216736870E-054
   300.898341542007      -2.310169770489384E-054 -9.839047430799203E-055
   301.691222547388      -5.908672686661825E-055  1.028044904679470E-054
   302.484103552769       4.555177711511877E-055  3.511472976802700E-055
   303.276984558149       2.058055855197954E-055 -2.003199574773588E-055
   304.069865563530      -8.717578944133804E-056 -1.190951102385356E-055
   304.862746568911      -6.819775762598541E-056  3.750605989116766E-056
   305.655627574292       1.601814309506595E-056  3.871009111824123E-056
   306.448508579672       2.178532364716601E-056 -6.888146420289309E-057
   307.241389585053      -3.070663618514440E-057 -1.213391749248446E-056
   308.034270590434      -6.661166626970417E-057  1.474479968881570E-057
   308.827151595815       7.784882793075076E-058  3.582673385883187E-057
   309.620032601196       1.875262389705232E-057 -4.417613728844118E-058
   310.412913606576      -2.556286084442598E-058 -9.498730264648527E-058
   311.205794611957      -4.643177360130371E-058  1.435526390272200E-058
   311.998675617338       7.577428087396689E-059  2.193190164495483E-058
   312.791556622719       1.006466880653098E-058 -3.693592048984009E-059
   313.584437628099      -1.642230570190137E-059 -4.524153301642867E-059
   314.377318633480      -2.009016040392672E-059  6.538789700953028E-060
   315.170199638861       2.222974932045694E-060  8.867812375053500E-060
   315.963080644242       3.898591588257105E-060 -5.410047270045082E-061
   316.755961649623       1.575654800011542E-062 -1.702500745934123E-060
   317.548842655003      -7.331884730065786E-061 -1.440996155012234E-061
   318.341723660384      -1.345824855959924E-061  3.075902079948765E-061
   319.134604665765       1.231580348288794E-061  9.522284802423869E-062
   319.927485671146       5.978255098980138E-062 -4.521770827090144E-062
   320.720366676527      -1.370089293437265E-062 -3.505572863138504E-062
   321.513247681907      -1.965254212062068E-062  1.931946465381984E-063
   322.306128687288      -1.782476736233659E-063  1.067167730188403E-062
   323.099009692669       5.665750188688768E-063  2.445255895147389E-063
   323.891890698050       2.111381444528826E-063 -2.968567944420456E-063
   324.684771703430      -1.554278392087954E-063 -1.568166596319739E-063
   325.477652708811      -1.079256399453895E-063  8.280428236248574E-064
   326.270533714192       4.590084764611233E-064  7.062611531997103E-064
   327.063414719573       4.424028919305704E-064 -2.693422879673523E-064
   327.856295724954      -1.669055165642359E-064 -2.642627702118418E-064
   328.649176730334      -1.490509137586102E-064  1.063730320103389E-064
   329.442057735715       6.712275507989960E-065  7.841591886915811E-065
   330.234938741096       3.806259323471985E-065 -4.055671480979396E-065
   331.027819746477      -2.297747934581056E-065 -1.694404844498536E-065
   331.820700751857      -6.938740107461183E-066  1.210792831285241E-065
   332.613581757238       5.947423121245295E-066  2.660523426239448E-066
   333.406462762619       9.937635826459213E-067 -2.748642803898365E-066
   334.199343768000      -1.210754410957982E-066 -3.852031444441167E-067
   334.992224773381      -1.650790567763279E-067  5.150129637845564E-067
   335.785105778761       2.136820298593869E-067  7.963713299520644E-068
   336.577986784142       4.175119567105747E-068 -8.688390489668208E-068
   337.370867789523      -3.454207935004737E-068 -2.268387601631720E-068
   338.163748794904      -1.238252819451480E-068  1.327740630084328E-068
   338.956629800285       4.806945180353353E-069  6.699408812515764E-069
   339.749510805665       3.579611685837817E-069 -1.538525037186596E-069
   340.542391811046      -3.480140418153620E-070 -1.891095938254728E-069
   341.335272816427      -9.913896226970288E-070 -3.741188291677193E-071
   342.128153821808      -1.277713923313492E-070  5.186292364455758E-070
   342.921034827188       2.728980356475037E-070  1.214124078544345E-070
   343.713915832569       9.139249503043094E-071 -1.459866576244438E-070
   344.506796837950      -8.038968295575710E-071 -6.189971676254765E-071
   345.299677843331      -3.908468291453817E-071  4.603403180058954E-071
   346.092558848712       2.743768617541748E-071  2.312069469392133E-071
   346.885439854092       1.264634002155812E-071 -1.678841580458187E-071
   347.678320859473      -1.026458867643053E-071 -6.203959179094733E-072
   348.471201864854      -2.572963102076313E-072  6.071354100939387E-072
   349.264082870235       3.372900819589208E-072  7.761489418286235E-073
   350.056963875615       5.288729801477316E-074 -1.721774536636528E-072
   350.849844880996      -7.976889243450430E-073  1.394774962498303E-073
   351.642725886377       1.306461677844735E-073  3.347031165113410E-073
   352.435606891758       1.283129103700998E-073 -7.928836445603405E-074
   353.228487897139      -3.905184762386775E-074 -4.587445171814149E-074
   354.021368902519      -1.579650006419654E-074  1.683428569532915E-074
   354.814249907900       6.618360029831962E-075  5.453390735382914E-075
   355.607130913281       1.958539466133782E-075 -2.435703972008064E-075
   356.400011918662      -8.511847124186705E-076 -7.458556282243856E-076
   357.192892924042      -2.999526322231877E-076  2.828034539165454E-076
   357.985773929423       8.778440154674672E-077  1.250852629507142E-076
   358.778654934804       5.302119252199490E-077 -2.404799858627912E-077
   359.571535940185      -4.705225420559231E-078 -2.248876679198034E-077
   360.364416945566      -9.436263233622547E-078 -3.471753643091562E-079
   361.157297950946      -1.169230615320644E-078  3.880484907381876E-078
   361.950178956327       1.548301683943750E-078  9.509299028571020E-079
   362.743059961708       6.097390473313999E-079 -5.909139793943011E-079
   363.535940967089      -2.104028368240843E-079 -3.540094618473436E-079
   364.328821972470      -1.951244706508140E-079  6.621856526569632E-080
   365.121702977850       1.560240721225255E-080  1.044234042833828E-079
   365.914583983231       5.494494989340287E-080 -1.975896315732858E-082
   366.707464988612       3.021008295295088E-081 -2.862740063176600E-080
   367.500345993993      -1.481207418674031E-080 -2.666560290001314E-081
   368.293226999373      -1.681132359468184E-081  7.603360910846875E-081
   369.086108004754       3.855465470456761E-081  8.935492045211735E-082
   369.878989010135       4.176399056789947E-082 -1.918868841360903E-081
   370.671870015516      -9.311475229887365E-082 -1.736094471227188E-082
   371.464751020897      -6.428546700913094E-083  4.383430583626162E-082
   372.257632026277       1.997718584844160E-082  2.129352808110372E-083
   373.050513031658       6.513916957653342E-084 -8.825694736273739E-083
   373.843394037039      -3.795617661896634E-083 -2.079167107270116E-084
   374.636275042420      -8.721393762074715E-085  1.598488667743355E-083
   375.429156047801       6.633389396459481E-084  5.073057623349427E-085
   376.222037053181       3.328234764823814E-085 -2.726829640960928E-084
   377.014918058562      -1.114429308910308E-084 -2.133065810236276E-085
   377.807799063943      -1.288477094263600E-085  4.536428888978040E-085
   378.600680069324       1.839872304247043E-085  7.355536851226796E-086
   379.393561074704       4.010031489082841E-086 -7.429824298561282E-086
   380.186442080085      -2.983725355480369E-086 -2.108504104496005E-086
   380.979323085466      -1.077635571966716E-086  1.189963935049578E-086
   381.772204090847       4.707260000170797E-087  5.384218333381928E-087
   382.565085096228       2.640403749959714E-087 -1.845386243642713E-087
   383.357966101608      -7.167350409077827E-088 -1.274284720497290E-087
   384.150847106989      -6.061581536146032E-088  2.758900597072534E-088
   384.943728112370       1.053431454988857E-088  2.843947458754363E-088
   385.736609117751       1.316054670071167E-088 -3.993302030593799E-089
   386.529490123131      -1.501960169800103E-089 -6.004122272547528E-089
   387.322371128512      -2.698805657943599E-089  5.580370958700099E-090
   388.115252133893       2.023520126809097E-090  1.194531248620780E-089
   388.908133139274       5.205052321519845E-090 -6.973863250263539E-091
   389.701014144655      -2.151817632978533E-091 -2.233385442991742E-090
   390.493895150035      -9.443770716450375E-091  4.943546954477784E-092
   391.286776155416      -7.689873401147119E-094  3.939714907395592E-091
   392.079657160797       1.623506182953174E-091  1.138978098237986E-092
   392.872538166178       1.029555506543228E-092 -6.614899098860521E-092
   393.665419171558      -2.665653618634208E-092 -6.984189502847050E-093
   394.458300176939      -4.182963926154105E-093  1.061738814947276E-092
   395.251181182320       4.172295068938368E-093  2.332062311586412E-093
   396.044062187701       1.240855683499842E-093 -1.612360852101207E-093
   396.836943193082      -6.096257208628834E-094 -6.392970725874373E-094
   397.629824198462      -3.219912659490357E-094  2.237771606091201E-094
   398.422705203843       7.880056938445616E-095  1.596506629844882E-094
   399.215586209224       7.834369437210018E-095 -2.610734446009418E-095
   400.008467214605      -7.861025583098448E-096 -3.820470281200477E-095
   400.801348219986      -1.856544907523011E-095  2.000973565736147E-096
   401.594229225366       3.481461024358489E-097  8.999763727765201E-096
   402.387110230747       4.347177850372113E-096  5.011805951530127E-099
   403.179991236128       2.473601997615442E-098 -2.084774862037175E-096
   403.972872241509      -9.867022424101616E-097  4.900846986373299E-099
   404.765753246890       2.111206424472995E-098  4.574023082507128E-097
   405.558634252270       2.060501530486121E-097 -2.212329712916058E-098
   406.351515257651      -1.645997773147551E-098 -8.959742862250520E-098
   407.144396263032      -3.744938336970193E-098  1.011093194930054E-098
   407.937277268413       5.419502718656189E-099  1.503568509805911E-098
   408.730158273793       5.818099896979920E-099 -2.606920120747640E-099
   409.523039279174      -1.145293343655550E-099 -2.185605202139043E-099
   410.315920284555      -8.053099835254441E-100  4.652615022013844E-100
   411.108801289936       1.762781271206565E-100  2.944166978806543E-100
   411.901682295317       1.079119901291825E-100 -6.254840837215726E-101
   412.694563300697      -2.072209810076443E-101 -3.993154349637795E-101
   413.487444306078      -1.495592384986312E-101  6.300986447162598E-102
   414.280325311459       1.667668922125081E-102  5.661953677464740E-102
   415.073206316840       2.158244731062657E-102 -3.145216872213502E-103
   415.866087322220       1.787249079090397E-104 -8.243274271677810E-103
   416.658968327601      -3.139134579263698E-103 -6.569616022963878E-104
   417.451849332982      -5.035368595890759E-104  1.186308696222498E-103
   418.244730338363       4.429663965558210E-104  3.019777885179442E-104
   419.037611343744       1.636706200376176E-104 -1.627890581697137E-104
   419.830492349124      -5.871662215040181E-105 -8.419493619153036E-105
   420.623373354505      -4.206039524100937E-105  2.080407795498110E-105
   421.416254359886       7.319706014563013E-106  2.065453461815872E-105
   422.209135365267       1.002928692397389E-105 -2.643822120214334E-106
   423.002016370648      -1.046648727884898E-106 -4.819467464411282E-106
   423.794897376028      -2.282885458239856E-106  4.858088613481607E-107
   424.587778381409       2.629251837862893E-107  1.057091435683443E-106
   425.380659386790       4.729920099150648E-107 -1.528710141914639E-107
   426.173540392171      -8.790683180573190E-108 -2.018381664314934E-107
   426.966421397551      -8.109794216781267E-108  4.766528578332417E-108
   427.759302402932       2.387423188046607E-108  3.035324972842116E-108
   428.552183408313       1.050463826554191E-108 -1.098089887378428E-108
   429.345064413694      -4.646915472149112E-109 -3.352235593548557E-109
   430.137945419075      -9.901809445098694E-110  1.821447721099483E-109
   430.930826424455       6.678556354294644E-110  2.746474824520741E-110
   431.723707429836       7.390113758520070E-111 -2.317882862737759E-110
   432.516588435217      -7.709223683934885E-111 -2.044758744624631E-111
   433.309469440598      -6.253441860948873E-112  2.485117878736573E-111
   434.102350445978       7.831228585023083E-112  2.195289520047507E-112
   434.895231451359       8.594691239794999E-113 -2.423250562568199E-112
   435.688112456740      -7.357531780126762E-113 -3.540209059013356E-113
   436.480993462121      -1.469066556046522E-113  2.176342513508699E-113
   437.273874467502       6.169470102011933E-114  6.012411933620731E-114
   438.066755472882       2.407808022353402E-114 -1.618648345700769E-114
   438.859636478263      -3.594948861349822E-115 -9.414705767997129E-115
   439.652517483644      -3.592458048920199E-115  4.508320465762594E-116
   440.445398489025      -1.608106012587409E-116  1.336972412088442E-115
   441.238279494405       4.845342567855905E-116  1.828796203514594E-116
   442.031160499786       1.145082830870224E-116 -1.704651398529663E-116
   442.824041505167      -5.789766936929326E-117 -6.026802019935191E-117
   443.616922510548      -2.917528103355082E-117  1.880742378021901E-117
   444.409803515929       5.746906024208752E-118  1.344621455156140E-117
   445.202684521309       5.998711206846236E-118 -1.598364294381240E-118
   445.995565526690      -3.727286300481921E-119 -2.613575271937543E-118
   446.788446532071      -1.117392577504169E-118  5.132588724383781E-120
   447.581327537452      -1.393678256568121E-120  4.698934600698798E-119
   448.374208542832       1.945416407309619E-119  1.725543266994304E-120
   449.167089548213       1.072208574890947E-120 -7.930386322021093E-120
   449.959970553594      -3.182429564265135E-120 -5.507899430892320E-121
   450.752851558975      -2.591386065939576E-121  1.257005530015237E-120
   451.545732564356       4.887327297230484E-121  1.164152657505440E-121
   452.338613569736       5.104403164172826E-122 -1.871347337786983E-121
   453.131494575117      -7.061991110523880E-122 -2.211752668707340E-122
   453.924375580498      -9.532741731639476E-123  2.629332591262285E-122
   454.717256585879       9.670079975841969E-123  4.097348756049373E-123
   455.510137591260       1.756544836456276E-123 -3.517342630111231E-123
   456.303018596640      -1.266804655990354E-123 -7.503515841231957E-124
   457.095899602021      -3.190078047102553E-124  4.522673111694136E-124
   457.888780607402       1.602357972577294E-124  1.348541028830292E-124
   458.681661612783       5.665285999478362E-125 -5.641488319324019E-125
   459.474542618163      -1.977656661136971E-125 -2.364703739787114E-125
   460.267423623544      -9.805582022678433E-126  6.924134398490736E-126
   461.060304628925       2.432681766153497E-126  4.038177809036589E-126
   461.853185634306       1.650459398950893E-126 -8.633452797774365E-127
   462.646066639687      -3.119676774563314E-127 -6.685844018461301E-127
   463.438947645067      -2.678946515824542E-127  1.156143688154673E-127
   464.231828650448       4.409355016130463E-128  1.059003160800663E-127
   465.024709655829       4.118148359828437E-128 -1.725378727488368E-128
   465.817590661210      -6.861943304828037E-129 -1.571103837988732E-128
   466.610471666591      -5.868726708628418E-129  2.738077755490189E-129
   467.403352671971       1.082304639249106E-129  2.144715404790391E-129
   468.196233677352       7.673052061209848E-130 -4.195751313709547E-130
   468.989114682733      -1.584948622677669E-130 -2.693240490148726E-130
   469.781995688114      -9.306366094397318E-131  5.814836338381913E-131
   470.574876693494       2.069952623382971E-131  3.179348469551558E-131
   471.367757698875       1.078762616698819E-131 -7.152812093417896E-132
   472.160638704256      -2.401766586088735E-132 -3.650822472068509E-132
   472.953519709637      -1.236639993806633E-132  7.843660384922871E-133
   473.746400715018       2.491903795934189E-133  4.202773551355966E-133
   474.539281720398       1.434973344313649E-133 -7.692966792556293E-134
   475.332162725779      -2.300565888777429E-134 -4.924183555602938E-134
   476.125043731160      -1.697808944349352E-134  6.621140381721471E-135
   476.917924736541       1.811315454338554E-135  5.878062464773856E-135
   477.710805741921       2.041961404353526E-135 -4.595024733012645E-136
   478.503686747302      -1.021116320815651E-136 -7.112421302481047E-136
   479.296567752683      -2.482296252497474E-136  1.648746929538607E-137
   480.089448758064      -3.402269343939130E-139  8.674515806710007E-137
   480.882329763445       3.032334318720600E-137  1.974568228905381E-138
   481.675210768825       1.218994139515739E-138 -1.058813558982693E-137
   482.468091774206      -3.684901924436848E-138 -5.621460949553800E-139
   483.260972779587      -2.256000522072713E-139  1.274334396289743E-138
   484.053853784968       4.362746648154344E-139  8.270688884564636E-140
   484.846734790349       2.836966367110870E-140 -1.472538201141368E-139
   485.639615795729      -4.880944096938879E-140 -9.277556780233226E-141
   486.432496801110      -2.955530297227923E-141  1.583882490178280E-140
   487.225377806491       5.022404774961322E-141  9.420443121469415E-142
   488.018258811872       3.087874913327149E-142 -1.555376407561868E-141
   488.811139817252      -4.706573090881739E-142 -1.058898560762500E-142
   489.604020822633      -3.793136042004586E-143  1.392797238793450E-142
   490.396901828014       4.031991857065778E-143  1.396252447224658E-143
   491.189782833395       5.177382144853203E-144 -1.140380540206088E-143
   491.982663838776      -3.138377841869479E-144 -1.904546338764900E-144
   492.775544844156      -6.888008953438132E-145  8.330443087008888E-145
   493.568425849537       2.095689120109443E-145  2.438610162768053E-145
   494.361306854918       8.437323882651722E-146 -4.812423437827920E-146
   495.154187860299      -9.111492176678333E-147 -2.851152995651496E-146
   495.947068865680      -9.405530873618781E-147  8.287093099973353E-148
   496.739949871060      -4.268417932552523E-148  3.026092872711311E-147
   497.532830876441       9.478035400709976E-148  3.658733972174896E-148
   498.325711881822       1.930497528994411E-148 -2.880923567302967E-148
   499.118592887203      -8.456647619211270E-149 -8.699424392538234E-149
   499.911473892583      -3.624511768290044E-149  2.380004899873201E-149
   500.704354897964       6.357329501113748E-150  1.441871079568297E-149
   501.497235903345       5.565762696594447E-150 -1.591368028503601E-150
   502.290116908726      -3.694723794779684E-151 -2.102378663971413E-150
   503.082997914107      -7.797737057517033E-151  8.094068662586696E-152
   503.875878919487       1.901931971747263E-152  2.837730566623755E-151
   504.668759924868       1.008806644319838E-151 -6.331414510880605E-153
   505.461640930249      -3.039809063564764E-153 -3.478279640871348E-152
   506.254521935630      -1.153294062687711E-152  1.569864038963772E-153
   507.047402941010       7.418101520842692E-154  3.647538233582327E-153
   507.840283946391       1.093632121287360E-153 -3.097245172002482E-154
   508.633164951772      -1.144370160295256E-154 -3.098892318305364E-154
   509.426045957153      -8.300279737316439E-155  3.772418345625515E-155
   510.218926962534       1.118213854642716E-155  2.107336681202822E-155
   511.011807967914       5.089195707493003E-156 -2.996069223104226E-156
   511.804688973295      -7.261450807102488E-157 -1.170449677633551E-156
   512.597569978676      -2.549567886269531E-157  1.581219175671263E-157
   513.390450984057       3.031988625039768E-158  5.163241388675843E-158
   514.183331989437       9.301128993222836E-159 -4.886320169621599E-159
   514.976212994818      -5.915572337119606E-160 -1.340286372533707E-159
   515.769094000199      -1.098230251050738E-160  3.763619574665627E-161
   516.561975005580       3.806773241910097E-188  1.615350045771193E-187
