   -0.256497357E+00    0.118446218E+01    0.120496132E-14
   -0.256497357E+00    0.118446218E+01    0.120496132E-14
   -0.520458804E-01   -0.382476333E+00   -0.662330509E-10
   -0.558590282E+00    0.191726991E+00   -0.667750414E-11
    0.861054250E-09   -0.866978164E-09   -0.336771781E-01
    0.523847711E+00    0.553512675E+00    0.611167635E-10
    0.622115574E+00   -0.932226252E-01    0.356882106E-11
   -0.290526356E-08    0.116862609E-07    0.526700664E-02
    0.749251562E-01    0.272195059E-01    0.562894262E-11
   -0.847109591E+00    0.255922002E-01   -0.286070965E-11
    0.312143419E-09   -0.342205467E-09   -0.314508847E-01
   -0.156148806E+00   -0.250228540E+00   -0.964194139E-11
   -0.556716530E+00   -0.444920673E+00   -0.704934558E-10
    0.306955449E-08   -0.219106466E-07    0.878984062E-01
    0.293730249E+00    0.106626102E+00    0.660420188E-11
   -0.343346146E+00    0.947270102E+00    0.186583727E-10
    0.196323664E-08   -0.895573799E-08    0.238243176E+00
   -0.218990632E+00    0.310990376E+00    0.423886321E-11
    0.546417275E+00   -0.853435812E+00   -0.397028490E-11
   -0.320323307E-08    0.191219626E-07   -0.371860036E+00
   -0.408215631E+00   -0.335724855E+00    0.166670784E-12
    0.124214325E+00    0.987082243E-01    0.798601778E-11
    0.698948578E-09   -0.347026821E-08   -0.186862292E-01
    0.248638118E-01   -0.381903120E-01   -0.506619936E-11
    0.947195492E+00    0.197333241E+00    0.511834599E-10
   -0.796009784E-09    0.674566211E-08    0.327501104E-01
   -0.178776854E-01   -0.353820609E-03    0.327703368E-11
    0.629058155E-01   -0.400391055E-01   -0.724142013E-11
    0.126548607E-09   -0.827105158E-09    0.724822893E-02
    0.354149058E-01   -0.380844469E-01   -0.192149044E-11
    0.356777267E-01   -0.351823851E-01    0.164796527E-11
    0.167059788E-09   -0.271913330E-09    0.281034377E-02
   -0.204903816E+00    0.465484859E-01    0.115846217E-10
    0.576266266E-01   -0.799760629E-01    0.113227769E-10
   -0.275110331E-08    0.136096995E-07   -0.539604333E-01
   -0.771757276E-01    0.272233843E-02   -0.511608555E-12
   -0.139347732E-02   -0.797072296E-02    0.390816644E-12
    0.211032896E-08   -0.124283023E-07    0.592592769E-01
    0.407122419E-01    0.150207833E-01    0.102445741E-11
    0.268883099E-01    0.378153092E-01    0.796495211E-12
   -0.342310948E-09    0.165308281E-08   -0.132207252E-03
    0.709320521E-01   -0.879098406E-02   -0.274316538E-02
   -0.579425574E-01    0.281506571E-01    0.140258977E-01
   -0.518535740E-01    0.139412287E-01    0.381452099E-01
    0.709320500E-01   -0.879097469E-02    0.274316537E-02
   -0.579425584E-01    0.281506622E-01   -0.140258977E-01
    0.518535747E-01   -0.139412325E-01    0.381452099E-01
