   -0.201984821E-01   -0.613640750E-01   -0.346205387E-13
   -0.201984821E-01   -0.613640750E-01   -0.346205387E-13
    0.851883830E-01    0.719636795E-01    0.472343906E-09
   -0.109530704E+00    0.629624540E-01   -0.531066825E-09
   -0.328537921E-09    0.248006580E-09   -0.316869980E+00
   -0.185561970E+00   -0.115569168E+00   -0.392629586E-09
    0.223841380E-01    0.209960274E-01   -0.183773682E-09
   -0.184986991E-09    0.103586409E-09    0.824399250E-01
   -0.721755720E-02    0.198819189E-01    0.249146474E-10
   -0.215980134E-01   -0.539245160E-01    0.142279549E-09
    0.243474070E-09   -0.175644006E-09    0.873423250E-01
   -0.291328604E-01   -0.654587675E-01    0.189566536E-09
   -0.494879336E-01   -0.100488002E-02    0.647221245E-09
    0.187454343E-10   -0.220954343E-11   -0.487379870E-01
   -0.482586727E-01   -0.851297990E-02   -0.303958575E-09
    0.120143234E+00   -0.283937570E-01   -0.338375528E-09
   -0.403563220E-09    0.149380946E-09   -0.129167127E+00
    0.296521677E-01   -0.419658300E-01   -0.184726647E-09
   -0.718379770E-01    0.104427324E+00    0.391174963E-09
    0.530654910E-09   -0.260300788E-09    0.262703100E+00
    0.106825718E+00    0.483465874E-01    0.191202255E-09
   -0.623953530E-01   -0.489523825E-01   -0.200894142E-10
    0.412014138E-10   -0.729329425E-11   -0.146812863E-02
   -0.765911110E-02    0.134526110E-01   -0.319743924E-10
    0.267555470E-01   -0.102952044E-01   -0.384186256E-09
    0.377648087E-11    0.215488956E-10   -0.526352470E-02
    0.193651932E-01    0.314272096E-01   -0.380308342E-10
    0.158190114E+00   -0.111200501E-01    0.453247106E-09
    0.683373405E-10   -0.510642160E-10   -0.101456546E-02
    0.165227961E-02    0.613801700E-02   -0.488870161E-10
    0.324046005E-02   -0.807610120E-03   -0.498545977E-10
    0.247187257E-10   -0.251249824E-10    0.212013753E-01
    0.338278035E-01    0.480739129E-01    0.105275276E-09
   -0.856999215E-01   -0.106359998E+00   -0.212753456E-09
   -0.193469998E-09    0.104905162E-09    0.167849060E-01
   -0.226049736E-01    0.539947025E-02    0.152967211E-10
    0.181489400E-01    0.269464600E-01    0.898601435E-10
    0.757871330E-10   -0.630518500E-10    0.724388285E-01
    0.399999909E-02   -0.648394215E-02    0.182154401E-11
    0.103176560E-01   -0.655615730E-02    0.504746300E-11
    0.163423903E-10   -0.669754605E-11   -0.555174495E-02
    0.996180055E-02    0.898527310E-04    0.115431776E-01
    0.172486947E-01    0.260411450E-01   -0.421257653E-02
    0.304642069E-01    0.302552821E-01   -0.174187007E-01
    0.996180050E-02    0.898527860E-04   -0.115431776E-01
    0.172486947E-01    0.260411450E-01    0.421257652E-02
   -0.304642069E-01   -0.302552821E-01   -0.174187008E-01
