    0.135802780E+00   -0.562270722E+00   -0.832340679E-15
    0.135802780E+00   -0.562270722E+00   -0.832340679E-15
    0.826038827E+01   -0.108902293E+01    0.518490059E-10
   -0.245239389E+00    0.943316811E+00    0.253655332E-11
   -0.103165747E-09   -0.175912031E-10    0.463850171E-02
   -0.598957457E+01    0.523022636E+00   -0.431317396E-10
   -0.395216528E+01   -0.999015212E+00   -0.298718133E-10
    0.190879396E-09    0.708962453E-10    0.562154685E-01
    0.462622629E+01   -0.412826695E+00    0.268455556E-10
    0.585204632E+00    0.978863271E+00    0.996734914E-11
   -0.976158997E-10    0.150872773E-10    0.282366915E+00
   -0.113620013E+02    0.732167533E+00   -0.683029214E-10
   -0.634610920E+01    0.103790109E+01   -0.423776061E-10
   -0.213627629E-09   -0.779729075E-10   -0.234549495E+00
    0.582428531E+01   -0.495692534E+00    0.360628247E-10
    0.524486471E+01    0.620149658E+00    0.384489790E-10
    0.448698945E-10    0.122506333E-10    0.391026713E-01
   -0.321274066E+01    0.803252213E+00   -0.157685751E-10
   -0.175156537E+00   -0.120352300E+01   -0.628541835E-11
    0.690648826E-10    0.151346949E-10    0.480193458E-01
   -0.517899245E+00    0.892329486E-01   -0.118589553E-11
    0.164177846E+01    0.227621341E-01    0.952669912E-11
   -0.379713540E-10   -0.410993053E-10   -0.676332063E-01
    0.258596603E+01   -0.177033291E+00    0.152922684E-10
    0.192300350E+01   -0.135693220E+01    0.978101512E-11
    0.145624511E-09    0.278998360E-10   -0.521730321E-01
    0.128178853E+00   -0.161108732E-02    0.692559267E-12
    0.386564556E+00   -0.604134242E-01    0.224743716E-11
    0.804583032E-11    0.278284701E-12   -0.117738122E-01
    0.308135145E+00    0.190873905E-01    0.153734328E-11
    0.163752468E+00    0.136851927E-01    0.758177966E-12
    0.220421500E-10    0.133570950E-11   -0.511884106E-01
   -0.235701366E+00    0.104615334E+00   -0.533688961E-12
    0.121898873E+01   -0.581883706E-01    0.723951824E-11
    0.574683415E-10    0.119404456E-11   -0.307263336E-01
    0.239433298E+00   -0.124440953E-01    0.160022063E-11
    0.977413562E-01   -0.336895264E-01    0.766638719E-12
   -0.139208644E-10   -0.210847016E-11   -0.572428802E-04
   -0.175481621E-01   -0.899352326E-03   -0.999966286E-13
    0.233683066E-01    0.450940051E-02    0.322782974E-12
   -0.517317853E-11    0.397498073E-12   -0.119064114E-02
   -0.318573961E+00   -0.409240324E-01    0.165667444E-02
   -0.283298154E+00    0.452870894E-01    0.644404883E-02
   -0.547574276E-02    0.359427911E-01    0.947463594E-02
   -0.318573961E+00   -0.409240324E-01   -0.165667445E-02
   -0.283298154E+00    0.452870894E-01   -0.644404883E-02
    0.547574270E-02   -0.359427911E-01    0.947463596E-02
