  0.396440502690391      -0.202978435223372       -1.29151420844013     
   1.18932150807117       0.500952335619447        1.03066182445683     
   1.98220251345196      -0.574254719100099      -0.675978047932971     
   2.77508351883274       0.475682966701344       0.389594988805069     
   3.56796452421352      -0.321518208859019      -0.219774229690766     
   4.36084552959430       0.187518510308431       0.134821121391839     
   5.15372653497509      -9.479858363221748E-002 -9.151161793687104E-002
   5.94660754035587       3.788717238071059E-002  6.402366275447366E-002
   6.73948854573665      -6.145492333369354E-003 -4.229903300244382E-002
   7.53236955111743      -8.991913066917769E-003  2.402017024285163E-002
   8.32525055649822       1.346076552771227E-002 -9.448065222644426E-003
   9.11813156187900      -1.145635076715392E-002 -7.804217798470020E-004
   9.91101256725978       6.135462334070073E-003  6.384970167819275E-003
   10.7038935726406       3.556880156848637E-005 -7.608408809365602E-003
   11.4967745780213      -5.149576161790989E-003  5.184484893613004E-003
   12.2896555834021       7.820688147658426E-003 -2.336342519967814E-004
   13.0825365887829      -7.165703205116418E-003 -5.868978235961115E-003
   13.8754175941637       2.762144479158082E-003  1.163465444156683E-002
   14.6682985995445       5.444144978433414E-003 -1.560592530512400E-002
   15.4611796049253      -1.729932311413106E-002  1.651919384280129E-002
   16.2540606103060       3.266167859485000E-002 -1.353751531148411E-002
   17.0469416156868      -5.158705983891432E-002  6.644911407054910E-003
   17.8398226210676       7.420189718902200E-002  2.771811375976121E-003
   18.6327036264484      -9.985860254721667E-002 -1.150206317576125E-002
   19.4255846318292       0.125639953222966       1.520902358827050E-002
   20.2184656372100      -0.145654172884461      -1.099487487139057E-002
   21.0113466425907       0.153205185710496       3.953082704973854E-004
   21.8042276479715      -0.145258531388794       1.069963285864839E-002
   22.5971086533523       0.124893787797042      -1.623384110002948E-002
   23.3899896587331      -9.892616277484517E-002  1.423644561401561E-002
   24.1828706641139       7.345103402086625E-002 -7.081976579372481E-003
   24.9757516694946      -5.155704193709749E-002 -1.310734233218858E-003
   25.7686326748754       3.387533415302903E-002  7.973965982439627E-003
   26.5615136802562      -2.002652494762916E-002 -1.161744146749311E-002
   27.3543946856370       9.537374067397566E-003  1.222689976424439E-002
   28.1472756910178      -2.085154185042934E-003 -1.046019243591801E-002
   28.9401566963986      -2.575410597626393E-003  7.224345251044686E-003
   29.7330377017793       4.733401710154822E-003 -3.441900308539097E-003
   30.5259187071601      -4.792936968444562E-003 -7.367927436449737E-005
   31.3187997125409       3.285151215044094E-003  2.688965468076671E-003
   32.1116807179217      -8.375256982554498E-004 -3.990725400665466E-003
   32.9045617233025      -1.880972839921502E-003  3.801354430489629E-003
   33.6974427286833       4.223870328854067E-003 -2.170405638795954E-003
   34.4903237340640      -5.628800787296731E-003 -6.570917016043877E-004
   35.2832047394448       5.668821391574194E-003  4.293375518462289E-003
   36.0760857448256      -4.089735795832345E-003 -8.277707281977719E-003
   36.8689667502064       8.350559946223909E-004  1.215607651270034E-002
   37.6618477555872       3.934969564194231E-003 -1.555757068691124E-002
   38.4547287609680      -9.825448402249805E-003  1.824381839658515E-002
   39.2476097663487       1.620206616258878E-002 -2.010115994616630E-002
   40.0404907717295      -2.224080839930115E-002  2.106344857068273E-002
   40.8333717771103       2.708004450068277E-002 -2.101132750017698E-002
   41.6262527824911      -3.005846948650790E-002  1.975002217647424E-002
   42.4191337878719       3.091519113272585E-002 -1.713038722265307E-002
   43.2120147932526      -2.981004382588507E-002  1.323754250806177E-002
   44.0048957986334       2.715877936299550E-002 -8.480444805647957E-003
   44.7977768040142      -2.342684820539272E-002  3.499736590251393E-003
   45.5906578093950       1.901857397990610E-002  1.030177525235198E-003
   46.3835388147758      -1.427623507329552E-002 -4.574183492578553E-003
   47.1764198201566       9.520221782784062E-003  6.819263827349280E-003
   47.9693008255373      -5.070162337887636E-003 -7.679310860062183E-003
   48.7621818309181       1.232062251101896E-003  7.260126519278690E-003
   49.5550628362989       1.734898360698613E-003 -5.811619163016517E-003
   50.3479438416797      -3.653642971238806E-003  3.678030980838041E-003
   51.1408248470605       4.454410641826148E-003 -1.249002157426138E-003
   51.9337058524412      -4.184586664969723E-003 -1.087118919120515E-003
   52.7265868578220       3.002418438862215E-003  2.985424273957184E-003
   53.5194678632028      -1.156550405933059E-003 -4.179051217559534E-003
   54.3123488685836      -1.045144887630242E-003  4.503394884508476E-003
   55.1052298739644       3.273088764453146E-003 -3.908000949308273E-003
   55.8981108793452      -5.215133316012257E-003  2.455603743087851E-003
   56.6909918847259       6.612579864207864E-003 -3.093173458582794E-004
   57.4838728901067      -7.288659186587336E-003 -2.289671622989096E-003
   58.2767538954875       7.165673204729634E-003  5.050814923634715E-003
   59.0696349008683      -6.268161365780715E-003 -7.666371664428628E-003
   59.8625159062491       4.711634598479465E-003  9.844939818487287E-003
   60.6553969116299      -2.679736591393843E-003 -1.134476243334298E-002
   61.4482779170106       3.959177644373442E-004  1.200406923039563E-002
   62.2411589223914       1.903642541946045E-003 -1.176314780545636E-002
   63.0340399277722      -3.992318418214991E-003  1.067167327828874E-002
   63.8269209331530       5.671531627270095E-003 -8.877908657620674E-003
   64.6198019385338      -6.788042620745306E-003  6.602585046299817E-003
   65.4126829439146       7.250060150082281E-003 -4.104936480066150E-003
   66.2055639492953      -7.038793965603748E-003  1.648505949950590E-003
   66.9984449546761       6.211372854039226E-003  5.285896279286083E-004
   67.7913259600569      -4.893236373263761E-003 -2.237042810456661E-003
   68.5842069654377       3.261067174896038E-003  3.352684371559492E-003
   69.3770879708185      -1.519343931539323E-003 -3.825205273888437E-003
   70.1699689761992      -1.256775948311384E-004  3.678840685321608E-003
   70.9628499815800       1.490895353297719E-003 -3.005110209204014E-003
   71.7557309869608      -2.437134493558282E-003  1.948530606314351E-003
   72.5486119923416       2.883501617731782E-003 -6.870561518034225E-004
   73.3414929977224      -2.813986256933858E-003 -5.903672445986344E-004
   74.1343740031032       2.275959474392638E-003  1.706442496343541E-003
   74.9272550084840      -1.371178313865561E-003 -2.515715736445872E-003
   75.7201360138647       2.407471604709191E-004  2.920063996119752E-003
   76.5130170192455       9.538745197828777E-004 -2.877857423900737E-003
   77.3058980246263      -2.051361145475712E-003  2.405988531301390E-003
   78.0987790300071       2.909988679855617E-003 -1.574836192910631E-003
   78.8916600353879      -3.423805950135453E-003  4.970663874346825E-004
   79.6845410407687       3.533740115279085E-003  6.881286566467613E-004
   80.4774220461494      -3.232558493254703E-003 -1.833261700728571E-003
   81.2703030515302       2.563388741002724E-003  2.800936101412143E-003
   82.0631840569110      -1.612267993297762E-003 -3.480138540877053E-003
   82.8560650622918       4.958672360352529E-004  3.798545972110936E-003
   83.6489460676726       6.539403885074290E-004 -3.729538621091451E-003
   84.4418270730533      -1.706677392396557E-003  3.293330456842348E-003
   85.2347080784341       2.548955463439291E-003 -2.552373894419011E-003
   86.0275890838149      -3.097373166319364E-003  1.601872889907729E-003
   86.8204700891957       3.307144108154855E-003 -5.567800631202790E-004
   87.6133510945765      -3.175576519646934E-003 -4.629884330474385E-004
   88.4062320999573       2.740208191386439E-003  1.347243513546402E-003
   89.1991131053380      -2.072077411184471E-003 -2.008326500636737E-003
   89.9919941107188       1.265195062915777E-003  2.390530186877007E-003
   90.7848751160996      -4.237069056448788E-004 -2.475114192585454E-003
   91.5777561214804      -3.515463899304602E-004  2.280475761734744E-003
   92.3706371268612       9.753667906339579E-004 -1.857660481693129E-003
   93.1635181322419      -1.387941131425921E-003  1.281980017393688E-003
   93.9563991376227       1.560879399811414E-003 -6.419704859304901E-004
   94.7492801430035      -1.498944963951598E-003  2.721616252760785E-005
   95.5421611483843       1.237435114725369E-003  4.833538090917955E-004
   96.3350421537651      -8.357224648986029E-004 -8.312143874822002E-004
   97.1279231591459       3.679409890306883E-004  9.848669379450890E-004
   97.9208041645266       8.786500260530056E-005 -9.426069917654246E-004
   98.7136851699074      -4.606558570533210E-004  7.312296168835558E-004
   99.5065661752882       6.959429184747043E-004 -4.009939010007702E-004
   100.299447180669      -7.627582247757760E-004  1.764085866633143E-005
   101.092328186050       6.572135200932450E-004  3.473825285747081E-004
   101.885209191431      -4.022849632943967E-004 -6.271390385810868E-004
   102.678090196811       4.396312121046359E-005  7.684800407881918E-004
   103.470971202192       3.556227826665147E-004 -7.391656401492508E-004
   104.263852207573      -7.271234395854459E-004  5.319130932974082E-004
   105.056733212954       1.003718612708028E-003 -1.648821589116123E-004
   105.849614218334      -1.130429964914587E-003 -3.214095903318904E-004
   106.642495223715       1.071853648420407E-003  8.702512080467799E-004
   107.435376229096      -8.174347101967441E-004 -1.417024903922307E-003
   108.228257234477       3.837297081098740E-004  1.898264221380515E-003
   109.021138239858       1.866406556400497E-004 -2.259900681539985E-003
   109.814019245238      -8.295542910802116E-004  2.463222121535254E-003
   110.606900250619       1.467624163315028E-003 -2.487745516938150E-003
   111.399781256000      -2.021810012727088E-003  2.331453433874164E-003
   112.192662261381       2.424778065582868E-003 -2.009966272724311E-003
   112.985543266762      -2.632618040539256E-003  1.556004505076597E-003
   113.778424272142       2.631044682464831E-003 -1.018572992527221E-003
   114.571305277523      -2.434389432914804E-003  4.594262889704592E-004
   115.364186282904       2.079267716211604E-003  5.500378304578747E-005
   116.157067288285      -1.616640942694467E-003 -4.650016667831832E-004
   116.949948293665       1.104755289398041E-003  7.285405307041569E-004
   117.742829299046      -6.030825806931813E-004 -8.282923014815507E-004
   118.535710304427       1.663583148057619E-004  7.732746762997966E-004
   119.328591309808       1.615798579654640E-004 -5.957144515708237E-004
   120.121472315189      -3.534354254063134E-004  3.445337237837298E-004
   120.914353320569       4.024069360323937E-004 -7.688370857867778E-005
   121.707234325950      -3.234849794674346E-004 -1.510260485692014E-004
   122.500115331331       1.516615524140544E-004  2.926695762676853E-004
   123.292996336712       6.279330658669449E-005 -3.184715127847912E-004
   124.085877342092      -2.613332893187564E-004  2.207106996662018E-004
   124.878758347473       3.853926699121865E-004 -1.544136934370305E-005
   125.671639352854      -3.846488780566636E-004 -2.588274084527944E-004
   126.464520358235       2.239613287250012E-004  5.455723106350090E-004
   127.257401363616       1.122715219609081E-004 -7.773976500833729E-004
   128.050282368996      -6.193247303646714E-004  8.853829238836050E-004
   128.843163374377       1.275265331192207E-003 -8.103914806271436E-004
   129.636044379758      -2.046871456139447E-003  5.165038887559072E-004
   130.428925385139       2.894663832066800E-003 -6.302420697101906E-006
   131.221806390520      -3.770750379150525E-003 -6.656210341328639E-004
   132.014687395900       4.605232639848385E-003  1.391597120865591E-003
   132.807568401281      -5.289498112611500E-003 -2.036849450692998E-003
   133.600449406662       5.681761912999070E-003  2.493153347009656E-003
   134.393330412043      -5.655262821161342E-003 -2.728517944414515E-003
   135.186211417423       5.167892709347833E-003  2.787821540068493E-003
   135.979092422804      -4.296272268795961E-003 -2.739663054769002E-003
   136.771973428185       3.203434802289197E-003  2.619753601925346E-003
   137.564854433566      -2.071011859982812E-003 -2.418979126942428E-003
   138.357735438947       1.047126553573753E-003  2.112462380141491E-003
   139.150616444327      -2.290804756827261E-004 -1.693850953985674E-003
   139.943497449708      -3.324553092817916E-004  1.190587305152419E-003
   140.736378455089       6.251779275150357E-004 -6.594616583100285E-004
   141.529259460470      -6.696046705877211E-004  1.720126758127128E-004
   142.322140465850       5.150718382779005E-004  2.021567181321187E-004
   143.115021471231      -2.344438183597626E-004 -4.100960581925903E-004
   143.907902476612      -8.399497223982120E-005  4.266009063378038E-004
   144.700783481993       3.474016217255653E-004 -2.609319701016954E-004
   145.493664487374      -4.708771552908510E-004 -4.120311519476913E-005
   146.286545492754       3.899575143411964E-004  4.003625584985818E-004
   147.079426498135      -7.122059847376500E-005 -7.101945346901059E-004
   147.872307503516      -4.809439317103211E-004  8.471930852003511E-004
   148.665188508897       1.223498141560983E-003 -6.817710142842533E-004
   149.458069514277      -2.082340282879852E-003  8.925506071414107E-005
   150.250950519658       2.971192337294442E-003  1.038705895185370E-003
   151.043831525039      -3.823171658568460E-003 -2.777077848050443E-003
   151.836712530420       4.628176537900297E-003  5.133282409080027E-003
   152.629593535801      -5.450147588974064E-003 -7.987123217003615E-003
   153.422474541181       6.381357858217881E-003  1.102594627369260E-002
   154.215355546562      -7.418855676043942E-003 -1.374863142474467E-002
   155.008236551943       8.344005310166094E-003  1.561486655115908E-002
   155.801117557324      -8.753916791090038E-003 -1.629364690539431E-002
   156.593998562705       8.284375665978720E-003  1.581670813775732E-002
   157.386879568085      -6.851000224241187E-003 -1.449460569175058E-002
   158.179760573466       4.701643682135982E-003  1.268740520599493E-002
   158.972641578847      -2.271524786654916E-003 -1.063883872675887E-002
   159.765522584228      -5.432076816132975E-006  8.463755316663905E-003
   160.558403589608       1.808371811991731E-003 -6.223608350893035E-003
   161.351284594989      -2.954953199919158E-003  3.996152565578370E-003
   162.144165600370       3.384798382645903E-003 -1.900790517146667E-003
   162.937046605751      -3.135822602360218E-003  8.761098907355029E-005
   163.729927611132       2.324525868102142E-003  1.289912249041493E-003
   164.522808616512      -1.128676799435231E-003 -2.104228355927504E-003
   165.315689621893      -2.312015287846941E-004  2.277858560179537E-003
   166.108570627274       1.513111697945941E-003 -1.799287434957730E-003
   166.901451632655      -2.476944054397241E-003  7.292443165458195E-004
   167.694332638036       2.907861893204117E-003  8.031890211459094E-004
   168.487213643416      -2.637260455301212E-003 -2.614697539421799E-003
   169.280094648797       1.559486250338457E-003  4.491642190408186E-003
   170.072975654178       3.556678166971463E-004 -6.222456793467827E-003
   170.865856659559      -3.051836155105729E-003  7.634898075280805E-003
   171.658737664939       6.371566691550103E-003 -8.629082727132861E-003
   172.451618670320      -1.003792106331954E-002  9.189254239821990E-003
   173.244499675701       1.364740910177196E-002 -9.355172101009947E-003
   174.037380681082      -1.670877633080892E-002  9.154221180572636E-003
   174.830261686463       1.875407313851195E-002 -8.539123114895788E-003
   175.623142691843      -1.949004718413781E-002  7.399895021492750E-003
   176.416023697224       1.889485979289720E-002 -5.667280762594247E-003
   177.208904702605      -1.718694220482801E-002  3.429485790015315E-003
   178.001785707986       1.469852341290058E-002 -9.589975390957520E-004
   178.794666713366      -1.175641822805473E-002 -1.370775930337875E-003
   179.587547718747       8.635001508434364E-003  3.209879719999844E-003
   180.380428724128      -5.567201177102651E-003 -4.322313395594876E-003
   181.173309729509       2.766405008310505E-003  4.618999062546056E-003
   181.966190734890      -4.302753077036923E-004 -4.149310761260321E-003
   182.759071740270      -1.275084909402667E-003  3.073638681426849E-003
   183.551952745651       2.239469899651510E-003 -1.629792986477220E-003
   184.344833751032      -2.430418001838465E-003  9.758513758422599E-005
   185.137714756413       1.905935285984582E-003  1.237048678414593E-003
   185.930595761794      -8.153714585996351E-004 -2.116761933995800E-003
   186.723476767174      -6.116824163403710E-004  2.343753824985944E-003
   187.516357772555       2.086923022361712E-003 -1.803799101382221E-003
   188.309238777936      -3.292628946429262E-003  4.802249972771250E-004
   189.102119783317       3.915498799865053E-003  1.544738222793707E-003
   189.895000788697      -3.682016383630771E-003 -4.102787369612285E-003
   190.687881794078       2.393518895965427E-003  6.966333627902561E-003
   191.480762799459       3.898951835135253E-005 -9.885653418014971E-003
   192.273643804840      -3.559629258003416E-003  1.262696914728521E-002
   193.066524810221       7.936172456450332E-003 -1.499521852855082E-002
   193.859405815601      -1.274947572194249E-002  1.682516164351728E-002
   194.652286820982       1.743413663384741E-002 -1.794281127399265E-002
   195.445167826363      -2.139022979278919E-002  1.813415063338898E-002
   196.238048831744       2.413717304706258E-002 -1.717556638687846E-002
   197.030929837124      -2.542888006379075E-002  1.494002416170165E-002
   197.823810842505       2.526153078607383E-002 -1.151617547147336E-002
   198.616691847886      -2.378753726641255E-002  7.248966126153354E-003
   199.409572853267       2.121667163192988E-002 -2.669401034916061E-003
   200.202453858648      -1.777017975696369E-002 -1.637915981944109E-003
   200.995334864028       1.368967408076521E-002  5.157812103429381E-003
   201.788215869409      -9.262204782493705E-003 -7.520490460588435E-003
   202.581096874790       4.827869502652077E-003  8.532221963412042E-003
   203.373977880171      -7.602625288915654E-004 -8.177548411305965E-003
   204.166858885551      -2.572810924161797E-003  6.605799987307447E-003
   204.959739890932       4.855988549867744E-003 -4.107059036316070E-003
   205.752620896313      -5.869775329051488E-003  1.078745470813920E-003
   206.545501901694       5.523445510689881E-003  2.016197154512932E-003
   207.338382907075      -3.872965189754406E-003 -4.697095611449010E-003
   208.131263912455       1.121688994150296E-003  6.515405838521443E-003
   208.924144917836       2.396550616566274E-003 -7.101877359031851E-003
   209.717025923217      -6.250642066980016E-003  6.206288056102592E-003
   210.509906928598       9.958751952112859E-003 -3.725923354422225E-003
   211.302787933979      -1.304368913250452E-002 -2.793582965523985E-004
   212.095668939359       1.509069900814381E-002  5.585623281997494E-003
   212.888549944740      -1.579925092189527E-002 -1.181565348035425E-002
   213.681430950121       1.501888653810646E-002  1.846122388011605E-002
   214.474311955502      -1.276047715231925E-002 -2.491888943240944E-002
   215.267192960882       9.180784930476735E-003  3.054415364688159E-002
   216.060073966263      -4.549066090238673E-003 -3.472651148975207E-002
   216.852954971644      -7.876436143607422E-004  3.697712550823901E-002
   217.645835977025       6.427657677530911E-003 -3.700760327881119E-002
   218.438716982406      -1.192791804707827E-002  3.477505507605275E-002
   219.231597987786       1.682181003816661E-002 -3.048124406331780E-002
   220.024478993167      -2.065452212118601E-002  2.453297913485211E-002
   220.817359998548       2.303569098550600E-002 -1.748207905469885E-002
   221.610241003929      -2.369641469791739E-002  9.961157477233203E-003
   222.403122009309       2.253449680308205E-002 -2.622913141451248E-003
   223.196003014690      -1.963694342802073E-002 -3.915796953562294E-003
   223.988884020071       1.527633240815655E-002  9.125141859779282E-003
   224.781765025452      -9.883419765371449E-003 -1.260707449268533E-002
   225.574646030833       4.001354685718226E-003  1.413013370003060E-002
   226.367527036213       1.771969463351176E-003 -1.365027661385220E-002
   227.160408041594      -6.846625865286339E-003  1.131466775141125E-002
   227.953289046975       1.070177736621715E-002 -7.447178085666389E-003
   228.746170052356      -1.293907468990660E-002  2.516488861122019E-003
   229.539051057737       1.332311573703347E-002  2.910266141522439E-003
   230.331932063117      -1.180509754095989E-002 -8.223720452350501E-003
   231.124813068498       8.527483344669124E-003  1.283263597775582E-002
   231.917694073879      -3.809392877191597E-003 -1.622221031002779E-002
   232.710575079260      -1.885681184662827E-003  1.800435332582513E-002
   233.503456084640       7.996502165514160E-003 -1.795484535515547E-002
   234.296337090021      -1.392032487360367E-002  1.603374637516062E-002
   235.089218095402       1.907301734745693E-002 -1.238725704393700E-002
   235.882099100783      -2.294690202164877E-002  7.331181902532363E-003
   236.674980106164       2.516034034601277E-002 -1.317965974144913E-003
   237.467861111544      -2.549396663002422E-002 -5.109196907084642E-003
   238.260742116925       2.390998157718019E-002  1.137052606897716E-002
   239.053623122306      -2.055283199313598E-002 -1.690667699839934E-002
   239.846504127687       1.573164003248451E-002  2.123293784329990E-002
   240.639385133067      -9.886634594080608E-003 -2.398518475421164E-002
   241.432266138448       3.543390459563973E-003  2.495303467290563E-002
   242.225147143829       2.740216154374160E-003 -2.409700117602753E-002
   243.018028149210      -8.428840730798052E-003  2.154818098347887E-002
   243.810909154591       1.306076147295025E-002 -1.759086434735659E-002
   244.603790159971      -1.629020619505394E-002  1.263025049317043E-002
   245.396671165352       1.791689302067291E-002 -7.148959561202505E-003
   246.189552170733      -1.790015179295070E-002  1.657107068657191E-003
   246.982433176114       1.635662806863406E-002  3.358755920807370E-003
   247.775314181495      -1.354228184997095E-002 -7.482571845630523E-003
   248.568195186875       9.820997754412135E-003  1.040689793884956E-002
   249.361076192256      -5.623451351969587E-003 -1.195860005187901E-002
   250.153957197637       1.400788540303048E-003  1.210990098034452E-002
   250.946838203018       2.421919578738594E-003 -1.097415638048132E-002
   251.739719208398      -5.487616539705013E-003  8.787341942397556E-003
   252.532600213779       7.540407001343659E-003 -5.877697116021242E-003
   253.325481219160      -8.446787949158355E-003  2.627133245613578E-003
   254.118362224541       8.203205289609793E-003  5.712389957971383E-004
   254.911243229922      -6.929680578979880E-003 -3.354846683618713E-003
   255.704124235302       4.850733897887759E-003  5.428280359002894E-003
   256.497005240683      -2.266130873611365E-003 -6.591134298358468E-003
   257.289886246064      -4.850289242364420E-004  6.754460151943804E-003
   258.082767251445       3.062785896794200E-003 -5.944548610324814E-003
   258.875648256826      -5.163142389239509E-003  4.294162728300008E-003
   259.668529262206       6.549360819422600E-003 -2.022694468381923E-003
   260.461410267587      -7.074616279213074E-003 -5.921392053784152E-004
   261.254291272968       6.693942652395577E-003  3.247618657120274E-003
   262.047172278349      -5.464651937719699E-003 -5.650492831199222E-003
   262.840053283729       3.535679177619063E-003  7.548737393546239E-003
   263.632934289110      -1.127464371895644E-003 -8.757173817448354E-003
   264.425815294491      -1.495094298415546E-003  9.174341274230322E-003
   265.218696299872       4.053473384908460E-003 -8.789126880038144E-003
   266.011577305253      -6.286731068506489E-003  7.676942323776718E-003
   266.804458310633       7.979722450976523E-003 -5.986514799495319E-003
   267.597339316014      -8.985284823077784E-003  3.919433194500334E-003
   268.390220321395       9.237956400653762E-003 -1.705265923859997E-003
   269.183101326776      -8.757702674870631E-003 -4.247493895043692E-004
   269.975982332156       7.643354732509567E-003  2.262678383682286E-003
   270.768863337537      -6.056888978339024E-003 -3.645195449521783E-003
   271.561744342918       4.200990046203565E-003  4.469328711103620E-003
   272.354625348299      -2.293170806276706E-003 -4.701160808101202E-003
   273.147506353680       5.398797858134987E-004  4.376543854559138E-003
   273.940387359060       8.863928965664577E-004 -3.593707991682735E-003
   274.733268364441      -1.864714429286998E-003  2.498684851391955E-003
   275.526149369822       2.336492021143153E-003 -1.265475123858624E-003
   276.319030375203      -2.308679464327596E-003  7.358989470448930E-005
   277.111911380583       1.849414136966219E-003  9.141493736458401E-004
   277.904792385964      -1.076865376186380E-003 -1.570842390135286E-003
   278.697673391345       1.427951642524034E-004  1.819571689766735E-003
   279.490554396726       7.871014486878251E-004 -1.640821739406870E-003
   280.283435402107      -1.553685134205241E-003  1.072627283362574E-003
   281.076316407487       2.023269513730147E-003 -2.036859778218759E-004
   281.869197412868      -2.102777294232485E-003 -8.395379880058046E-004
   282.662078418249       1.749546928922967E-003  1.910049231819936E-003
   283.454959423630      -9.749296559866593E-004 -2.859779082326823E-003
   284.247840429011      -1.583242513615588E-004  3.558907568156974E-003
   285.040721434391       1.544066277309002E-003 -3.912621653109790E-003
   285.833602439772      -3.044732687206834E-003  3.872959760299723E-003
   286.626483445153       4.505806670974371E-003 -3.443700622519928E-003
   287.419364450534      -5.771730849851081E-003  2.677075747832260E-003
   288.212245455914       6.702917482833182E-003 -1.662765935199364E-003
   289.005126461295      -7.193455329818831E-003  5.120326471038114E-004
   289.798007466676       7.187568737449318E-003  6.583160817897712E-004
   290.590888472057      -6.690583117877446E-003 -1.737963665920378E-003
   291.383769477438       5.769572548108415E-003  2.630273469444140E-003
   292.176650482818      -4.541868700738603E-003 -3.257344911991204E-003
   292.969531488199       3.154650269228617E-003  3.566127141432421E-003
   293.762412493580      -1.761963520175468E-003 -3.535820547426491E-003
   294.555293498961       5.046662882482707E-004  3.183589243904331E-003
   295.348174504342       5.043367034221391E-004 -2.565100579457544E-003
   296.141055509722      -1.189641177358705E-003  1.768448091709980E-003
   296.933936515103       1.518380831803806E-003 -9.024970698901084E-004
   297.726817520484      -1.501082586267401E-003  8.209981709877566E-005
   298.519698525865       1.188355370443421E-003  5.871507387585473E-004
   299.312579531245      -6.635857989983341E-004 -1.022373741871953E-003
   300.105460536626       3.228545657806934E-005  1.173399835620482E-003
   300.898341542007       5.907637727706050E-004 -1.028262698189937E-003
   301.691222547388      -1.095077149568107E-003  6.137171036626873E-004
   302.484103552769       1.387150862357258E-003  9.113739889299180E-006
   303.276984558149      -1.400803524844444E-003 -7.533373363194133E-004
   304.069865563530       1.104077755141689E-003  1.518074344365567E-003
   304.862746568911      -5.021455331660754E-004 -2.202021723099475E-003
   305.655627574292      -3.636973456864843E-004  2.717129371512881E-003
   306.448508579672       1.420281721217100E-003 -3.000477584269387E-003
   307.241389585053      -2.569156394550486E-003  3.022224839156918E-003
   308.034270590434       3.695032633622374E-003 -2.787573285769582E-003
   308.827151595815      -4.676613398279652E-003  2.331703710880130E-003
   309.620032601196       5.400999772850086E-003 -1.709083412380841E-003
   310.412913606576      -5.781527056142752E-003  9.816447903972995E-004
   311.205794611957       5.775144124763019E-003 -2.113559828547217E-004
   311.998675617338      -5.392209506124191E-003 -5.406911119617440E-004
   312.791556622719       4.693195888062822E-003  1.212443684336936E-003
   313.584437628099      -3.773479727818357E-003 -1.742703016905155E-003
   314.377318633480       2.743460323199908E-003  2.079344566113915E-003
   315.170199638861      -1.711451880062618E-003 -2.190628179563025E-003
   315.963080644242       7.723161294235010E-004  2.073710863455491E-003
   316.755961649623      -7.215859185608162E-007 -1.756620814324181E-003
   317.548842655003      -5.530335578901635E-004  1.293609631441874E-003
   318.341723660384       8.655687190347749E-004 -7.560362647750851E-004
   319.134604665765      -9.411014383361096E-004  2.213299184803384E-004
   319.927485671146       8.096999802360543E-004  2.379246180194827E-004
   320.720366676527      -5.228814022982364E-004 -5.633442602186190E-004
   321.513247681907       1.468681477247698E-004  7.175818694299909E-004
   322.306128687288       2.457292278191202E-004 -6.880470897971768E-004
   323.099009692669      -5.847695429240260E-004  4.872819066732967E-004
   323.891890698050       8.108762844411340E-004 -1.501239543377819E-004
   324.684771703430      -8.821736861223836E-004 -2.718586222760455E-004
   325.477652708811       7.787118907681660E-004  7.178751698910076E-004
   326.270533714192      -5.041695732254486E-004 -1.126353393755852E-003
   327.063414719573       8.479445125974551E-005  1.443171341922044E-003
   327.856295724954       4.341380132588647E-004 -1.628513457740989E-003
   328.649176730334      -9.938877966947357E-004  1.661306601626952E-003
   329.442057735715       1.529363992071322E-003 -1.540553025602538E-003
   330.234938741096      -1.977346567871004E-003  1.283552291108266E-003
   331.027819746477       2.285163958153295E-003 -9.218652978200054E-004
   331.820700751857      -2.418573755732745E-003  4.964432841271848E-004
   332.613581757238       2.366987280821064E-003 -5.307391850977221E-005
   333.406462762619      -2.144385953248074E-003 -3.617297250165642E-004
   334.199343768000       1.785640086156864E-003  7.050881683420931E-004
   334.992224773381      -1.339627417957029E-003 -9.427585334564163E-004
   335.785105778761       8.612925234418370E-004  1.054064995470689E-003
   336.577986784142      -4.042793522354489E-004 -1.035281196884594E-003
   337.370867789523       1.482329253134422E-005  9.002626366165448E-004
   338.163748794904       2.729521474816170E-004 -6.780618174943151E-004
   338.956629800285      -4.402163942195392E-004  4.081207830914430E-004
   339.749510805665       4.848508771099620E-004 -1.340647731032971E-004
   340.542391811046      -4.208888062401181E-004 -1.028183509852503E-004
   341.335272816427       2.759652611126216E-004  2.694512980307190E-004
   342.128153821808      -8.705814484439010E-005 -3.454266863734360E-004
   342.921034827188      -1.049315886430886E-004  3.255208470225290E-004
   343.713915832569       2.610319686205751E-004 -2.199983263611086E-004
   344.506796837950      -3.496899196898886E-004  5.273043264295434E-005
   345.299677843331       3.511551308502196E-004  1.425694136882464E-004
   346.092558848712      -2.601678397386975E-004 -3.274519775098781E-004
   346.885439854092       8.659384859715800E-005  4.644709252379768E-004
   347.678320859473       1.460691360233248E-004 -5.227696856307918E-004
   348.471201864854      -4.040986873927437E-004  4.827583816269639E-004
   349.264082870235       6.483907708732447E-004 -3.392445979600879E-004
   350.056963875615      -8.400646055893000E-004  1.025812875069276E-004
   350.849844880996       9.460554680775540E-004  2.023526529419080E-004
   351.642725886377      -9.439365540193771E-004 -5.392442996010832E-004
   352.435606891758       8.253350869181255E-004  8.651340742589782E-004
   353.228487897139      -5.975088145176353E-004 -1.136266284495551E-003
   354.021368902519       2.828807687355760E-004  1.314187191835679E-003
   354.814249907900       8.343980748035058E-005 -1.371216368242511E-003
   355.607130913281      -4.578975575657897E-004  1.294512342160672E-003
   356.400011918662       7.940136389799221E-004 -1.088178829398900E-003
   357.192892924042      -1.048506539894525E-003  7.731472053587368E-004
   357.985773929423       1.187193866514701E-003 -3.848606160158742E-004
   358.778654934804      -1.189849113451435E-003 -3.095534641557775E-005
   359.571535940185       1.053315949086408E-003  4.239280071944301E-004
   360.364416945566      -7.924203520539172E-004 -7.453955078642575E-004
   361.157297950946       4.385205020375142E-004  9.546958243412074E-004
   361.950178956327      -3.584867205781779E-005 -1.024579922657107E-003
   362.743059961708      -3.639110711994768E-004  9.450310366989006E-004
   363.535940967089       7.081336096714767E-004 -7.249593296095959E-004
   364.328821972470      -9.500284361280911E-004  3.915038454742103E-004
   365.121702977850       1.054811330237688E-003  1.302262686775426E-005
   365.914583983231      -1.004467073797999E-003 -4.362051102526686E-004
   366.707464988612       8.004651855352274E-004  8.220070946768179E-004
   367.500345993993      -4.640411775757173E-004 -1.117859537829356E-003
   368.293226999373       3.395938302765795E-005  1.281463044089399E-003
   369.086108004754       4.380078793021382E-004 -1.286426367555555E-003
   369.878989010135      -8.933563895943807E-004  1.125995326740195E-003
   370.671870015516       1.274121578793762E-003 -8.143556397985437E-004
   371.464751020897      -1.530245892523064E-003  3.852939910436718E-004
   372.257632026277       1.626111708929567E-003  1.116637188067769E-004
   373.050513031658      -1.545393268099082E-003 -6.171931992272758E-004
   373.843394037039       1.293571850155911E-003  1.069476467542637E-003
   374.636275042420      -8.977373308029536E-004 -1.411972787858197E-003
   375.429156047801       4.036355811328293E-004  1.600686929399981E-003
   376.222037053181       1.297264543465154E-004 -1.610012522312617E-003
   377.014918058562      -6.372852166549698E-004  1.436386859949447E-003
   377.807799063943       1.056057035268263E-003 -1.099247459848708E-003
   378.600680069324      -1.333194129080033E-003  6.391037808172221E-004
   379.393561074704       1.432939327059984E-003 -1.128936121214083E-004
   380.186442080085      -1.341577920923810E-003 -4.128606032965128E-004
   380.979323085466       1.069717560675094E-003  8.702897273193317E-004
   381.772204090847      -6.515461676699849E-004 -1.198808169766393E-003
   382.565085096228       1.410864572933736E-004  1.353059809326071E-003
   383.357966101608       3.941599755190138E-004 -1.309161826802276E-003
   384.150847106989      -8.814517194295013E-004  1.068416088732778E-003
   384.943728112370       1.251950273652737E-003 -6.579527813050132E-004
   385.736609117751      -1.449649914793698E-003  1.281392708774182E-004
   386.529490123131       1.438975832880509E-003  4.530153226316095E-004
   387.322371128512      -1.210067335187059E-003 -1.007850957013695E-003
   388.115252133893       7.810229875832267E-004  1.458521661122906E-003
   388.908133139274      -1.967398444194004E-004 -1.736806887607622E-003
   389.701014144655      -4.756120644474899E-004  1.793068297233720E-003
   390.493895150035       1.154024964959998E-003 -1.603223280816837E-003
   391.286776155416      -1.751175033937040E-003  1.172818587894954E-003
   392.079657160797       2.184930574980389E-003 -5.376166638109211E-004
   392.872538166178      -2.388597074419025E-003 -2.394837175836821E-004
   393.665419171558       2.319647903492666E-003  1.074930174875039E-003
   394.458300176939      -1.965839228974629E-003 -1.873720823176433E-003
   395.251181182320       1.347894287302592E-003  2.540300757981493E-003
   396.044062187701      -5.183342540506959E-004 -2.989890999454770E-003
   396.836943193082      -4.435142322793827E-004  3.158905280479261E-003
   397.629824198462       1.439844530433463E-003 -3.013184479026682E-003
   398.422705203843      -2.365125983023361E-003  2.553006149773899E-003
   399.215586209224       3.118075388727024E-003 -1.814183556791032E-003
   400.008467214605      -3.613456164232710E-003  8.650156021821338E-004
   400.801348219986       3.792308220014802E-003  2.006640731784001E-004
   401.594229225366      -3.629369416232012E-003 -1.273619509974572E-003
   402.387110230747       3.136756488469955E-003  2.241407718759713E-003
   403.179991236128      -2.363393036933164E-003 -3.001241123882155E-003
   403.972872241509       1.390155668552291E-003  3.472006267169921E-003
   404.765753246890      -3.212033039132443E-004 -3.603996154982192E-003
   405.558634252270      -7.275929135350069E-004  3.385162059337131E-003
   406.351515257651       1.641839330151219E-003 -2.843088398204302E-003
   407.144396263032      -2.321921766661973E-003  2.042389046033101E-003
   407.937277268413       2.694855810018034E-003 -1.077753134171190E-003
   408.730158273793      -2.723253879948462E-003  6.337318567539512E-005
   409.523039279174       2.410290242692413E-003  8.800845255943116E-004
   410.315920284555      -1.800001538912189E-003 -1.639503521158864E-003
   411.108801289936       9.728035870569978E-004  2.122726136254781E-003
   411.901682295317      -3.666884935019278E-005 -2.269776742482816E-003
   412.694563300697      -8.850735338958879E-004  2.060549066407385E-003
   413.487444306078       1.667941835712935E-003 -1.517991861197702E-003
   414.280325311459      -2.200879578688226E-003  7.063324888331239E-004
   415.073206316840       2.399505748586119E-003  2.755542246546614E-004
   415.866087322220      -2.216462880282483E-003 -1.304961290930821E-003
   416.658968327601       1.647603448614180E-003  2.249187152329509E-003
   417.451849332982      -7.332277568174771E-004 -2.980873045532993E-003
   418.244730338363      -4.458304126234297E-004  3.393128963532774E-003
   419.037611343744       1.776841856495770E-003 -3.412736261232417E-003
   419.830492349124      -3.127507419894923E-003  3.009887188465592E-003
   420.623373354505       4.360441360511691E-003 -2.203225130908950E-003
   421.416254359886      -5.348014353793821E-003  1.059338590698745E-003
   422.209135365267       5.985824197011869E-003  3.136654662699461E-004
   423.002016370648      -6.203499039873181E-003 -1.778246511245468E-003
   423.794897376028       5.972182145753287E-003  3.183998278295993E-003
   424.587778381409      -5.308503176168422E-003 -4.386402975171327E-003
   425.380659386790       4.274743719281745E-003  5.264615466804522E-003
   426.173540392171      -2.974408452265664E-003 -5.735225053196322E-003
   426.966421397551       1.542310134197666E-003  5.760248590864021E-003
   427.759302402932      -1.292658985587889E-004 -5.349371634886265E-003
   428.552183408313      -1.116730588274832E-003  4.557493478980116E-003
   429.345064413694       2.069630964727643E-003 -3.478521212266079E-003
   430.137945419075      -2.641419774487337E-003  2.235776302980558E-003
   430.930826424455       2.792820951876020E-003 -9.692258018764927E-004
   431.723707429836      -2.537549501211679E-003 -1.797456444698788E-004
   432.516588435217       1.940038460905475E-003  1.084563028625757E-003
   433.309469440598      -1.107233730583748E-003 -1.648728598350391E-003
   434.102350445978       1.755302625466891E-004  1.818117432043716E-003
   434.895231451359       7.056641730432435E-004 -1.588629451160751E-003
   435.688112456740      -1.391910806609064E-003  1.008121649625284E-003
   436.480993462121       1.761235635785554E-003 -1.722630310406560E-004
   437.273874467502      -1.729097164754750E-003 -7.853069919345050E-004
   438.066755472882       1.258992366779039E-003  1.707467409220859E-003
   438.859636478263      -3.672835774011350E-004 -2.431188704589478E-003
   439.652517483644      -8.785738105554198E-004  2.806350048389313E-003
   440.445398489025       2.368460063954475E-003 -2.713981592999340E-003
   441.238279494405      -3.963774273843790E-003  2.082427173529724E-003
   442.031160499786       5.515248945932509E-003 -9.003536254630440E-004
   442.824041505167      -6.880857167585660E-003 -7.743890204633718E-004
   443.616922510548       7.939281556890426E-003  2.811980904510104E-003
   444.409803515929      -8.595360194403259E-003 -5.017816942356736E-003
   445.202684521309       8.778336710837069E-003  7.154612283303675E-003
   445.995565526690      -8.440253043094165E-003 -8.980652187268135E-003
   446.788446532071       7.564173823396692E-003  1.029557732121764E-002
   447.581327537452      -6.184015301073294E-003 -1.097597626039189E-002
   448.374208542832       4.403818421545103E-003  1.098581029134238E-002
   449.167089548213      -2.398723660279492E-003 -1.036239121230450E-002
   449.959970553594       3.903845277044311E-004  9.193075649366611E-003
   450.752851558975       1.393916183741485E-003 -7.597742159204171E-003
   451.545732564356      -2.761850094057015E-003  5.720750673571709E-003
   452.338613569736       3.584615102836127E-003 -3.726472877414547E-003
   453.131494575117      -3.810609042933225E-003  1.791380058076988E-003
   453.924375580498       3.466677384119378E-003 -9.005287788615198E-005
   454.717256585879      -2.650368847595757E-003 -1.223125996253115E-003
   455.510137591260       1.515709143241129E-003  2.032858815855639E-003
   456.303018596640      -2.542272171623132E-004 -2.278720716831495E-003
   457.095899602021      -9.271263484929321E-004  1.965149041292246E-003
   457.888780607402       1.829221338967542E-003 -1.164106447348341E-003
   458.681661612783      -2.282875284863287E-003  9.983104679504189E-006
   459.474542618163       2.167470805564279E-003  1.312754108196427E-003
   460.267423623544      -1.423833688560227E-003 -2.587912023317707E-003
   461.060304628925       5.960847417568207E-005  3.590200304511816E-003
   461.853185634306       1.853830337102069E-003 -4.110324038073462E-003
   462.646066639687      -4.192618176144187E-003  3.981014191909773E-003
   463.438947645067       6.797495012823769E-003 -3.102842715045284E-003
   464.231828650448      -9.491777901502246E-003  1.468211278787276E-003
   465.024709655829       1.209303747025442E-002  8.207640132434774E-004
   465.817590661210      -1.441282247794147E-002 -3.549806127232226E-003
   466.610471666591       1.624758095566943E-002  6.418087140216764E-003
   467.403352671971      -1.737753148640514E-002 -9.097381199277478E-003
   468.196233677352       1.759512752563244E-002  1.130905426052971E-002
   468.989114682733      -1.676681480490518E-002 -1.288234040701208E-002
   469.781995688114       1.489937309712675E-002  1.376220791521957E-002
   470.574876693494      -1.216758312666483E-002 -1.396981141984435E-002
   471.367757698875       8.882757051438255E-003  1.355179800842588E-002
   472.160638704256      -5.420616605929524E-003 -1.255453340420508E-002
   472.953519709637       2.145696465554353E-003  1.103109161716210E-002
   473.746400715018       6.415936396148224E-004 -9.063617223316570E-003
   474.539281720398      -2.730656247649523E-003  6.779673261988042E-003
   475.332162725779       4.007335599060910E-003 -4.352071429889607E-003
   476.125043731160      -4.450577827090735E-003  1.983311408492993E-003
   476.917924736541       4.123905409090396E-003  1.187559883210436E-004
   477.710805741921      -3.162872220472303E-003 -1.767167211429071E-003
   478.503686747302       1.758426934976789E-003  2.818935938380636E-003
   479.296567752683      -1.364893532334922E-004 -3.191864289160091E-003
   480.089448758064      -1.465082471110632E-003  2.873400839277266E-003
   480.882329763445       2.820255866536143E-003 -1.920958280400318E-003
   481.675210768825      -3.737153504165870E-003  4.540125662062402E-004
   482.468091774206       4.076928258202737E-003  1.360851374775400E-003
   483.260972779587      -3.767632953306782E-003 -3.329956416050552E-003
   484.053853784968       2.812125870484817E-003  5.254806625647679E-003
   484.846734790349      -1.289426841164509E-003 -6.953116130037073E-003
   485.639615795729      -6.512483869520460E-004  8.274923329535900E-003
   486.432496801110       2.805202336829324E-003 -9.111250160030462E-003
   487.225377806491      -4.937146015567996E-003  9.395756912856242E-003
   488.018258811872       6.815189633219941E-003 -9.103661731855374E-003
   488.811139817252      -8.247494144076909E-003  8.253548182855223E-003
   489.604020822633       9.110490768055547E-003 -6.913620906630792E-003
   490.396901828014      -9.359211522207030E-003  5.206572974804944E-003
   491.189782833395       9.019090295619338E-003 -3.303673479687989E-003
   491.982663838776      -8.167768967080701E-003  1.403646185415025E-003
   492.775544844156       6.917264263634564E-003  2.986485445286256E-004
   493.568425849537      -5.401270155695319E-003 -1.643140092019872E-003
   494.361306854918       3.765923485296196E-003  2.526248106046836E-003
   495.154187860299      -2.160203535110753E-003 -2.910155045339601E-003
   495.947068865680       7.240091025813520E-004  2.821046426331140E-003
   496.739949871060       4.252241145550083E-004 -2.339436699280985E-003
   497.532830876441      -1.204920987232315E-003  1.585502961875118E-003
   498.325711881822       1.576280307532743E-003 -7.017000450980160E-004
   499.118592887203      -1.548023984814558E-003 -1.654666232934811E-004
   499.911473892583       1.174350609274909E-003  8.827699016085561E-004
   500.704354897964      -5.474074743447772E-004 -1.345046797227318E-003
   501.497235903345      -2.146707004583202E-004  1.486019655382367E-003
   502.290116908726       9.826054542754611E-004 -1.284134755215488E-003
   503.082997914107      -1.631877437034353E-003  7.629573205310704E-004
   503.875878919487       2.057811374989992E-003  1.369512677589359E-005
   504.668759924868      -2.188099864979585E-003 -9.510568740527470E-004
   505.461640930249       1.991294209951175E-003  1.935795211914418E-003
   506.254521935630      -1.480159296231778E-003 -2.849803529207351E-003
   507.047402941010       7.092772091451723E-004  3.583777121571838E-003
   507.840283946391       2.330092419885678E-004 -4.049309639017619E-003
   508.633164951772      -1.237238559591285E-003  4.188711903171990E-003
   509.426045957153       2.187940045061231E-003 -3.981944358749232E-003
   510.218926962534      -2.978530967822991E-003  3.449833528186368E-003
   511.011807967914       3.523696333068202E-003 -2.652510814875182E-003
   511.804688973295      -3.768065713907794E-003  1.682407863191929E-003
   512.597569978676       3.691079824820339E-003 -6.523167138095874E-004
   513.390450984057      -3.308347369196815E-003 -3.196321649518362E-004
   514.183331989437       2.669625968146947E-003  1.125492547411300E-003
   514.976212994818      -1.853383597503561E-003 -1.681095011521890E-003
   515.769094000199       9.581006069821554E-004  1.935985000417451E-003
   516.561975005580      -9.100138793148154E-005 -1.878783335761414E-003
