  1.132797261239660E-010
 -1.281719972103856E-009
 -2.597601541663010E-009
   1.09828908347261     
 -2.513618790213726E-010
   24.0636384976191     
 -4.804345229647111E-009
   11.3482810845764     
  -5.18824835273869     
 -3.946396548031951E-010
   4.18812562508029     
 -5.443634423905152E-011
   15.8401017147177     
  1.906396021086901E-011
 -5.075282553890288E-011
  -11.9003777276074     
 -7.255666995085142E-011
   6.93163066794342     
   2.28150784014659     
  6.571992392842868E-011
  0.712193810136230     
  -7.72807279779420     
   4.73622525550285     
  -5.33997867312775     
   4.83419834705003     
   4.07369410447838     
  -10.0661182724804     
 -1.790504171099647E-010
  -2.00876315766906     
  -16.2256572746288     
  -7.63011047979542     
  -2.84902674235119     
   4.11413729252288     
 -0.498965851077488     
  5.315148388380425E-012
 -0.350488328783359     
 -0.130883039371644     
 -8.790597491256921E-003
  0.283585569464944     
