   3.24153528567438     
  0.943620016011886     
  8.418910113997836E-002
   6.78602760863386     
  0.896870701631010     
   11.9231055163657     
  -12.0088382938417     
   2.07921606217117     
   7.83425677545166     
  -9.42518739643348     
  0.151216205259685     
  -4.82244754161157     
  0.797874454458614     
  0.848591341534614     
  -8.12191375468780     
   2.70108888576563     
  6.718724818958507E-002
   6.13756814646768     
 -0.119048216757610     
  9.957145153948474E-002
  -7.32850103670806     
   5.43422976428454     
   6.70143742762569     
  -4.12900859765931     
  0.823918035316310     
  2.512110840381776E-002
   4.02628149386502     
   4.17739630582468     
   14.3492779305278     
  -9.53590450724709     
   11.2986671254185     
 -0.729743351787724     
   7.62568073181229     
 -0.180242161377465     
 -4.715088874015347E-004
  3.665825211720308E-003
 -0.634183656213609     
 -0.891979287957813     
  0.282432896765428     
