  0.396440502690391       0.793584462225269       -1.14907856839594     
   1.18932150807117       -1.24037733829241      -0.319832783609556     
   1.98220251345196       7.635802102165834E-002   1.08030649462522     
   2.77508351883274       0.801087644603235      -0.289726965780532     
   3.56796452421352      -0.336934074798244      -0.534234462605556     
   4.36084552959430      -0.341034626956035       0.291290445965496     
   5.15372653497509       0.216843649194171       0.222156754070214     
   5.94660754035587       0.154628171378680      -0.146942186054879     
   6.73948854573665      -9.185948788487906E-002 -0.116175205021797     
   7.53236955111743      -9.233536822885885E-002  5.126651831999878E-002
   8.32525055649822       2.189021638006709E-002  7.533075266622456E-002
   9.11813156187900       6.137824285316855E-002 -5.543568442066202E-004
   9.91101256725978       1.509400828061899E-002 -4.871578937143393E-002
   10.7038935726406      -3.651193688163808E-002 -2.665228909920174E-002
   11.4967745780213      -3.519080488437590E-002  2.433418180208365E-002
   12.2896555834021       1.190287691450056E-002  4.145711937463160E-002
   13.0825365887829       4.603303336821824E-002  1.020005477888791E-003
   13.8754175941637       1.467233018447803E-002 -4.946303149542776E-002
   14.6682985995445      -5.237341609636966E-002 -2.927695158009522E-002
   15.4611796049253      -4.495144115744674E-002  5.558071454031845E-002
   16.2540606103060       6.014356055973756E-002  6.151250057870059E-002
   17.0469416156868       7.818574292651298E-002 -6.725087208542091E-002
   17.8398226210676      -7.781906411966701E-002 -9.335728646671723E-002
   18.6327036264484      -0.104666769873253       9.180962603917056E-002
   19.4255846318292       0.107617226431508       0.109725893174484     
   20.2184656372100       0.107322822208994      -0.122145393666835     
   21.0113466425907      -0.131892253801134      -9.835522540720466E-002
   21.8042276479715      -8.566215608299793E-002  0.134511511680066     
   22.5971086533523       0.129761233827715       7.274850632549987E-002
   23.3899896587331       6.232121012350977E-002 -0.119239654224271     
   24.1828706641139      -0.105314950571079      -5.556903993631016E-002
   24.9757516694946      -5.234706126387481E-002  9.009946241129126E-002
   25.7686326748754       7.496393398551948E-002  5.179949634602127E-002
   26.5615136802562       5.292577530908027E-002 -6.054885714077757E-002
   27.3543946856370      -4.699807147202221E-002 -5.488932590868043E-002
   28.1472756910178      -5.710621088519086E-002  3.419761077042992E-002
   28.9401566963986       2.193614571298466E-002  5.922116948967574E-002
   29.7330377017793       6.105278695270139E-002 -9.988521022263698E-003
   30.5259187071601       1.848796918423710E-003 -6.254672682715828E-002
   31.3187997125409      -6.374766016893195E-002 -1.374305628856549E-002
   32.1116807179217      -2.581228619027480E-002  6.478706673560693E-002
   32.9045617233025       6.587766709412504E-002  3.810208665522891E-002
   33.6974427286833       5.054663780893866E-002 -6.730020547619683E-002
   34.4903237340640      -6.936394764404219E-002 -6.291836441972423E-002
   35.2832047394448      -7.478689045801931E-002  7.232372609777046E-002
   36.0760857448256       7.625285949499450E-002  8.552603708949176E-002
   36.8689667502064       9.441128564907880E-002 -8.090714757524053E-002
   37.6618477555872      -8.565477765522476E-002 -0.100817797825349     
   38.4547287609680      -0.104460002779895       8.955097227487935E-002
   39.2476097663487       9.157234629389473E-002  0.105552368491603     
   40.0404907717295       0.104784114369801      -9.092009425865319E-002
   40.8333717771103      -8.723934497354820E-002 -0.103103797864800     
   41.6262527824911      -0.101427353275590       8.064881273465030E-002
   42.4191337878719       7.159457193614276E-002  0.100416562732284     
   43.2120147932526       0.100406886639154      -6.063284953590969E-002
   44.0048957986334      -4.824952878268178E-002 -0.101466580734091     
   44.7977768040142      -0.103517984434556       3.476572844460055E-002
   45.5906578093950       2.032109806079952E-002  0.106460004645855     
   46.3835388147758       0.110265630820561      -4.903149894068828E-003
   47.1764198201566       1.160189727601295E-002 -0.115057333869513     
   47.9693008255373      -0.121174305549307      -2.934105969663921E-002
   48.7621818309181      -4.839250867472919E-002  0.129239411612372     
   49.5550628362989       0.140211215233930       6.859710850807998E-002
   50.3479438416797       8.929190894188374E-002 -0.155364815978317     
   51.1408248470605      -0.176089636714663      -0.108955552866302     
   51.9337058524412      -0.124890044929253       0.203361681641090     
   52.7265868578220       0.236835996507706       0.133242029946686     
   53.5194678632028       0.129774268428212      -0.273810929202191     
   54.3123488685836      -0.308761198027376      -0.111561408740511     
   55.1052298739644      -7.905665899848764E-002  0.334290703993637     
   55.8981108793452       0.343685695625664       3.719143376980057E-002
   56.6909918847259      -5.714638130622757E-003 -0.333913610779584     
   57.4838728901067      -0.307122986075548       4.103893855210501E-002
   58.2767538954875       6.312765263690751E-002  0.269550864360661     
   59.0696349008683       0.228642022394711      -7.078733341241975E-002
   59.8625159062491      -6.649533204940816E-002 -0.190302277494591     
   60.6553969116299      -0.157652464212500       5.438905402791721E-002
   61.4482779170106       3.844008954960167E-002  0.131308194762737     
   62.2411589223914       0.110382539517570      -2.152381651916244E-002
   63.0340399277722      -5.304874967785179E-003 -9.344543182737913E-002
   63.8269209331530      -7.910921457322308E-002 -9.468911921325165E-003
   64.6198019385338      -2.260470620451028E-002  6.625938391214094E-002
   65.4126829439146       5.407421747259374E-002  3.419232965254942E-002
   66.2055639492953       4.444800705027774E-002 -4.195941308761487E-002
   66.9984449546761      -2.946908004794649E-002 -5.364876367628983E-002
   67.7913259600569      -6.212706226686364E-002  1.624366839260662E-002
   68.5842069654377       1.978015095266416E-003  7.030544332263919E-002
   69.3770879708185       7.875844738153474E-002  1.356732404611092E-002
   70.1699689761992       3.048959325990049E-002 -8.828424046796290E-002
   70.9628499815800      -9.994413035592785E-002 -4.857567109652995E-002
   71.7557309869608      -6.703825779035433E-002  0.114985540848917     
   72.5486119923416       0.134531529401693       8.423186033466536E-002
   73.3414929977224       9.755879473671214E-002 -0.158970287666905     
   74.1343740031032      -0.187187411197963      -0.103867327546490     
   74.9272550084840      -0.100499388382112       0.216094993905495     
   75.7201360138647       0.241029066854639       8.667520964439868E-002
   76.5130170192455       6.440433942851780E-002 -0.257184607988624     
   77.3058980246263      -0.261469927699743      -3.815817369819341E-002
   78.0987790300071      -1.331129431889843E-002  0.253690989967703     
   78.8916600353879       0.236372861812971      -5.761389864209113E-003
   79.6845410407687      -1.687536218762131E-002 -0.213468657533302     
   80.4774220461494      -0.188836146746584       2.008406323541234E-002
   81.2703030515302       1.691228098698155E-002  0.165245013836430     
   82.0631840569110       0.144128656209445      -9.404336415820974E-003
   82.8560650622918       5.656071832484053E-004 -0.125849787099860     
   83.6489460676726      -0.110135868204414      -1.160447267681929E-002
   84.4418270730533      -2.283040584789302E-002  9.645327481214140E-002
   85.2347080784341       8.424244913299114E-002  3.377001894756421E-002
   86.0275890838149       4.422920485187506E-002 -7.303114435061681E-002
   86.8204700891957      -6.247272432557356E-002 -5.418670221750509E-002
   87.6133510945765      -6.372034102712988E-002  5.235074887928269E-002
   88.4062320999573       4.257511094064712E-002  7.295731526803047E-002
   89.1991131053380       8.203407800203040E-002 -3.318007231489705E-002
   89.9919941107188      -2.432242937548819E-002 -9.105228262729304E-002
   90.7848751160996      -0.100023159025458       1.626794561807822E-002
   91.5777561214804       9.348041797264173E-003  0.108805249021624     
   92.3706371268612       0.117058472681202      -3.873057750108117E-003
   93.1635181322419      -9.740441111433240E-006 -0.124251354632316     
   93.9563991376227      -0.129750542330448      -2.335928384351569E-003
   94.7492801430035      -3.567652311012449E-003  0.132983039057673     
   95.5421611483843       0.133610328730655       4.334770643443923E-003
   96.3350421537651       5.369044121840281E-003 -0.131631539096628     
   97.1279231591459      -0.127366122220049      -7.294584096485975E-003
   97.9208041645266      -1.049499825837883E-002  0.121333340809252     
   98.7136851699074       0.114094923674644       1.508072326628091E-002
   99.5065661752882       2.094280748736957E-002 -0.106128194185755     
   100.299447180669      -9.776238407138442E-002 -2.784706630683581E-002
   101.092328186050      -3.552464711450025E-002  8.917345490869008E-002
   101.885209191431       8.041375089565683E-002  4.373592300054801E-002
   102.678090196811       5.230509224872730E-002 -7.145284076279082E-002
   103.470971202192      -6.221521069050236E-002 -6.113387920667082E-002
   104.263852207573      -7.020490504040573E-002  5.261030730581835E-002
   105.056733212954       4.255714032791705E-002  7.958268003960228E-002
   105.849614218334       8.941589376294420E-002 -3.200925255722473E-002
   106.642495223715      -2.098739592443673E-002 -9.993975244323480E-002
   107.435376229096      -0.111471056408089       9.626890779037597E-003
   108.228257234477      -1.757325985189281E-003  0.124381022504436     
   109.021138239858       0.139023299184106       1.259617211931485E-002
   109.814019245238       2.201230000718152E-002 -0.155594180806012     
   110.606900250619      -0.173921881816337      -2.884456679508052E-002
   111.399781256000      -3.182383512921587E-002  0.193233548428071     
   112.192662261381       0.212021275459499       2.993694111718107E-002
   112.985543266762       2.290539730747868E-002 -0.228166689032442     
   113.778424272142      -0.239409460868614      -1.156358644743970E-002
   114.571305277523       2.127993602445321E-003  0.244043497110026     
   115.364186282904       0.241520828326286      -1.554827694414047E-002
   116.157067288285      -2.618392444989760E-002 -0.232631842617247     
   116.949948293665      -0.219167576886225       3.232305335356300E-002
   117.742829299046       3.336065979007684E-002  0.203274998218465     
   118.535710304427       0.186846336647874      -2.966383817708229E-002
   119.328591309808      -2.217845542467042E-002 -0.171176386868044     
   120.121472315189      -0.156917191811856       1.201547281694771E-002
   120.914353320569       1.653596740689364E-004  0.144220751667931     
   121.707234325950       0.132937818539174       1.263088327370665E-002
   122.500115331331       2.589718580285430E-002 -0.122788374862267     
   123.292996336712      -0.113475679864169      -3.938216007436066E-002
   124.085877342092      -5.300518088673253E-002  0.104750543166127     
   124.878758347473       9.644469252305482E-002  6.680948006209790E-002
   125.671639352854       8.092709907899365E-002 -8.849155846660810E-002
   126.464520358235      -8.094788332664749E-002 -9.555111497478182E-002
   127.257401363616      -0.110904705286742       7.402382208362901E-002
   128.050282368996       6.812218133298342E-002  0.127191917753233     
   128.843163374377       0.144511656383443      -6.387639233501949E-002
   129.636044379758      -6.215906930230038E-002 -0.162718959971704     
   130.428925385139      -0.181235871049617       6.401066960796725E-002
   131.221806390520       7.042524960635155E-002  0.198858760206313     
   132.014687395900       0.213676308390824      -8.195849694160551E-002
   132.807568401281      -9.822371335167931E-002 -0.223261209681802     
   133.600449406662      -0.225247456726550       0.117497785278288     
   134.393330412043       0.136758206761957       0.218196114599413     
   135.186211417423       0.202369533552950      -0.152350301056813     
   135.979092422804      -0.161112185663193      -0.179925822446676     
   136.771973428185      -0.154311202030640       0.161414228730880     
   137.564854433566       0.153556003661264       0.129130725898007     
   138.357735438947       0.107098792651249      -0.139370136815662     
   139.150616444327      -0.121362943815393      -8.954265541163176E-002
   139.943497449708      -7.651966165660606E-002  0.101891228983991     
   140.736378455089       8.269100897328516E-002  6.728297278390069E-002
   141.529259460470       6.077769963490642E-002 -6.478398552564348E-002
   142.322140465850      -4.861533351137176E-002 -5.598452961698283E-002
   143.115021471231      -5.208143832419096E-002  3.426119584928821E-002
   143.907902476612       2.160830905621426E-002  4.847570593103347E-002
   144.700783481993       4.477105217049959E-002 -1.047404618813550E-002
   145.493664487374      -6.724123722446525E-004 -4.071538661628034E-002
   146.286545492754      -3.615190060918856E-002 -7.956753836129458E-003
   147.079426498135      -1.553953342190374E-002  3.098092827820672E-002
   147.872307503516       2.513251958213713E-002  2.217004585393214E-002
   148.665188508897       2.791718597861608E-002 -1.854712936005709E-002
   149.458069514277      -1.116167924897924E-002 -3.283358452316287E-002
   150.250950519658      -3.696645738145847E-002  2.899057285791335E-003
   151.043831525039      -6.339674531129408E-003  4.037118062126851E-002
   151.836712530420       4.312890075928237E-002  1.667958578239013E-002
   152.629593535801       2.827011555206608E-002 -4.536910452534959E-002
   153.422474541181      -4.729638869072092E-002 -4.127286174683567E-002
   154.215355546562      -5.583364371348148E-002  4.921731201355663E-002
   155.008236551943       5.155855169799507E-002  7.203507223154115E-002
   155.801117557324       8.983114370041274E-002 -5.486344839056129E-002
   156.593998562705      -5.975351540193427E-002 -0.108974170242974     
   157.386879568085      -0.128953703598598       6.684728632762686E-002
   158.179760573466       7.664082079446700E-002  0.148972293423010     
   158.972641578847       0.167980419897211      -8.936864619645782E-002
   159.765522584228      -0.104876114389377      -0.184782578293910     
   160.558403589608      -0.198210254978828       0.122540915354277     
   161.351284594989       0.141280619742793       0.207337061241302     
   162.144165600370       0.211688929603488      -0.159670613844509     
   162.937046605751      -0.176168131263724      -0.211385958762662     
   163.729927611132      -0.207156716164043       0.189396586273294     
   164.522808616512       0.198408412427380       0.200201294120495     
   165.315689621893       0.191937338544617      -0.202840218941815     
   166.108570627274      -0.202913116377669      -0.183712779011473     
   166.901451632655      -0.176578259711366       0.199294947228589     
   167.694332638036       0.192891848996235       0.171175975193124     
   168.487213643416       0.167745725073213      -0.184647061997346     
   169.280094648797      -0.175398407135771      -0.166207665745932     
   170.072975654178      -0.166270869981281       0.165806940483557     
   170.865856659559       0.156341012123629       0.167530859650815     
   171.658737664939       0.169541182135530      -0.147290476772048     
   172.451618670320      -0.138790605435085      -0.171861041552843     
   173.244499675701      -0.174088420707756       0.130845797190634     
   174.037380681082       0.123352758366346       0.175887257084924     
   174.830261686463       0.177011587123684      -0.116127749220741     
   175.623142691843      -0.108941722724001      -0.177323245256784     
   176.416023697224      -0.176796494565061       0.101562047703219     
   177.208904702605       9.379357042380626E-002  0.175504958384776     
   178.001785707986       0.173592344782008      -8.550915162919788E-002
   178.794666713366      -7.666251438463376E-002 -0.171234849280611     
   179.587547718747      -0.168605818251764       6.728262018467046E-002
   180.380428724128       5.745497457870449E-002  0.165851030740771     
   181.173309729509       0.163077782675465      -4.729812750414628E-002
   181.966190734890      -3.694269112126447E-002 -0.160355989745800     
   182.759071740270      -0.157726809514775       2.651710320814769E-002
   183.551952745651       1.614118044839697E-002  0.155213992971002     
   184.344833751032       0.152834308684901      -5.926435922059894E-003
   185.137714756413       4.018675444386242E-003 -0.150604798828983     
   185.930595761794      -0.148545630279906      -1.358043860281233E-002
   186.723476767174      -2.263017686122003E-002  0.146677714747056     
   187.516357772555       0.145014279345131       3.101500622371750E-002
   188.309238777936       3.855165245662200E-002 -0.143545624364064     
   189.102119783317      -0.142217086344091      -4.502732138504414E-002
   189.895000788697      -5.021305475245054E-002  0.140902535186137     
   190.687881794078       0.139380067074913       5.389507544685310E-002
   191.480762799459       5.592607899912042E-002 -0.137322125450634     
   192.273643804840      -0.134315870019427      -5.628939454732058E-002
   193.066524810221      -5.515568996216640E-002  0.129925672846730     
   193.859405815601       0.123793735081613       5.290159947917572E-002
   194.652286820982       5.006380429321031E-002 -0.115750307440022     
   195.445167826363      -0.105886695943014      -4.722730774046907E-002
   196.238048831744      -4.488317416613626E-002  9.455066527163297E-002
   197.030929837124       8.225895989469383E-002  4.331365786423629E-002
   197.823810842505       4.255102105459067E-002 -6.956452213881671E-002
   198.616691847886      -5.693573046820546E-002 -4.241653499319767E-002
   199.409572853267      -4.260740365072217E-002  4.468929181173738E-002
   200.202453858648       3.298365588169515E-002  4.278668866681203E-002
   200.995334864028       4.264530899446829E-002 -2.185236355809506E-002
   201.788215869409      -1.124953535652420E-002 -4.192827462755546E-002
   202.581096874790      -4.043330899818842E-002  1.087722920079734E-003
   203.373977880171      -8.740039687293703E-003  3.799451536314886E-002
   204.166858885551       3.446096311709927E-002  1.835453339271866E-002
   204.959739890932       2.789940486891587E-002 -2.967566753205223E-002
   205.752620896313      -2.345786798835140E-002 -3.756504298807388E-002
   206.545501901694      -4.763083083504023E-002  1.559232862358409E-002
   207.338382907075       5.834916323983072E-003  5.853281375341618E-002
   208.131263912455       7.096417788100567E-002  6.043879612123760E-003
   208.924144917836       2.013466800124811E-002 -8.600537156695398E-002
   209.717025923217      -0.105243198094993      -3.611623791767971E-002
   210.509906928598      -5.276453116339019E-002  0.130752578688702     
   211.302787933979       0.164683368330375       6.726642176720878E-002
   212.095668939359       7.464588441880854E-002 -0.208118529589809     
   212.888549944740      -0.259121890663869      -6.807022749865668E-002
   213.681430950121      -4.102042576197634E-002  0.310764634334555     
   214.474311955502       0.351088598761570      -8.567962225773718E-003
   215.267192960882      -7.433291291869333E-002 -0.366926420394360     
   216.060073966263      -0.350761533347768       0.141539272992204     
   216.852954971644       0.193036727942981       0.305973986514708     
   217.645835977025       0.245679640536299      -0.217679266102290     
   218.438716982406      -0.214846068576943      -0.185654280908696     
   219.231597987786      -0.137004686453728       0.192246154620491     
   220.024478993167       0.160086588166938       0.103438506971664     
   220.817359998548       8.310429337769934E-002 -0.126396007269823     
   221.610241003929      -9.552275647632849E-002 -7.192751539792371E-002
   222.403122009309      -6.600186481377002E-002  6.887743040616241E-002
   223.196003014690       4.627400070098463E-002  6.250945517860861E-002
   223.988884020071       5.971362466122555E-002 -2.694337346184968E-002
   224.781765025452      -1.005466815303073E-002 -5.663561626674973E-002
   225.574646030833      -5.273772680481894E-002 -5.101997271438650E-003
   226.367527036213      -1.909941557938528E-002  4.770441211534818E-002
   227.160408041594       4.131352055490968E-002  3.242200119155868E-002
   227.953289046975       4.553740473782499E-002 -3.337015901506963E-002
   228.746170052356      -2.368651929188913E-002 -5.898171063524610E-002
   229.539051057737      -7.346025566474429E-002  1.211082172296614E-002
   230.331932063117      -1.368335539020438E-003  8.995918681949948E-002
   231.124813068498       0.109830530737799       1.639571904415033E-002
   231.917694073879       3.186157287637768E-002 -0.134744781726860     
   232.710575079260      -0.166313701164147      -4.540105780121938E-002
   233.503456084640      -5.305897413171526E-002  0.205168364802186     
   234.296337090021       0.249537161486903       4.970153369789893E-002
   235.089218095402       3.076862613341277E-002 -0.294031806060408     
   235.882099100783      -0.330007462700958       4.846530789850034E-003
   236.674980106164       5.247772920327240E-002  0.348452600505783     
   237.467861111544       0.344364976697784      -0.102231024521824     
   238.260742116925      -0.142927578175590      -0.319607431766070     
   239.053623122306      -0.281913576847452       0.166977166276506     
   239.846504127687       0.172816118684091       0.240867742395999     
   240.639385133067       0.203927684480218      -0.163832865707561     
   241.432266138448      -0.145458654871452      -0.174741879415258     
   242.225147143829      -0.153714551007415       0.122662234222609     
   243.018028149210       9.883191993128945E-002  0.139483450098050     
   243.810909154591       0.130193866149862      -7.577810065952562E-002
   244.603790159971      -5.420550803541145E-002 -0.124197051837632     
   245.396671165352      -0.120283760911247       3.420296549094907E-002
   246.189552170733       1.558633473190607E-002  0.117677414176749     
   246.982433176114       0.115948506133569       1.903880723869350E-003
   247.775314181495       1.849795812241867E-002 -0.114926554938874     
   248.568195186875      -0.114630256222156      -3.433638548951835E-002
   249.361076192256      -4.942213778585379E-002  0.115208889229187     
   250.153957197637       0.116876127536775       6.357379800239593E-002
   250.946838203018       7.638765221364972E-002 -0.119815205029447     
   251.739719208398      -0.124044583769921      -8.723825625464048E-002
   252.532600213779      -9.536128934529912E-002  0.129262095139915     
   253.325481219160       0.134729904131968       0.100050085983782     
   254.118362224541       0.100940186498410      -0.139295157392679     
   254.911243229922      -0.141614506609877      -9.826986023449415E-002
   255.704124235302      -9.295619152628512E-002  0.140542576941492     
   256.497005240683       0.135513249216161       8.639114909843931E-002
   257.289886246064       8.002791297539430E-002 -0.126707372826623     
   258.082767251445      -0.114919977179293      -7.496708692756952E-002
   258.875648256826      -7.174067808061446E-002  0.101224895026008     
   259.668529262206       8.663053719338923E-002  7.034635627100343E-002
   260.461410267587       7.044026028607969E-002 -7.187084849832295E-002
   261.254291272968      -5.735782399049651E-002 -7.155465512562154E-002
   262.047172278349      -7.325502212780120E-002  4.323906286963723E-002
   262.840053283729       2.948952659956363E-002  7.521923948485348E-002
   263.632934289110       7.726152606872354E-002 -1.599336278972956E-002
   264.425815294491      -2.603017515515152E-003 -7.933137498060518E-002
   265.218696299872      -8.150838066185530E-002 -1.081759961011365E-002
   266.011577305253      -2.435121621036738E-002  8.400052779332315E-002
   266.804458310633       8.714022598913597E-002  3.797120260802987E-002
   267.597339316014       5.146200321422001E-002 -9.135851358550080E-002
   268.390220321395      -9.710512074069914E-002 -6.432353283995229E-002
   269.183101326776      -7.570006414808825E-002  0.104681401456889     
   269.975982332156       0.113985711744456       8.441482155871738E-002
   270.768863337537       8.920291268292599E-002 -0.124250770224583     
   271.561744342918      -0.133947600554485      -8.916111093993523E-002
   272.354625348299      -8.426203748846853E-002  0.141041007898857     
   273.147506353680       0.143612582602315       7.562443834807073E-002
   273.940387359060       6.528099175129475E-002 -0.140581897857323     
   274.733268364441      -0.132106190479796      -5.549125721609591E-002
   275.526149369822      -4.797572836914075E-002  0.119418651905769     
   276.319030375203       0.104245587204831       4.348686950422339E-002
   277.111911380583       4.185820431340936E-002 -8.817964904279479E-002
   277.904792385964      -7.230940731333756E-002 -4.236130993914952E-002
   278.697673391345      -4.409940418139716E-002  5.716151128229664E-002
   279.490554396726       4.283454599986300E-002  4.626657985555749E-002
   280.283435402107       4.824672471389090E-002 -2.917706058549438E-002
   281.076316407487      -1.592317640555644E-002 -4.960625000202998E-002
   281.869197412868      -5.004347749015873E-002  2.763517877122779E-003
   282.662078418249      -1.063836831384085E-002  4.933503546591998E-002
   283.454959423630       4.729805380022956E-002  2.466869887981049E-002
   284.247840429011       3.981629363004906E-002 -4.377798387326812E-002
   285.040721434391      -3.867602603024968E-002 -5.675289033694335E-002
   285.833602439772      -7.643523143673617E-002  3.204543937115156E-002
   286.626483445153       2.430738775712105E-002  0.100198342438742     
   287.419364450534       0.129744835134592      -1.664447013538582E-002
   288.212245455914      -1.156893264850825E-002 -0.166826081139015     
   289.005126461295      -0.212326026336260       1.344527246894873E-002
   289.798007466676       2.835630656599626E-002  0.264613933544126     
   290.590888472057       0.317706485396759      -6.243634105443055E-002
   291.383769477438      -0.118364386106470      -0.360816735626079     
   292.176650482818      -0.381116791980722       0.191508147512941     
   292.969531488199       0.268945468086988       0.369609410104957     
   293.762412493580       0.326693003448770      -0.333634407378143     
   294.555293498961      -0.371913543173735      -0.262959405394958     
   295.348174504342      -0.194198089629444       0.379216077371858     
   296.141055509722       0.360325141480607       0.134305990965680     
   296.933936515103       9.081854814027084E-002 -0.325106608274540     
   297.726817520484      -0.283475155649352      -6.472120282298099E-002
   298.519698525865      -5.293615265451296E-002  0.242432132314228     
   299.312579531245       0.205565182373846       5.109414226091163E-002
   300.105460536626       5.528510028732771E-002 -0.173932760602271     
   300.898341542007      -0.147215140460432      -6.269914739708135E-002
   301.691222547388      -7.159953896435942E-002  0.124575425164216     
   302.484103552769       0.105142504593324       8.105173650190518E-002
   303.276984558149       9.064084077612025E-002 -8.822486194495442E-002
   304.069865563530      -7.338336018648756E-002 -0.100252597964311     
   304.862746568911      -0.109912728199016       6.044763801827930E-002
   305.655627574292       4.951167167159383E-002  0.119651904122033     
   306.448508579672       0.129365477482654      -4.090314952686403E-002
   307.241389585053      -3.509030186896388E-002 -0.138661501408732     
   308.034270590434      -0.146739574322392       3.248148186303228E-002
   308.827151595815       3.311561624506153E-002  0.152401057449239     
   309.620032601196       0.154300884540955      -3.634913757471871E-002
   310.412913606576      -4.075522895515039E-002 -0.151439593977753     
   311.205794611957      -0.143680774607105       4.442163797022380E-002
   311.998675617338       4.558865845150657E-002  0.131950572377836     
   312.791556622719       0.117931079289040      -4.327904923284161E-002
   313.584437628099      -3.754040972665985E-002 -0.103419441637985     
   314.377318633480      -8.974841109236395E-002  2.921061725385458E-002
   315.170199638861       1.944011894849458E-002  7.754982968941043E-002
   315.963080644242       6.685527609869849E-002 -9.277458173236615E-003
   316.755961649623       5.307565037642598E-004 -5.734843339806592E-002
   317.548842655003      -4.859582902836035E-002 -9.550941587003224E-003
   318.341723660384      -1.758182511576322E-002  4.018351437289990E-002
   319.134604665765       3.176678322289449E-002  2.456131729655774E-002
   319.927485671146       3.049742379952946E-002 -2.306732632765077E-002
   320.720366676527      -1.384710752159594E-002 -3.542983993319591E-002
   321.513247681907      -3.941792676002287E-002  3.874985933591122E-003
   322.306128687288      -7.107342572740864E-003  4.255161644942226E-002
   323.099009692669       4.498759099625398E-002  1.941599407465730E-002
   323.891890698050       3.344241824161387E-002 -4.701949571130724E-002
   324.684771703430      -4.919254357278576E-002 -4.963210195260860E-002
   325.477652708811      -6.837204310270187E-002  5.245739534776810E-002
   326.270533714192       5.830451250263517E-002  8.971122397201682E-002
   327.063414719573       0.112868086736597      -6.871598100878501E-002
   327.856295724954      -8.567221028755596E-002 -0.135645460298777     
   328.649176730334      -0.154192928066703       0.110042728752207     
   329.442057735715       0.140186020012462       0.163771817155033     
   330.234938741096       0.160761904331897      -0.171296124414370     
   331.027819746477      -0.196599241521034      -0.144976175256018     
   331.820700751857      -0.120475778918520       0.210227227420141     
   332.613581757238       0.209909814501867       9.390116820255079E-002
   333.406462762619       7.141953647986038E-002 -0.197538728960517     
   334.199343768000      -0.177486549215871      -5.646758437195701E-002
   334.992224773381      -4.944499484847052E-002  0.154258291987494     
   335.785105778761       0.130998103192803       4.882166915463138E-002
   336.577986784142       5.247813544606575E-002 -0.109206580936600     
   337.370867789523      -8.916951358570219E-002 -5.855785837660080E-002
   338.163748794904      -6.576302845103131E-002  7.051568424492277E-002
   338.956629800285       5.261292849777707E-002  7.332630259044468E-002
   339.749510805665       8.088285485927857E-002 -3.476363030449880E-002
   340.542391811046      -1.626152030085545E-002 -8.836452354158170E-002
   341.335272816427      -9.596200265203582E-002 -3.621299966717596E-003
   342.128153821808      -2.566409820780482E-002  0.104171610050714     
   342.921034827188       0.113940282003666       5.069206143919317E-002
   343.713915832569       7.945461526860551E-002 -0.126917573615181     
   344.506796837950      -0.145776663899788      -0.112247416263006     
   345.299677843331      -0.148088361979982       0.174418822319471     
   346.092558848712       0.217588623772683       0.183353658430062     
   346.885439854092       0.210269272366286      -0.279139100276789     
   347.678320859473      -0.358445251893325      -0.216645769332457     
   348.471201864854      -0.189031163519555       0.446051919249698     
   349.264082870235       0.522240337537762       0.120174386096987     
   350.056963875615       1.728756488034242E-002 -0.562806006900013     
   350.849844880996      -0.551417314901664       9.641641512628116E-002
   351.642725886377       0.191318464682651       0.490139798674281     
   352.435606891758       0.398743038590877      -0.246395185620130     
   353.228487897139      -0.257974189292435      -0.303043907300036     
   354.021368902519      -0.222206632341369       0.236804983194347     
   354.814249907900       0.198590178907263       0.163634168722973     
   355.607130913281       0.125574339909626      -0.156168371273083     
   356.400011918662      -0.116816383850601      -0.102361045837176     
   357.192892924042      -8.826618665414138E-002  8.321974794760276E-002
   357.985773929423       5.548446102520237E-002  7.906061070907078E-002
   358.778654934804       7.210520991687355E-002 -3.270363987805482E-002
   359.571535940185      -1.379150766486052E-002 -6.591692679157435E-002
   360.364416945566      -5.971683150618663E-002 -2.197078676194352E-003
   361.157297950946      -1.600345501394010E-002  5.311284603211407E-002
   361.950178956327       4.591321683739961E-002  2.819880084082609E-002
   362.743059961708       3.924159322192228E-002 -3.803004926455918E-002
   363.535940967089      -2.943925834339424E-002 -4.953248806261797E-002
   364.328821972470      -5.945824178154278E-002  2.017809171172871E-002
   365.121702977850       1.037217004906816E-002  6.941860262942529E-002
   365.914583983231       7.982453308106408E-002 -2.870600503339475E-004
   366.707464988612       9.608248999766051E-003 -9.104880443871810E-002
   367.500345993993      -0.103310706597153      -1.859862597708010E-002
   368.293226999373      -2.575859299440893E-002  0.116499975739007     
   369.086108004754       0.129999517285161       3.012890820794470E-002
   369.878989010135       3.104315026746145E-002 -0.142629411069020     
   370.671870015516      -0.152839504846667      -2.849643185407573E-002
   371.464751020897      -2.334199628483275E-002  0.159161977283748     
   372.257632026277       0.160739486404026       1.713309769180187E-002
   373.050513031658       1.163453029230355E-002 -0.157636048213904     
   373.843394037039      -0.150751989643126      -8.257907042852449E-003
   374.636275042420      -7.716072979361090E-003  0.141422982994123     
   375.429156047801       0.130957972394935       1.001535264236265E-002
   376.222037053181       1.468767000692620E-002 -0.120336384785222     
   377.014918058562      -0.110126231518983      -2.107863615799910E-002
   377.807799063943      -2.856086553211098E-002  0.100556180680988     
   378.600680069324       9.164234310550948E-002  3.663725087275595E-002
   379.393561074704       4.496016366535705E-002 -8.330261679430440E-002
   380.186442080085      -7.543425968956649E-002 -5.330699954770517E-002
   380.979323085466      -6.154174698756672E-002  6.795660919163894E-002
   381.772204090847       6.082932163170207E-002  6.957728035517745E-002
   382.565085096228       7.734302120563062E-002 -5.405527369699236E-002
   383.357966101608      -4.767326660357443E-002 -8.475839988538357E-002
   384.150847106989      -9.171229171422995E-002  4.174242231346002E-002
   384.943728112370       3.631896010827974E-002  9.805024694809002E-002
   385.736609117751       0.103573145575374      -3.142717866870710E-002
   386.529490123131      -2.702954468776155E-002 -0.108051261637788     
   387.322371128512      -0.111255210725545       2.300444810131140E-002
   388.115252133893       1.914196263706769E-002  0.112999481581465     
   388.908133139274       0.113186955672866      -1.516508003796050E-002
   389.701014144655      -1.077535666302341E-002 -0.111838123944217     
   390.493895150035      -0.109091151808830       5.710613350084793E-003
   391.286776155416      -2.052790357486916E-004  0.105169595795201     
   392.079657160797       0.100328547169812       7.038594558758636E-003
   392.872538166178       1.475468034004321E-002 -9.479889240068760E-002
   393.665419171558      -8.874787546807093E-002 -2.325253273385382E-002
   394.458300176939      -3.240990730583272E-002  8.226429197797050E-002
   395.251181182320       7.536570808783538E-002  4.212490356354045E-002
   396.044062187701       5.234694035437105E-002 -6.801931802142203E-002
   396.836943193082      -6.016878171378266E-002 -6.309728197873309E-002
   397.629824198462      -7.448298664061385E-002  5.176410985868704E-002
   398.422705203843       4.279717067784127E-002  8.670745307997003E-002
   399.215586209224       0.100076161295434      -3.334949718830590E-002
   400.008467214605      -2.366003564912828E-002 -0.114988129849095     
   400.801348219986      -0.131892616603059       1.421531137055041E-002
   401.594229225366       5.848240206178357E-003  0.151180150260394     
   402.387110230747       0.172977682439544       1.994237659860287E-004
   403.179991236128       2.335621300138771E-003 -0.196848344174278     
   403.972872241509      -0.221472690943234       1.100031725195932E-003
   404.765753246890       1.128491659033143E-002  0.244492761910899     
   405.558634252270       0.262752538500181      -2.821134755143474E-002
   406.351515257651      -5.016293162936972E-002 -0.273054420818780     
   407.144396263032      -0.273244876223853       7.377318664289703E-002
   407.937277268413       9.484078488479639E-002  0.263123066821553     
   408.730158273793       0.244636099267290      -0.109614269389248     
   409.523039279174      -0.115913969999824      -0.221202871068461     
   410.315920284555      -0.196534367318922       0.113546183263120     
   411.108801289936       0.103922035539588       0.173568797447339     
   411.901682295317       0.153953958845334      -8.923545082284733E-002
   412.694563300697      -7.167137223103755E-002 -0.138110943388652     
   413.487444306078      -0.125630686000361       5.292867614080946E-002
   414.280325311459       3.408342665717436E-002  0.115717682533940     
   415.073206316840       0.107514309916355      -1.566809438644212E-002
   415.866087322220       2.174026766053761E-003 -0.100271971692220     
   416.658968327601      -9.340859834287837E-002 -1.954865612992954E-002
   417.451849332982      -3.671884854777169E-002  8.650784648227453E-002
   418.244730338363       7.930381219332071E-002  5.406276867361321E-002
   419.037611343744       7.206842575990613E-002 -7.168025116867408E-002
   419.830492349124      -6.370490135384016E-002 -9.134772928244145E-002
   420.623373354505      -0.112644503508030       5.571666692034048E-002
   421.416254359886       4.847787000920784E-002  0.136793450765325     
   422.209135365267       0.164559340801998      -4.337951726759713E-002
   423.002016370648      -4.262323400639983E-002 -0.196265742315432     
   423.794897376028      -0.231160674572091       4.919208876512154E-002
   424.587778381409       6.631914041744887E-002  0.266636289257692     
   425.380659386790       0.297735735757030      -9.622818764822694E-002
   426.173540392171      -0.138345474859229      -0.317647632227151     
   426.966421397551      -0.319678335551026       0.187890824544556     
   427.759302402932       0.236151592017114       0.300238695935785     
   428.552183408313       0.261215503100317      -0.273058524368072     
   429.345064413694      -0.291030514606394      -0.209946330145125     
   430.137945419075      -0.156475030368610       0.287837378667144     
   430.930826424455       0.266791471042507       0.109714737698352     
   431.723707429836       7.476577468438561E-002 -0.234500189743973     
   432.516588435217      -0.197892632967017      -5.248812440081711E-002
   433.309469440598      -4.080484185549443E-002  0.162158446962392     
   434.102350445978       0.130137932174004       3.648092193460119E-002
   434.895231451359       3.644139862353124E-002 -0.102745563803814     
   435.688112456740      -7.974410075320253E-002 -3.837031171946872E-002
   436.480993462121      -4.077763824777617E-002  6.040986186353782E-002
   437.273874467502       4.393967272987925E-002  4.282108646484278E-002
   438.066755472882       4.408339749626922E-002 -2.963505303070731E-002
   438.859636478263      -1.695148767191984E-002 -4.439375215508135E-002
   439.652517483644      -4.371074189861671E-002  5.485437257490924E-003
   440.445398489025      -5.058408102262924E-003  4.205538707568619E-002
   441.238279494405       3.947750255940237E-002  1.490014499363252E-002
   442.031160499786       2.421103486102708E-002 -3.604226115619549E-002
   442.824041505167      -3.182849692561848E-002 -3.313156671977451E-002
   443.616922510548      -4.178093459535952E-002  2.693347638930708E-002
   444.409803515929       2.148012989370577E-002  5.025772718911685E-002
   445.202684521309       5.863195653164620E-002 -1.562256001304755E-002
   445.995565526690      -9.545069007337929E-003 -6.693007811954324E-002
   446.788446532071      -7.511742199152696E-002  3.450415197670774E-003
   447.581327537452      -2.464263714586641E-003  8.308527437481573E-002
   448.374208542832       9.065062086015192E-002  8.040518620402164E-003
   449.167089548213       1.319220845905526E-002 -9.757365495009535E-002
   449.959970553594      -0.103592019450487      -1.792889405576127E-002
   450.752851558975      -2.236047459450973E-002  0.108464117286487     
   451.545732564356       0.112010009439134       2.668058475021100E-002
   452.338613569736       3.113329580491255E-002 -0.114139123316093     
   453.131494575117      -0.114858576872652      -3.597268248376062E-002
   453.924375580498      -4.142618822298366E-002  0.114262223705209     
   454.717256585879       0.112506159725783       4.767044065322638E-002
   455.510137591260       5.482344964483647E-002 -0.109779638164300     
   456.303018596640      -0.106280400895384      -6.295182670508530E-002
   457.095899602021      -7.208761636460605E-002  0.102200861359630     
   457.888780607402       9.772781165467653E-002  8.224751642865079E-002
   458.681661612783       9.344743577527101E-002 -9.305489916052143E-002
   459.474542618163      -8.840470770216316E-002 -0.105706388285774     
   460.267423623544      -0.119034651486344       8.405538019698433E-002
   461.060304628925       8.036412090225598E-002  0.133401998644218     
   461.853185634306       0.148684231275639      -7.777581764856197E-002
   462.646066639687      -7.680054611584064E-002 -0.164592843736201     
   463.438947645067      -0.180605209647225       7.794316607221355E-002
   464.231828650448       8.157843123107623E-002  0.195928466206118     
   465.024709655829       0.209538949159351      -8.779043732044459E-002
   465.817590661210      -9.622923034000871E-002 -0.220325506052368     
   466.610471666591      -0.227322270440179       0.106058108159077     
   467.403352671971       0.116046946317592       0.229960830269470     
   468.196233677352       0.228240885183869      -0.124805877271925     
   468.989114682733      -0.131082302918101      -0.222742971418554     
   469.781995688114      -0.214478075797874       0.134010944367053     
   470.574876693494       0.133234178283606       0.204641341078448     
   471.367757698875       0.194366249152809      -0.128875920983146     
   472.160638704256      -0.121412075307117      -0.184553293179724     
   472.953519709637      -0.175799048813798       0.111504402396315     
   473.746400715018       9.985339859330528E-002  0.168409881354838     
   474.539281720398       0.162465328539778      -8.709850829989198E-002
   475.332162725779      -7.376920433557772E-002 -0.157897282869045     
   476.125043731160      -0.154562131946678       6.027636835835479E-002
   476.917924736541       4.692942732154008E-002  0.152294899583249     
   477.710805741921       0.150942690760117      -3.396662619731558E-002
   478.503686747302      -2.158957141514574E-002 -0.150378683127758     
   479.296567752683      -0.150498698693523       9.996158481118088E-003
   480.089448758064      -5.930351833554545E-004  0.151201817137621     
   480.882329763445       0.152356531795461       9.921015809248215E-003
   481.675210768825       1.770173737248819E-002 -0.153756600954513     
   482.468091774206      -0.155077312274458      -2.365764606464678E-002
   483.260972779587      -2.759106621776976E-002  0.155852112477830     
   484.053853784968       0.155495485332554       2.947809913931180E-002
   484.846734790349       2.955196436860959E-002 -0.153390596927882     
   485.639615795729      -0.149032993664215      -2.832775859315904E-002
   486.432496801110      -2.653143217642001E-002  0.142183184192016     
   487.225377806491       0.132957980545532       2.493871261669208E-002
   488.018258811872       2.418262992227071E-002 -0.121808988737085     
   488.811139817252      -0.109392927631600      -2.461154036917263E-002
   489.604020822633      -2.625196492467249E-002  9.639428656153151E-002
   490.396901828014       8.337631754079101E-002  2.887267423491982E-002
   491.189782833395       3.210110116068344E-002 -7.070652707994843E-002
   491.982663838776      -5.855705642619861E-002 -3.553575542673755E-002
   492.775544844156      -3.882087583737598E-002  4.695044662938154E-002
   493.568425849537       3.581712701294622E-002  4.167794216079311E-002
   494.361306854918       4.390594195072531E-002 -2.504277268981359E-002
   495.154187860299      -1.449774258949824E-002 -4.536609527035919E-002
   495.947068865680      -4.596293966485566E-002  4.049735897624732E-003
   496.739949871060      -6.436056976112158E-003  4.562839546531978E-002
   497.532830876441       4.431182067848993E-002  1.710535536437950E-002
   498.325711881822       2.812918359263016E-002 -4.197779418200683E-002
   499.118592887203      -3.861403875656902E-002 -3.972258580222640E-002
   499.911473892583      -5.216522608303497E-002  3.425385310286608E-002
   500.704354897964       2.901961998191307E-002  6.581781042598515E-002
   501.497235903345       8.112044113915252E-002 -2.319403171212170E-002
   502.290116908726      -1.731867347199999E-002 -9.854704064012887E-002
   503.082997914107      -0.118479235949323       1.229817142833990E-002
   503.875878919487       9.448206281042051E-003  0.140969625421715     
   504.668759924868       0.165413757809886      -1.038160357481503E-002
   505.461640930249      -1.662713078202392E-002 -0.190254747176119     
   506.254521935630      -0.212956207530006       2.898760193877700E-002
   507.047402941010       4.687120446838811E-002  0.230469359137429     
   507.840283946391       0.240176000656790      -6.801957842912039E-002
   508.633164951772      -8.896253340729185E-002 -0.240905714739811     
   509.426045957153      -0.233439438436442       0.106096571202415     
   510.218926962534       0.116833213939271       0.220178739777561     
   511.011807967914       0.204201260030444      -0.120215677615923     
   511.804688973295      -0.116799011628747      -0.188264534375238     
   512.597569978676      -0.174215491686826       0.108046888116901     
   513.390450984057       9.566183819224525E-002  0.162904688425252     
   514.183331989437       0.154427357200382      -8.112794809956965E-002
   514.976212994818      -6.552345819015043E-002 -0.148455961805214     
   515.769094000199      -0.144514489445287       4.952491162747645E-002
   516.561975005580       3.349920804259302E-002  0.142149121595038     
