  1.046019983129897E-011
 -4.425747329053762E-012
 -8.007036776666441E-012
 -9.956032781333107E-010
  1.078573002238370E-010
   58.0945494175661     
 -3.092501878288870E-013
 -1.482889520651312E-011
  -19.0883607412627     
  9.717869668075309E-011
   3.35819018085979     
   4.46303884565233     
  1.513193540726159E-011
   5.90754973994428     
 -2.703519456614494E-011
   1.42938355169702     
   1.64218246671976     
  -20.4584167123148     
  -8.78424647013703     
  -2.88684335060987     
   6.16876113149092     
   7.00091574781457     
   7.37696307787085     
   5.21238088752107     
   4.36840410273762     
  -10.9878618237714     
   7.02931091425284     
  -1.12997735616202     
  0.828662145382507     
 -0.254904216015528     
 -0.639252868707592     
 -2.131878326069784E-003
  9.125051371468557E-002
