  -516.561975005580       2.270321860414273E-188 -1.527460614110080E-188
  -515.769094000199      -1.080078726502961E-161 -7.530112204747931E-162
  -514.976212994818      -3.490390954181775E-161  1.081698029469536E-160
  -514.183331989437       5.638430985045332E-160  4.811778282607591E-161
  -513.390450984057      -1.838688900878091E-160 -2.311467407938605E-159
  -512.597569978676      -8.656751897711898E-159  1.684967102984199E-159
  -511.804688973295       8.720740635278829E-159  3.183547149233707E-158
  -511.011807967914       1.192011272223350E-157 -3.964390922192430E-158
  -510.218926962534      -1.795601582500226E-157 -4.614842045082317E-157
  -509.426045957153      -1.849291121888086E-156  8.604211924404254E-157
  -508.633164951772       4.456932661045538E-156  7.576936834915221E-156
  -507.840283946391       3.079758470440762E-155 -2.467173145068099E-155
  -507.047402941010      -1.408428908077870E-154 -1.165533484136259E-154
  -506.254521935630      -3.498238600359883E-154  7.889760203601178E-154
  -505.461640930249       4.080853080154859E-153  2.774750123445669E-154
  -504.668759924868      -6.719981200149763E-153 -1.793283588745866E-152
  -503.875878919487      -5.691221022442889E-152  6.601864726038547E-152
  -503.082997914107       3.759983538664010E-151  5.401419792962881E-152
  -502.290116908726      -7.280700977558426E-151 -1.384121931555041E-150
  -501.497235903345      -2.421392493150372E-150  5.507884138161091E-150
  -500.704354897964       2.056891636872821E-149 -6.107503131088037E-150
  -499.911473892583      -5.961730238348719E-149 -3.782927995087269E-149
  -499.118592887203       3.154801200147531E-149  2.118736058681569E-148
  -498.325711881822       4.010690151786781E-148 -4.475783515689488E-148
  -497.532830876441      -1.565650442926555E-147 -1.188674076227830E-148
  -496.739949871060       1.941508002890810E-147  3.337590422939738E-147
  -495.947068865680       4.389834151755110E-147 -7.929461270885271E-147
  -495.154187860299      -2.063251527126057E-146 -8.292310560878076E-148
  -494.361306854918       1.586078703966208E-146  4.372212547684937E-146
  -493.568425849537       8.345438106197975E-146 -6.464607824651504E-146
  -492.775544844156      -1.923413772528077E-145 -1.532912229701306E-145
  -491.982663838776      -2.852671741982704E-145  5.258004962522160E-145
  -491.189782833395       1.435129417993130E-144  5.588292444950563E-145
  -490.396901828014       1.170655713940978E-144 -4.075611576841755E-144
  -489.604020822633      -1.229962743606033E-143 -2.551278642209231E-144
  -488.811139817252      -5.096209045296236E-144  3.977251134586907E-143
  -488.018258811872       1.374768011231615E-142  4.199500665883909E-144
  -487.225377806491      -5.159596813755486E-143 -5.008896064124945E-142
  -486.432496801110      -1.868297488722330E-141  5.500866281303080E-142
  -485.639615795729       3.984683537530084E-141  6.770706107696470E-141
  -484.846734790349       2.154900585477807E-140 -2.440993444541650E-140
  -484.053853784968      -1.289388750170747E-139 -4.458522375749954E-140
  -483.260972779587       7.541157863137848E-140  5.632860830105840E-139
  -482.468091774206       1.811416495839169E-138 -1.441384226520134E-138
  -481.675210768825      -8.690845125452166E-138 -2.620271082064782E-138
  -480.882329763445       1.222376833609522E-137  3.149985859997864E-137
  -480.089448758064       5.587022234353734E-137 -1.039549800320805E-136
  -479.296567752683      -3.722231775028029E-136  9.250875292379817E-137
  -478.503686747302       9.667672592658090E-136  6.308220657772435E-136
  -477.710805741921      -5.297298575937372E-136 -3.172053100420004E-135
  -476.917924736541      -5.265187403973109E-135  6.449048560770609E-135
  -476.125043731160       2.019047903607115E-134  6.212631242213802E-137
  -475.332162725779      -2.719458508691841E-134 -3.762020226656658E-134
  -474.539281720398      -3.796021747222647E-134  9.541830135222212E-134
  -473.746400715018       2.207358146371929E-133 -2.636001093553217E-134
  -472.953519709637      -2.488760828777468E-133 -4.095997917730878E-133
  -472.160638704256      -6.462190766049755E-133  8.237740844657474E-133
  -471.367757698875       2.198063401605078E-132  8.430467329401895E-133
  -470.574876693494       6.478369299902860E-133 -5.483487883650866E-132
  -469.781995688114      -1.358819174489542E-131  1.277253439674966E-132
  -468.989114682733       9.977778077403262E-132  3.437302712464261E-131
  -468.196233677352       8.930819731205452E-131 -4.474756081137841E-131
  -467.403352671971      -1.807078176820963E-130 -2.350621230277561E-130
  -466.610471666591      -6.007535650731818E-130  7.125831655838772E-130
  -465.817590661210       2.776052386143248E-129  1.333572827023988E-129
  -465.024709655829       1.539259120908690E-129 -1.047431757471522E-128
  -464.231828650448      -3.652223581161331E-128  7.948921593854500E-129
  -463.438947645067       7.961736987038261E-128  1.072307999232228E-127
  -462.646066639687       2.030412868279590E-127 -4.298634284414680E-127
  -461.853185634306      -1.647867588911292E-126  1.896049766140801E-127
  -461.060304628925       3.724696023028441E-126  4.162062741462504E-126
  -460.267423623544       3.113318306029662E-126 -1.762447877008730E-125
  -459.474542618163      -4.656828550544621E-125  2.723669250248283E-125
  -458.681661612783       1.442809972755252E-124  4.691816546258649E-125
  -457.888780607402      -1.613010933005727E-124 -3.620298863143865E-124
  -457.095899602021      -4.001206897024739E-124  8.744388530448430E-124
  -456.303018596640       2.099871725700539E-123 -5.707451317528404E-124
  -455.510137591260      -3.673701666541360E-123 -2.818053858952949E-123
  -454.717256585879      -5.599879466183614E-124  9.354896836956318E-123
  -453.924375580498       1.633437019399557E-122 -8.264754396475333E-123
  -453.131494575117      -2.799215472634798E-122 -2.113399888010521E-122
  -452.338613569736      -1.760808374590845E-122  6.470314662311957E-122
  -451.545732564356       1.300173969349399E-121 -5.518622411970649E-123
  -450.752851558975      -7.284684590347290E-122 -2.501586143938861E-121
  -449.959970553594      -4.877217057706518E-121  2.455134812249621E-121
  -449.167089548213       6.881126169214090E-121  9.980000735041063E-121
  -448.374208542832       2.181675353058629E-120 -1.874789993161244E-120
  -447.581327537452      -5.269423975410033E-120 -5.102821679101900E-120
  -446.788446532071      -1.258372577521608E-119  1.571357629652459E-119
  -445.995565526690       5.020958689060935E-119  3.158079420416392E-119
  -445.202684521309       7.462457846011304E-119 -1.708549721378421E-118
  -444.409803515929      -6.050936069813616E-118 -1.302124991113598E-118
  -443.616922510548       1.063450256114052E-118  2.139426675091089E-117
  -442.824041505167       7.063547350088038E-117 -2.832154669819592E-117
  -442.031160499786      -1.933640619487207E-116 -1.925789822098745E-116
  -441.238279494405      -2.891821200824902E-116  9.267289467279430E-116
  -440.445398489025       3.264051837316150E-115 -8.317765051091708E-116
  -439.652517483644      -8.543682912779311E-115 -7.279190427377272E-115
  -438.859636478263      -1.316523777956822E-115  3.542211752278868E-114
  -438.066755472882       8.224723929716746E-114 -6.526977819801382E-114
  -437.273874467502      -2.856294950943171E-113 -4.840730081826521E-114
  -436.480993462121       4.016598643433612E-113  6.239715065559424E-113
  -435.688112456740       4.674723856849629E-113 -1.702576634424024E-112
  -434.895231451359      -3.548858784494330E-112  1.661736451233787E-112
  -434.102350445978       7.302500862206946E-112  3.678583062564675E-112
  -433.309469440598      -2.383065905565406E-112 -1.604129757191162E-111
  -432.516588435217      -2.370564134241522E-111  1.996197180700371E-111
  -431.723707429836       5.367806843191288E-111  2.183981641190497E-111
  -430.930826424455      -3.004248641765073E-112 -1.077604796763556E-110
  -430.137945419075      -1.888439649808332E-110  7.403144943869814E-111
  -429.345064413694       2.393164549039175E-110  3.106309915683304E-110
  -428.552183408313       4.997360895018059E-110 -6.114723431761694E-110
  -427.759302402932      -1.472207416545729E-109 -7.992857803585209E-110
  -426.966421397551      -1.245314104241254E-109  3.560267049624645E-109
  -426.173540392171       8.891291901509390E-109  1.679524867763554E-109
  -425.380659386790       7.405877564801655E-110 -2.311449303298937E-108
  -424.587778381409      -6.208499850268508E-108  8.926050028834111E-109
  -423.794897376028       6.169190167180780E-108  1.682544379887626E-107
  -423.002016370648       4.390608836604335E-107 -3.037832315685574E-107
  -422.209135365267      -1.296290357619302E-106 -1.001861525181757E-106
  -421.416254359886      -1.466608779089568E-106  4.891933529106696E-106
  -420.623373354505       1.579138205427627E-105 -2.172597452445125E-106
  -419.830492349124      -2.872310582318751E-105 -3.982064459208650E-105
  -419.037611343744      -5.757639155051038E-105  1.354681516746833E-104
  -418.244730338363       4.164449051275318E-104 -8.039682618778821E-105
  -417.451849332982      -8.511635959334824E-104 -7.912042103047960E-104
  -416.658968327601      -2.741319499741191E-104  2.990289703198226E-103
  -415.866087322220       6.095065110981056E-103 -3.978842506422647E-103
  -415.073206316840      -1.565217417048974E-102 -5.283388023586371E-103
  -414.280325311459       1.116821988029271E-102  3.334618754286854E-102
  -413.487444306078       4.169691852987174E-102 -5.697460854007784E-102
  -412.694563300697      -1.346335547860990E-101 -8.339523316853097E-103
  -411.901682295317       1.083395867868488E-101  2.233365127349728E-101
  -411.108801289936       2.768752566421723E-101 -3.500358629801651E-101
  -410.315920284555      -7.639451141056467E-101 -2.248938140939130E-101
  -409.523039279174       4.330723125684708E-102  1.432155186630287E-100
  -408.730158273793       2.532506629992252E-100 -7.414440145929891E-101
  -407.937277268413      -2.351771511119328E-100 -4.459171173728944E-100
  -407.144396263032      -8.085803379875874E-100  6.050720458498654E-100
  -406.351515257651       1.486265331693812E-099  1.536772679193888E-099
  -405.558634252270       3.068992192843730E-099 -3.696196355046708E-099
  -404.765753246890      -9.553973472044686E-099 -6.354401506457537E-099
  -403.972872241509      -1.317767576175709E-098  2.591410105118296E-098
  -403.179991236128       7.355920088135105E-098  2.527260820643601E-098
  -402.387110230747       3.418750223533935E-098 -2.154733827157328E-097
  -401.594229225366      -6.345905644042217E-097  3.779513804568450E-098
  -400.801348219986       6.105621749148539E-097  1.802919157694546E-096
  -400.008467214605       4.612710403531103E-096 -3.493480539696274E-096
  -399.215586209224      -1.507837132684924E-095 -9.134540976608686E-096
  -398.422705203843      -5.929940194966272E-096  5.280921716490306E-095
  -397.629824198462       1.458446805918468E-094 -5.683653960169731E-095
  -396.836943193082      -3.485509089228020E-094 -2.775554064958600E-094
  -396.044062187701      -1.362039449670217E-094  1.207004868873074E-093
  -395.251181182320       2.810818184589794E-093 -1.425193434803226E-093
  -394.458300176939      -6.765328766972772E-093 -3.797914288278878E-093
  -393.665419171558       1.328927733525130E-093  1.808398535386704E-092
  -392.872538166178       3.239234581909585E-092 -2.413492348483815E-092
  -392.079657160797      -7.982565585730027E-092 -3.305029326773001E-092
  -391.286776155416       1.922359440740229E-092  1.781205314737613E-091
  -390.493895150035       3.079568292354018E-091 -1.947533994431373E-091
  -389.701014144655      -6.087964938077230E-091 -4.135384821820325E-091
  -388.908133139274      -3.435560770383888E-091  1.454771988354988E-090
  -388.115252133893       3.075720862002147E-090 -2.813286071969250E-091
  -387.322371128512      -2.427207735249202E-090 -6.092468384590840E-090
  -386.529490123131      -1.156886742422464E-089  8.620003255369746E-090
  -385.736609117751       2.559491854542738E-089  2.094369106301768E-089
  -384.943728112370       3.423479601187290E-089 -7.147612518429825E-089
  -384.150847106989      -1.946283872528780E-088 -3.979490466210059E-089
  -383.357966101608       3.142411526829224E-089  5.188632720539803E-088
  -382.565085096228       1.327499325157396E-087 -4.852629656645938E-088
  -381.772204090847      -2.486373136883494E-087 -3.089693897566157E-087
  -380.979323085466      -5.665537906311410E-087  9.868680058710656E-087
  -380.186442080085       3.286793382751027E-086  3.258861104235362E-087
  -379.393561074704      -3.523603155986500E-086 -8.910485564572088E-086
  -378.600680069324      -1.694954238072121E-085  2.157319406895473E-085
  -377.807799063943       7.627752171530826E-085  6.737471283255490E-086
  -377.014918058562      -1.046596483762270E-084 -1.774149536036516E-084
  -376.222037053181      -1.974660816970823E-084  4.906836417071406E-084
  -375.429156047801       1.231484484227345E-083 -3.749016582174418E-084
  -374.636275042420      -2.462143517357111E-083 -1.637943134427286E-083
  -373.843394037039       6.266572183508230E-084  6.376030796476280E-083
  -373.050513031658       9.452807279353822E-083 -9.101906909518073E-083
  -372.257632026277      -2.520851997424563E-082 -4.182714554492596E-083
  -371.464751020897       2.016308734131857E-082  4.323131992417804E-082
  -370.671870015516       4.732633118061217E-082 -7.213117764284313E-082
  -369.878989010135      -1.525085153724543E-081 -1.212644888085803E-082
  -369.086108004754       9.676051298896206E-082  2.515137892315590E-081
  -368.293226999373       3.462587160990329E-081 -3.290581003503209E-081
  -367.500345993993      -7.698232699367594E-081 -3.894294114703574E-081
  -366.707464988612      -2.706166135219458E-081  1.582531208947781E-080
  -365.914583983231       3.093617137281338E-080 -2.949772908222748E-081
  -365.121702977850      -2.077081376886894E-080 -5.948353986539859E-080
  -364.328821972470      -1.134367886578747E-079  7.202072366708330E-080
  -363.535940967089       2.159342498546110E-079  2.108258692779309E-079
  -362.743059961708       3.581379586564508E-079 -6.158377964359291E-079
  -361.950178956327      -1.702720805755845E-078 -4.398530618985215E-079
  -361.157297950946       2.660134113780204E-079  4.496193944342367E-078
  -360.364416945566       1.082875881772579E-077 -4.802472015330284E-078
  -359.571535940185      -2.328427018676614E-077 -2.138125299834214E-077
  -358.778654934804      -2.313168307934294E-077  8.125942321598586E-077
  -357.985773929423       2.166296376584910E-076 -5.361952021870262E-077
  -357.192892924042      -4.180018061110623E-076 -3.951352627932309E-076
  -356.400011918662      -2.023355997617041E-076  1.415688394490426E-075
  -355.607130913281       2.966176133795248E-075 -1.654771967364540E-075
  -354.814249907900      -7.085678819769259E-075 -2.883574290609004E-075
  -354.021368902519       4.825057071298160E-075  1.553087630096132E-074
  -353.228487897139       1.792624254464273E-074 -2.720261453985606E-074
  -352.435606891758      -6.132407820091737E-074  5.549296887325770E-075
  -351.642725886377       7.408517312240799E-074  8.169819361226710E-074
  -350.849844880996       4.221877543635443E-074 -1.837614497071832E-073
  -350.056963875615      -2.933979503385288E-073  1.022199756706800E-073
  -349.264082870235       3.725211600788541E-073  3.324808516768049E-073
  -348.471201864854       2.190300014763344E-073 -7.621533882454138E-073
  -347.678320859473      -1.254231636736780E-072  1.390059158086146E-073
  -346.885439854092       8.776965329203574E-073  1.840984441904796E-072
  -346.092558848712       2.526289612145156E-072 -2.259953107154984E-072
  -345.299677843331      -4.842611160283320E-072 -3.288894731705300E-072
  -344.506796837950      -3.941629908860813E-072  9.826082253770847E-072
  -343.713915832569       1.980980860024830E-071  3.664850309701328E-072
  -342.921034827188      -4.986810975261540E-073 -4.038352890565163E-071
  -342.128153821808      -8.312456343030158E-071  1.835471824215873E-071
  -341.335272816427       8.060716481533567E-071  1.695284487737978E-070
  -340.542391811046       3.281750259340512E-070 -2.775256016606203E-070
  -339.749510805665      -8.513152351528334E-070 -5.471771372582752E-070
  -338.956629800285      -5.502256588716823E-070  2.360719176658964E-069
  -338.163748794904       5.762694597347941E-069 -9.332242142176431E-070
  -337.370867789523      -7.855624268261877E-069 -1.155197819247815E-068
  -336.577986784142      -1.553278205093681E-068  2.893503912797111E-068
  -335.785105778761       7.501826946672284E-068 -2.043211455715770E-069
  -334.992224773381      -9.031075213740712E-068 -1.383205119706602E-067
  -334.199343768000      -1.416711287128957E-067  3.175880193950942E-067
  -333.406462762619       6.874734605247894E-067 -1.133842365129541E-067
  -332.613581757238      -8.983833127202368E-067 -9.753481986273978E-067
  -331.820700751857      -6.182620024069054E-067  2.318864598518982E-066
  -331.027819746477       3.989267075996398E-066 -1.138046837870502E-066
  -330.234938741096      -4.842585309895388E-066 -4.917043418923882E-066
  -329.442057735715      -3.730954873589219E-066  1.052256891246948E-065
  -328.649176730334       1.775483188841554E-065 -1.028620301219217E-066
  -327.856295724954      -1.101856397226721E-065 -2.605110268458381E-065
  -327.063414719573      -3.521720918963322E-065  2.889600339314212E-065
  -326.270533714192       6.006393304532359E-065  4.540617582555505E-065
  -325.477652708811       5.662908341033760E-065 -1.161559417477543E-064
  -324.684771703430      -2.225738290816760E-064 -6.691841723072648E-065
  -323.891890698050      -6.598611411208860E-065  4.358134901281464E-064
  -323.099009692669       8.839834555925254E-064  1.321501116039830E-065
  -322.306128687288      -2.379654259056454E-064 -1.859559120829419E-063
  -321.513247681907      -4.014959299818478E-063  1.194252934204436E-063
  -320.720366676527       4.543651479069484E-063  8.685260367449355E-063
  -319.927485671146       1.797886292781337E-062 -1.562800996375258E-062
  -319.134604665765      -4.999704315407185E-062 -3.228980001529186E-062
  -318.341723660384      -3.566919753466783E-062  1.468453701442039E-061
  -317.548842655003       3.806025416472773E-061 -5.858659720164774E-062
  -316.755961649623      -5.484873597960329E-061 -8.028720477441111E-061
  -315.963080644242      -1.093227759002872E-060  2.138984088634255E-060
  -315.170199638861       5.723261259226272E-060 -4.170962768529888E-061
  -314.377318633480      -7.995838169591753E-060 -1.040242673334678E-059
  -313.584437628099      -8.604805566939929E-060  2.715341503741692E-059
  -312.791556622719       5.555907421090002E-059 -1.807097114261860E-059
  -311.998675617338      -9.090182373944308E-059 -6.719272983499566E-059
  -311.205794611957      -6.775312895281494E-060  2.066508433098725E-058
  -310.412913606576       3.082149109642962E-058 -1.853321311623527E-058
  -309.620032601196      -5.279400647294356E-058 -2.860568667547247E-058
  -308.827151595815      -1.353057187769594E-059  9.738626425046154E-058
  -308.034270590434       1.425480708694592E-057 -6.247908216648658E-058
  -307.241389585053      -1.753833694182545E-057 -1.763412785920800E-057
  -306.448508579672      -1.840224977346432E-057  3.589058080339160E-057
  -305.655627574292       6.583094870526419E-057  1.395992494705944E-057
  -304.862746568911      -1.775982449377472E-058 -1.168686785409979E-056
  -304.069865563530      -2.085974117468592E-056  4.447100658718132E-057
  -303.276984558149       1.559455167721149E-056  3.807530265460669E-056
  -302.484103552769       7.106294488460764E-056 -4.509195160834190E-056
  -301.691222547388      -1.249987224538013E-055 -1.329388898789907E-055
  -300.898341542007      -2.360627017954882E-055  3.447735320954434E-055
  -300.105460536626       9.445976063090390E-055  3.394063801416963E-055
  -299.312579531245       9.655325438200956E-056 -2.503242331317582E-054
  -298.519698525865      -6.076049090310141E-054  2.066502717416094E-054
  -297.726817520484       1.146888131963146E-053  1.205782983869756E-053
  -296.933936515103       1.307379807519905E-053 -4.096737470507728E-053
  -296.141055509722      -1.053061247780313E-052  2.809839713860307E-053
  -295.348174504342       2.079150536350447E-052  1.670587362969124E-052
  -294.555293498961      -7.135190410608773E-054 -6.211527233435320E-052
  -293.762412493580      -1.001450551800473E-051  9.205455581936180E-052
  -292.969531488199       2.768686846386289E-051  1.846204691559541E-052
  -292.176650482818      -3.406063493306344E-051 -3.987188069347037E-051
  -291.383769477438      -8.696314078379480E-052  9.125554542760699E-051
  -290.590888472057       1.181522807832986E-050 -9.015449798811030E-051
  -289.798007466676      -2.199966690015477E-050 -4.700123607730244E-051
  -289.005126461295       1.384103372260385E-050  2.898495835612174E-050
  -288.212245455914       2.228711253755352E-050 -3.774998673524737E-050
  -287.419364450534      -5.808209837022123E-050 -7.829974462837347E-052
  -286.626483445153       3.167648017532619E-050  6.908772871292359E-050
  -285.833602439772       6.987639698063901E-050 -7.143715499147706E-050
  -285.040721434391      -1.190634794998686E-049 -6.214313115683302E-050
  -284.247840429011      -4.702662389920780E-050  1.814625325963779E-049
  -283.454959423630       2.745767729713027E-049  2.233640415745398E-050
  -282.662078418249      -2.146668840737561E-050 -4.304173635170796E-049
  -281.869197412868      -7.143627180673304E-049  1.118078172841769E-049
  -281.076316407487       3.259407010365507E-049  1.264641198302674E-048
  -280.283435402107       2.377036482442078E-048 -8.902281187049591E-049
  -279.490554396726      -2.489639513884631E-048 -4.661950289774752E-048
  -278.697673391345      -9.206689017343075E-048  7.206457637286339E-048
  -277.904792385964       2.114494464793418E-047  1.704990026557641E-047
  -277.111911380583       2.461049447677179E-047 -6.052141228073559E-047
  -276.319030375203      -1.600607991225625E-046 -3.738597028118882E-048
  -275.526149369822       1.574768266480686E-046  3.600889054275135E-046
  -274.733268364441       5.765023640748981E-046 -7.554097358629918E-046
  -273.940387359060      -2.220348269372841E-045 -1.773252504721609E-046
  -273.147506353680       2.604613431997773E-045  4.257230273026530E-045
  -272.354625348299       3.605950893601497E-045 -9.931649830107212E-045
  -271.561744342918      -1.964403270701115E-044  7.298996189111574E-045
  -270.768863337537       3.406966464753230E-044  1.844182741484217E-044
  -269.975982332156      -1.462516210219688E-044 -6.503940715115604E-044
  -269.183101326776      -6.480096479064438E-044  8.519956816715014E-044
  -268.390220321395       1.613781494388790E-043 -2.544893194247261E-045
  -267.597339316014      -1.368508533913894E-043 -1.858050032611306E-043
  -266.804458310633      -1.160139686848109E-043  2.949122351478176E-043
  -266.011577305253       4.213335692862807E-043 -5.122053534743845E-044
  -265.218696299872      -2.935251321161656E-043 -4.812260400907665E-043
  -264.425815294491      -4.658416350832616E-043  5.943470225107518E-043
  -263.632934289110       9.672326812824063E-043  3.751755351344808E-043
  -262.840053283729       1.922986513327226E-043 -1.470726684769428E-042
  -262.047172278349      -2.228441282694403E-042  1.504173383066648E-043
  -261.254291272968       8.383976337733861E-043  3.472977321441279E-042
  -260.461410267587       5.630260501068685E-042 -2.344621514426710E-042
  -259.668529262206      -5.878224719683853E-042 -9.435156956274617E-042
  -258.875648256826      -1.591113198151482E-041  1.454736710239215E-041
  -258.082767251445       3.617659281819686E-041  2.534833871488865E-041
  -257.289886246064       3.195871140084462E-041 -8.909787252645513E-041
  -256.497005240683      -2.094313903677779E-040 -4.227928008507270E-042
  -255.704124235302       1.697477601027833E-040  4.403611249415230E-040
  -254.911243229922       7.249049968643111E-040 -7.816443105695070E-040
  -254.118362224541      -2.316342000091758E-039 -5.324760574483495E-040
  -253.325481219160       1.808404687559168E-039  4.822902887763767E-039
  -252.532600213779       5.787266527843830E-039 -8.996352017814879E-039
  -251.739719208398      -2.088845338989468E-038  2.395325120793515E-039
  -250.946838203018       2.863545278511902E-038  2.606929865300245E-038
  -250.153957197637       2.328985096448600E-040 -6.638206383863956E-038
  -249.361076192256      -7.857427432579203E-038  7.053931441564687E-038
  -248.568195186875       1.548837244423169E-037  1.891110650150442E-038
  -247.775314181495      -1.147713145140429E-037 -1.822359119835263E-037
  -246.982433176114      -1.025656583234805E-037  2.608787715492602E-037
  -246.189552170733       3.418121085185144E-037 -6.849802196815922E-038
  -245.396671165352      -2.709845369347918E-037 -3.220065627985848E-037
  -244.603790159971      -2.158617466561644E-037  4.531650799607240E-037
  -243.810909154591       5.996003948464610E-037  5.590993525367765E-038
  -243.018028149210      -1.380958891075309E-037 -7.263979547770129E-037
  -242.225147143829      -8.668004186267550E-037  3.730002736014674E-037
  -241.432266138448       6.886385754202194E-037  1.064553586099773E-036
  -240.639385133067       1.378444477462670E-036 -1.173832220907109E-036
  -239.846504127687      -2.012690770334846E-036 -1.894442693035461E-036
  -239.053623122306      -2.734461648024644E-036  3.599999278181353E-036
  -238.260742116925       6.813589228457289E-036  4.016768992128677E-036
  -237.467861111544       5.588904164350566E-036 -1.362789419070494E-035
  -236.674980106164      -2.835099179141508E-035 -5.908168671174362E-036
  -235.882099100783       1.790205268679010E-036  5.943668042288030E-035
  -235.089218095402       1.191832490772673E-034 -4.035317562446937E-035
  -234.296337090021      -1.719437350164323E-034 -2.085558048725899E-034
  -233.503456084640      -2.518981218545194E-034  5.223541940208793E-034
  -232.710575079260       1.220658955946507E-033 -6.123639712150007E-035
  -231.917694073879      -1.429547203405138E-033 -2.038523790257357E-033
  -231.124813068498      -1.634749239335974E-033  4.547037448177808E-033
  -230.331932063117       8.408989907701571E-033 -2.682303224345930E-033
  -229.539051057737      -1.255278575863250E-032 -8.294408305573780E-033
  -228.746170052356       2.401547213884500E-033  2.370413431932940E-032
  -227.953289046975       2.505379892747313E-032 -2.451104926091969E-032
  -227.160408041594      -4.756522945614647E-032 -7.281325663581607E-033
  -226.367527036213       2.691701554273034E-032  5.607145779943454E-032
  -225.574646030833       4.212848239258789E-032 -6.402171751691015E-032
  -224.781765025452      -9.086426378689109E-032 -9.919451416311891E-033
  -223.988884020071       3.077321658353459E-032  1.028168995923158E-031
  -223.196003014690       1.031324724942079E-031 -7.286992821863082E-032
  -222.403122009309      -1.154889961958959E-031 -9.806968380372829E-032
  -221.610241003929      -9.336702372554704E-032  1.636359867777402E-031
  -220.817359998548       2.278578140267609E-031  9.346184251951105E-032
  -220.024478993167       1.023234250012093E-031 -3.267727498219749E-031
  -219.231597987786      -4.953045796056380E-031 -1.244302129657905E-031
  -218.438716982406      -1.636871479541458E-031  8.046782342876361E-031
  -217.645835977025       1.409325540200876E-030  2.126825059131935E-031
  -216.852954971644       2.024958859921206E-031 -2.655737194289824E-030
  -216.060073966263      -5.320384518637077E-030  1.959020850923221E-031
  -215.267192960882       2.278966769221104E-030  1.103603943032773E-029
  -214.474311955502       2.258470204984832E-029 -1.053678248825224E-029
  -213.681430950121      -3.839520628020055E-029 -4.169139690995818E-029
  -212.888549944740      -5.535960438008606E-029  1.178783779550743E-028
  -212.095668939359       2.966899983580268E-028 -8.537182262635453E-030
  -211.302787933979      -3.573764320378945E-028 -5.536395003722703E-028
  -210.509906928598      -5.256167704949997E-028  1.299200261504932E-027
  -209.717025923217       2.700546215061384E-027 -7.935814516514355E-028
  -208.924144917836      -4.437918166619585E-027 -2.858521179491774E-027
  -208.131263912455       1.519102202285996E-027  9.049923114665763E-027
  -207.338382907075       9.013266146660180E-027 -1.166010614483419E-026
  -206.545501901694      -2.182042074467898E-026  1.710611507964554E-027
  -205.752620896313       2.140086075876046E-026  2.132432383184074E-026
  -204.959739890932       4.582719223835096E-027 -3.883091202921094E-026
  -204.166858885551      -4.230881252543407E-026  2.272301928039998E-026
  -203.373977880171       4.891879471069679E-026  2.887266576948732E-026
  -202.581096874790       3.958888780030226E-027 -6.565553406849259E-026
  -201.788215869409      -7.155403220637316E-026  2.521280417673813E-026
  -200.995334864028       5.477450279578002E-026  6.975505392128909E-026
  -200.202453858648       6.417857624530984E-026 -8.539581618745048E-026
  -199.409572853267      -1.216544615309630E-025 -5.736962522004227E-026
  -198.616691847886      -4.969104773116802E-026  1.721225154178320E-025
  -197.823810842505       2.517018170987584E-025  3.823915507047585E-026
  -197.030929837124       1.295088705978104E-026 -3.876283830261251E-025
  -196.238048831744      -6.314220003861276E-025  5.569822539009114E-026
  -195.445167826363       2.524078459335400E-025  1.078741173534674E-024
  -194.652286820982       1.888317400051075E-024 -8.147019803572453E-025
  -193.859405815601      -2.375757559170952E-024 -3.235567925385127E-024
  -193.066524810221      -4.940198526629654E-024  6.462988511096033E-024
  -192.273643804840       1.610718640766059E-023  5.019847162285698E-024
  -191.480762799459      -4.137610888360509E-024 -3.501447896636992E-023
  -190.687881794078      -6.005464420107162E-023  4.165730871917278E-023
  -189.895000788697       1.357471085696909E-022  5.900632634925542E-023
  -189.102119783317      -5.816520800456237E-023 -2.828863918569684E-022
  -188.309238777936      -3.482799566615371E-022  4.080286385432859E-022
  -187.516357772555       9.397940241534980E-022  8.337788451729990E-024
  -186.723476767174      -1.006972456103742E-021 -1.169552256261947E-021
  -185.930595761794      -3.153928163111566E-022  2.348127117784255E-021
  -185.137714756413       2.839419922214060E-021 -1.877238772887123E-021
  -184.344833751032      -4.403828115399621E-021 -1.325872986086806E-021
  -183.551952745651       2.104745278384123E-021  5.504087129274528E-021
  -182.759071740270       4.057854899247416E-021 -5.997493004926839E-021
  -181.966190734890      -8.643194961305291E-021 -3.310641529973215E-022
  -181.173309729509       4.530100250430838E-021  9.128797589604838E-021
  -180.380428724128       7.450445658506060E-021 -9.433349658601929E-021
  -179.587547718747      -1.383412414918514E-020 -3.977824023356067E-021
  -178.794666713366       1.110255139211797E-021  1.768007807707180E-020
  -178.001785707986       2.109660889385988E-020 -8.172375806505012E-021
  -177.208904702605      -1.832793462160165E-020 -2.398906688353018E-020
  -176.416023697224      -2.545589448236130E-020  3.370938049843725E-020
  -175.623142691843       5.772848727413376E-020  2.261920487635418E-020
  -174.830261686463       8.161245685213549E-021 -9.486516680218291E-020
  -174.037380681082      -1.482452964327956E-019  3.431072199852668E-020
  -173.244499675701       1.367885668038716E-019  2.105609880515174E-019
  -172.451618670320       2.401989089696110E-019 -3.489806275306507E-019
  -171.658737664939      -7.131003326084021E-019 -1.168579540487903E-019
  -170.865856659559       3.977712672948372E-019  1.164463465245145E-018
  -170.072975654178       1.328936515462653E-018 -1.580539969922728E-018
  -169.280094648797      -3.351164967683823E-018 -3.673017710406073E-019
  -168.487213643416       2.636449694246973E-018  4.586727941134689E-018
  -167.694332638036       2.980628434493864E-018 -7.314725755996221E-018
  -166.901451632655      -1.065320525985724E-017  3.230433957354757E-018
  -166.108570627274       1.225130523368100E-017  8.200088103868289E-018
  -165.315689621893      -1.589524166869862E-018 -1.825829968115733E-017
  -164.522808616512      -1.586105296014823E-017  1.444400131541712E-017
  -163.729927611132       2.323422791272729E-017  5.171302793515663E-018
  -162.937046605751      -8.521381488605997E-018 -2.381146795004174E-017
  -162.144165600370      -1.725639409043124E-017  1.952919648949999E-017
  -161.351284594989       2.536041679544097E-017  7.423472661725993E-018
  -160.558403589608      -2.355640874712348E-018 -2.666176998179362E-017
  -159.765522584228      -2.534824751443155E-017  1.063097143024990E-017
  -158.972641578847       1.750502505187446E-017  2.313702659365818E-017
  -158.179760573466       2.106109360372242E-017 -2.388759645418052E-017
  -157.386879568085      -3.105830882682389E-017 -1.954320510254410E-017
  -156.593998562705      -1.855149001473015E-017  4.065265145910463E-017
  -155.801117557324       5.499853121460818E-017  1.755229015250531E-017
  -155.008236551943       1.500574932213920E-017 -7.777719967718471E-017
  -154.215355546562      -1.150037919280164E-016 -6.883607589395562E-018
  -153.422474541181       1.697340239230989E-017  1.759870845837567E-016
  -152.629593535801       2.724363714682018E-016 -8.089454712623641E-017
  -151.836712530420      -2.384294738115357E-016 -4.094508718807389E-016
  -151.043831525039      -5.527177346209187E-016  5.916963638659119E-016
  -150.250950519658       1.288113463174174E-015  5.467290707726292E-016
  -149.458069514277      -1.792693940398664E-017 -2.411038206268940E-015
  -148.665188508897      -3.635525715011790E-015  1.858900386552439E-015
  -147.872307503516       5.600305565088429E-015  3.689474037833455E-015
  -147.079426498135       2.723246674195052E-016 -1.055750038146863E-014
  -146.286545492754      -1.339073953727103E-014  8.399738051453295E-015
  -145.493664487374       2.052182986997050E-014  8.893494919686479E-015
  -144.700783481993      -5.750501616132781E-015 -2.930623866340128E-014
  -143.907902476612      -2.672417355530879E-014  2.660609080755996E-014
  -143.115021471231       4.413892676511887E-014  1.008637890405801E-014
  -142.322140465850      -1.543616819793944E-014 -4.979482444784788E-014
  -141.529259460470      -4.138962357952288E-014  4.090633328827099E-014
  -140.736378455089       5.957469481317229E-014  2.271946163105087E-014
  -139.943497449708      -5.634616530345250E-016 -6.947748764709965E-014
  -139.150616444327      -7.226606226834528E-014  2.448700584919394E-014
  -138.357735438947       4.793436098053422E-014  7.081449773978704E-014
  -137.564854433566       6.751830396284931E-014 -7.228398080460185E-014
  -136.771973428185      -1.008724551576251E-013 -6.354835594224190E-014
  -135.979092422804      -5.842654357297071E-014  1.390724692952904E-013
  -135.186211417423       1.952666320823803E-013  4.901963873048848E-014
  -134.393330412043       2.665297576120999E-014 -2.827385901358951E-013
  -133.600449406662      -4.219060419367835E-013  3.012602237737223E-014
  -132.807568401281       1.719161112031646E-013  6.397986626682168E-013
  -132.014687395900       9.555235054288491E-013 -5.110400468337050E-013
  -131.221806390520      -1.271876942592185E-012 -1.320362557409968E-012
  -130.428925385139      -1.448958953822777E-012  2.820923321385212E-012
  -129.636044379758       5.515341744712163E-012  4.799958969782136E-013
  -128.843163374377      -3.387655680214565E-012 -9.005185591409948E-012
  -128.050282368996      -1.067963349323689E-011  1.247757641244461E-011
  -127.257401363616       2.687756401289942E-011  4.172562181362018E-012
  -126.464520358235      -1.850914807085447E-011 -3.907830045964068E-011
  -125.671639352854      -3.138935166034853E-011  5.742718710598519E-011
  -124.878758347473       9.277773701819519E-011 -1.381064148337804E-011
  -124.085877342092      -9.134010924655295E-011 -8.824690179445429E-011
  -123.292996336712      -1.937283027496019E-011  1.614252369069407E-010
  -122.500115331331       1.722905507202825E-010 -9.657450496062662E-011
  -121.707234325950      -2.054723499688316E-010 -1.015244017605837E-010
  -120.914353320569       2.652627808229392E-011  2.548903490927407E-010
  -120.121472315189       2.269159938240610E-010 -1.624535129883543E-010
  -119.328591309808      -2.655602198496958E-010 -1.384767075532154E-010
  -118.535710304427      -1.973007652521848E-011  3.200560516639377E-010
  -117.742829299046       3.301603613234348E-010 -1.057339221186775E-010
  -116.949948293665      -2.281626762271876E-010 -3.072170985443964E-010
  -116.157067288285      -2.594004209182393E-010  3.496526842404429E-010
  -115.364186282904       4.793609051970599E-010  1.860549967984330E-010
  -114.571305277523       7.392407016001338E-011 -6.290212375092596E-010
  -113.778424272142      -8.077468592671468E-010  1.080432595419480E-010
  -112.985543266762       4.170311220023699E-010  1.011511124652412E-009
  -112.192662261381       1.198625988530094E-009 -9.454900417669719E-010
  -111.399781256000      -1.818021505611738E-009 -1.238810011409762E-009
  -110.606900250619      -8.288799400366452E-010  3.139552450548448E-009
  -109.814019245238       4.825455889775948E-009 -5.923791479598957E-010
  -109.021138239858      -3.789227209960495E-009 -6.247229031617338E-009
  -108.228257234477      -5.790047077424016E-009  9.240443781356435E-009
  -107.435376229096       1.597028975543117E-008  8.590303622577702E-010
  -106.642495223715      -1.069399497587898E-008 -2.017300714011119E-008
  -105.849614218334      -1.547767999919660E-008  2.739997593503916E-008
  -105.056733212954       4.149961840568002E-008 -3.070298878642820E-009
  -104.263852207573      -3.266636308965267E-008 -4.120839791824563E-008
  -103.470971202192      -1.917023850496029E-008  6.045765579731975E-008
  -102.678090196811       7.044887615464636E-008 -1.964116575433820E-008
  -101.885209191431      -5.952371917571538E-008 -5.494198604261925E-008
  -101.092328186050      -1.952911583961108E-008  8.459672078900468E-008
  -100.299447180669       8.813104006080543E-008 -2.243322234296886E-008
  -99.5065661752882      -5.909706881427772E-008 -7.332642233684204E-008
  -98.7136851699074      -4.781704111084453E-008  8.512629686598136E-008
  -97.9208041645266       1.010023862704042E-007  1.813948632388796E-008
  -97.1279231591459      -1.269100235960630E-008 -1.098902003101008E-007
  -96.3350421537651      -1.149768326112406E-007  4.515198171320111E-008
  -95.5421611483843       8.248887018656344E-008  1.179860015972994E-007
  -94.7492801430035       1.181548155453594E-007 -1.303612372276782E-007
  -93.9563991376227      -1.969743198788342E-007 -1.105094303657868E-007
  -93.1635181322419      -8.207984579299783E-008  2.928745451788396E-007
  -92.3706371268612       4.279335548523911E-007  4.579271458358120E-009
  -91.5777561214804      -1.766997099648728E-007 -5.995358075036891E-007
  -90.7848751160996      -7.606172661983637E-007  5.513667056787309E-007
  -89.9919941107188       1.223779652871589E-006  7.555611353364847E-007
  -89.1991131053380       2.404396287730880E-007 -2.203910015531388E-006
  -88.4062320999573      -3.141456515164117E-006  1.296544522334090E-006
  -87.6133510945765       4.149007551497279E-006  2.991876590732768E-006
  -86.8204700891957       1.463716879256945E-007 -7.464111794637071E-006
  -86.0275890838149      -8.443551111863009E-006  6.145046899071216E-006
  -85.2347080784341       1.339854097094581E-005  3.550945080492266E-006
  -84.4418270730533      -7.460790150824625E-006 -1.563558746297864E-005
  -83.6489460676726      -8.158047738820184E-006  1.858364188009541E-005
  -82.8560650622918       2.132726449477857E-005 -6.382655929098665E-006
  -82.0631840569110      -1.894605263434160E-005 -1.291194756801646E-005
  -81.2703030515302       1.042810662073079E-006  2.229335952685256E-005
  -80.4774220461494       1.660202607515108E-005 -1.242993721884508E-005
  -79.6845410407687      -1.723370119915997E-005 -7.094449878648687E-006
  -78.8916600353879       1.362419127578104E-006  1.637754895243301E-005
  -78.0987790300071       1.274078214443215E-005 -6.803577219263501E-006
  -77.3058980246263      -9.513710884214445E-006 -8.634501042914595E-006
  -76.5130170192455      -5.128362765642053E-006  1.055246488416062E-005
  -75.7201360138647       1.087282333873506E-005  2.408498778776998E-006
  -74.9272550084840       2.547401462769742E-007 -1.109341155459334E-005
  -74.1343740031032      -1.156599629902176E-005  1.693190207778380E-006
  -73.3414929977224       3.871407641944426E-006  1.248601191054591E-005
  -72.5486119923416       1.394147535119900E-005 -6.856548347319885E-006
  -71.7557309869608      -1.151587477452107E-005 -1.584085699384065E-005
  -70.9628499815800      -1.761259310051169E-005  1.920190161831647E-005
  -70.1699689761993       3.183001301618265E-005  1.746530341732204E-005
  -69.3770879708185       1.097098243173545E-005 -5.128094541817068E-005
  -68.5842069654377      -7.679270697450577E-005  1.072878153313621E-005
  -67.7913259600569       6.064208862586362E-005  9.853102425992818E-005
  -66.9984449546761       8.842419368516954E-005 -1.470287936191693E-004
  -66.2055639492953      -2.489697152826205E-004 -3.496555572278012E-007
  -65.4126829439146       1.952581532564624E-004  2.885139112810489E-004
  -64.6198019385338       1.515816197156236E-004 -4.385509529036525E-004
  -63.8269209331530      -5.481115288066568E-004  1.965144301405470E-004
  -63.0340399277722       5.898008115585931E-004  3.459031442651047E-004
  -62.2411589223914      -1.257412534445027E-004 -7.385419293078970E-004
  -61.4482779170106      -5.036250635411071E-004  5.782768834645734E-004
  -60.6553969116299       7.357713457569862E-004  4.396984753363941E-005
  -59.8625159062491      -3.534838317422030E-004 -5.704815106316152E-004
  -59.0696349008683      -2.573426531302547E-004  5.259990048755197E-004
  -58.2767538954875       4.958770005805660E-004 -2.229925396516745E-005
  -57.4838728901067      -1.914078885754338E-004 -3.681342776597540E-004
  -56.6909918847260      -2.297628679384068E-004  2.604249639084759E-004
  -55.8981108793452       2.700200567963057E-004  1.199088487414708E-004
  -55.1052298739644       4.389236086007996E-005 -2.552600111336551E-004
  -54.3123488685836      -2.367193982281588E-004  6.831973746757990E-006
  -53.5194678632028       4.325804340416963E-005  2.239010480809502E-004
  -52.7265868578220       2.203836879733026E-004 -7.523245623333899E-005
  -51.9337058524413      -1.118662614407213E-004 -2.270725512478327E-004
  -51.1408248470605      -2.430794264336991E-004  1.635660451912943E-004
  -50.3479438416797       2.446837645961723E-004  2.639692963266475E-004
  -49.5550628362989       2.760184580351192E-004 -3.756884194176392E-004
  -48.7621818309181      -5.811908622105257E-004 -2.440900211187344E-004
  -47.9693008255373      -9.294748962708749E-005  8.738972939546007E-004
  -47.1764198201566       1.207261704218931E-003 -3.048174720858905E-004
  -46.3835388147758      -1.088658293213298E-003 -1.389620045266265E-003
  -45.5906578093950      -1.020092907199829E-003  2.244488905289766E-003
  -44.7977768040142       3.321852492505862E-003 -3.676933073893956E-004
  -44.0048957986334      -2.781237781520676E-003 -3.332307196566171E-003
  -43.2120147932526      -1.338562974777068E-003  5.173249128810098E-003
  -42.4191337878719       5.720556081026768E-003 -2.364567243912462E-003
  -41.6262527824911      -5.812653952001595E-003 -3.372926370506045E-003
  -40.8333717771103       8.151679562420862E-004  6.788211984961072E-003
  -40.0404907717295       4.822225154993100E-003 -4.419181129348365E-003
  -39.2476097663487      -5.751119659971794E-003 -1.429912335194943E-003
  -38.4547287609680       1.481945631073899E-003  4.918826910834105E-003
  -37.6618477555872       3.096070831551635E-003 -3.006670838657752E-003
  -36.8689667502064      -3.303346241448090E-003 -1.342706127203523E-003
  -36.0760857448256      -1.132981837683497E-004  2.941507708481148E-003
  -35.2832047394448       2.393883901973815E-003 -5.966762776134834E-004
  -34.4903237340640      -9.607887942642797E-004 -1.902444892471746E-003
  -33.6974427286833      -1.542126507495643E-003  1.149661624475683E-003
  -32.9045617233025       1.283061487964116E-003  1.309784695571377E-003
  -32.1116807179217       1.177604616502437E-003 -1.440045457203431E-003
  -31.3187997125409      -1.682901144238486E-003 -1.111834211719180E-003
  -30.5259187071601      -1.068439633103124E-003  2.079258575274196E-003
  -29.7330377017793       2.718189378000155E-003  9.686767099451875E-004
  -28.9401566963986       6.467219492703216E-004 -3.710635281464728E-003
  -28.1472756910178      -5.140109552687537E-003  2.408598917591005E-004
  -27.3543946856370       2.321122177340409E-003  6.883832429408722E-003
  -26.5615136802562       8.195004770576495E-003 -6.476854357394182E-003
  -25.7686326748754      -1.328521271174808E-002 -7.093136239548964E-003
  -24.9757516694946      -2.525704404236537E-004  2.142974730636740E-002
  -24.1828706641139       2.558618960054855E-002 -1.497006017966610E-002
  -23.3899896587331      -3.546320357414611E-002 -1.694269265031180E-002
  -22.5971086533523       9.488634906269992E-003  4.843623547521280E-002
  -21.8042276479715       3.786228559436847E-002 -4.417528884365086E-002
  -21.0113466425907      -6.399425837505281E-002 -1.667617091063028E-003
  -20.2184656372100       3.989754219892869E-002  5.212208541536804E-002
  -19.4255846318292       1.606697878717937E-002 -6.079687597529027E-002
  -18.6327036264484      -5.295593136362749E-002  2.019403096686064E-002
  -17.8398226210676       3.912694829004812E-002  2.878800986424216E-002
  -17.0469416156868       4.956001127446463E-003 -3.985064137092938E-002
  -16.2540606103060      -3.092189615461121E-002  1.018305993623514E-002
  -15.4611796049253       1.674126586092395E-002  2.034778477727733E-002
  -14.6682985995445       1.191300027735276E-002 -1.811389156527980E-002
  -13.8754175941637      -1.736020044625717E-002 -6.233669467454602E-003
  -13.0825365887829      -2.643737505874813E-003  1.625832005082341E-002
  -12.2896555834021       1.562335836611659E-002  2.782283712238425E-004
  -11.4967745780213      -1.602867567167848E-003 -1.580004294158536E-002
  -10.7038935726406      -1.698169499844734E-002  3.666145785012516E-003
  -9.91101256725978       6.718023405317443E-003  1.933581946333003E-002
  -9.11813156187900       2.292295485347413E-002 -1.204248186775343E-002
  -8.32525055649822      -2.187427142745721E-002 -2.722494290991525E-002
  -7.53236955111743      -2.978566432260293E-002  3.979519894275227E-002
  -6.73948854573665       6.991658858197151E-002  2.322544813254967E-002
  -5.94660754035587      -9.006781922820600E-003 -0.111555620507599     
  -5.15372653497509      -0.144412113421789       9.192862740863157E-002
  -4.36084552959430       0.235034537139265       0.108086892756903     
  -3.56796452421352      -8.474893481181610E-002 -0.369261254854467     
  -2.77508351883274      -0.303284882450780       0.432017243700044     
  -1.98220251345196       0.676226769371816      -0.127184348745262     
  -1.18932150807117      -0.711123156116725      -0.423819474846625     
 -0.396440502690391       0.304379810047805       0.857933240232452     
  0.396440502690391       0.304379810047805      -0.857933240232452     
   1.18932150807117      -0.711123156116725       0.423819474846625     
   1.98220251345196       0.676226769371816       0.127184348745262     
   2.77508351883274      -0.303284882450780      -0.432017243700044     
   3.56796452421352      -8.474893481181610E-002  0.369261254854467     
   4.36084552959430       0.235034537139265      -0.108086892756903     
   5.15372653497509      -0.144412113421789      -9.192862740863157E-002
   5.94660754035587      -9.006781922820600E-003  0.111555620507599     
   6.73948854573665       6.991658858197151E-002 -2.322544813254967E-002
   7.53236955111743      -2.978566432260293E-002 -3.979519894275227E-002
   8.32525055649822      -2.187427142745721E-002  2.722494290991525E-002
   9.11813156187900       2.292295485347413E-002  1.204248186775343E-002
   9.91101256725978       6.718023405317443E-003 -1.933581946333003E-002
   10.7038935726406      -1.698169499844734E-002 -3.666145785012516E-003
   11.4967745780213      -1.602867567167848E-003  1.580004294158536E-002
   12.2896555834021       1.562335836611659E-002 -2.782283712238425E-004
   13.0825365887829      -2.643737505874813E-003 -1.625832005082341E-002
   13.8754175941637      -1.736020044625717E-002  6.233669467454602E-003
   14.6682985995445       1.191300027735276E-002  1.811389156527980E-002
   15.4611796049253       1.674126586092395E-002 -2.034778477727733E-002
   16.2540606103060      -3.092189615461121E-002 -1.018305993623514E-002
   17.0469416156868       4.956001127446463E-003  3.985064137092938E-002
   17.8398226210676       3.912694829004812E-002 -2.878800986424216E-002
   18.6327036264484      -5.295593136362749E-002 -2.019403096686064E-002
   19.4255846318292       1.606697878717937E-002  6.079687597529027E-002
   20.2184656372100       3.989754219892869E-002 -5.212208541536804E-002
   21.0113466425907      -6.399425837505281E-002  1.667617091063028E-003
   21.8042276479715       3.786228559436847E-002  4.417528884365086E-002
   22.5971086533523       9.488634906269992E-003 -4.843623547521280E-002
   23.3899896587331      -3.546320357414611E-002  1.694269265031180E-002
   24.1828706641139       2.558618960054855E-002  1.497006017966610E-002
   24.9757516694946      -2.525704404236537E-004 -2.142974730636740E-002
   25.7686326748754      -1.328521271174808E-002  7.093136239548964E-003
   26.5615136802562       8.195004770576495E-003  6.476854357394182E-003
   27.3543946856370       2.321122177340409E-003 -6.883832429408722E-003
   28.1472756910178      -5.140109552687537E-003 -2.408598917591005E-004
   28.9401566963986       6.467219492703216E-004  3.710635281464728E-003
   29.7330377017793       2.718189378000155E-003 -9.686767099451875E-004
   30.5259187071601      -1.068439633103124E-003 -2.079258575274196E-003
   31.3187997125409      -1.682901144238486E-003  1.111834211719180E-003
   32.1116807179217       1.177604616502437E-003  1.440045457203431E-003
   32.9045617233025       1.283061487964116E-003 -1.309784695571377E-003
   33.6974427286833      -1.542126507495643E-003 -1.149661624475683E-003
   34.4903237340640      -9.607887942642797E-004  1.902444892471746E-003
   35.2832047394448       2.393883901973815E-003  5.966762776134834E-004
   36.0760857448256      -1.132981837683497E-004 -2.941507708481148E-003
   36.8689667502064      -3.303346241448090E-003  1.342706127203523E-003
   37.6618477555872       3.096070831551635E-003  3.006670838657752E-003
   38.4547287609680       1.481945631073899E-003 -4.918826910834105E-003
   39.2476097663487      -5.751119659971794E-003  1.429912335194943E-003
   40.0404907717295       4.822225154993100E-003  4.419181129348365E-003
   40.8333717771103       8.151679562420862E-004 -6.788211984961072E-003
   41.6262527824911      -5.812653952001595E-003  3.372926370506045E-003
   42.4191337878719       5.720556081026768E-003  2.364567243912462E-003
   43.2120147932526      -1.338562974777068E-003 -5.173249128810098E-003
   44.0048957986334      -2.781237781520676E-003  3.332307196566171E-003
   44.7977768040142       3.321852492505862E-003  3.676933073893956E-004
   45.5906578093950      -1.020092907199829E-003 -2.244488905289766E-003
   46.3835388147758      -1.088658293213298E-003  1.389620045266265E-003
   47.1764198201566       1.207261704218931E-003  3.048174720858905E-004
   47.9693008255373      -9.294748962708749E-005 -8.738972939546007E-004
   48.7621818309181      -5.811908622105257E-004  2.440900211187344E-004
   49.5550628362989       2.760184580351192E-004  3.756884194176392E-004
   50.3479438416797       2.446837645961723E-004 -2.639692963266475E-004
   51.1408248470605      -2.430794264336991E-004 -1.635660451912943E-004
   51.9337058524412      -1.118662614407213E-004  2.270725512478327E-004
   52.7265868578220       2.203836879733026E-004  7.523245623333899E-005
   53.5194678632028       4.325804340416963E-005 -2.239010480809502E-004
   54.3123488685836      -2.367193982281588E-004 -6.831973746757990E-006
   55.1052298739644       4.389236086007996E-005  2.552600111336551E-004
   55.8981108793452       2.700200567963057E-004 -1.199088487414708E-004
   56.6909918847259      -2.297628679384068E-004 -2.604249639084759E-004
   57.4838728901067      -1.914078885754338E-004  3.681342776597540E-004
   58.2767538954875       4.958770005805660E-004  2.229925396516745E-005
   59.0696349008683      -2.573426531302547E-004 -5.259990048755197E-004
   59.8625159062491      -3.534838317422030E-004  5.704815106316152E-004
   60.6553969116299       7.357713457569862E-004 -4.396984753363941E-005
   61.4482779170106      -5.036250635411071E-004 -5.782768834645734E-004
   62.2411589223914      -1.257412534445027E-004  7.385419293078970E-004
   63.0340399277722       5.898008115585931E-004 -3.459031442651047E-004
   63.8269209331530      -5.481115288066568E-004 -1.965144301405470E-004
   64.6198019385338       1.515816197156236E-004  4.385509529036525E-004
   65.4126829439146       1.952581532564624E-004 -2.885139112810489E-004
   66.2055639492953      -2.489697152826205E-004  3.496555572278012E-007
   66.9984449546761       8.842419368516954E-005  1.470287936191693E-004
   67.7913259600569       6.064208862586362E-005 -9.853102425992818E-005
   68.5842069654377      -7.679270697450577E-005 -1.072878153313621E-005
   69.3770879708185       1.097098243173545E-005  5.128094541817068E-005
   70.1699689761992       3.183001301618265E-005 -1.746530341732204E-005
   70.9628499815800      -1.761259310051169E-005 -1.920190161831647E-005
   71.7557309869608      -1.151587477452107E-005  1.584085699384065E-005
   72.5486119923416       1.394147535119900E-005  6.856548347319885E-006
   73.3414929977224       3.871407641944426E-006 -1.248601191054591E-005
   74.1343740031032      -1.156599629902176E-005 -1.693190207778380E-006
   74.9272550084840       2.547401462769742E-007  1.109341155459334E-005
   75.7201360138647       1.087282333873506E-005 -2.408498778776998E-006
   76.5130170192455      -5.128362765642053E-006 -1.055246488416062E-005
   77.3058980246263      -9.513710884214445E-006  8.634501042914595E-006
   78.0987790300071       1.274078214443215E-005  6.803577219263501E-006
   78.8916600353879       1.362419127578104E-006 -1.637754895243301E-005
   79.6845410407687      -1.723370119915997E-005  7.094449878648687E-006
   80.4774220461494       1.660202607515108E-005  1.242993721884508E-005
   81.2703030515302       1.042810662073079E-006 -2.229335952685256E-005
   82.0631840569110      -1.894605263434160E-005  1.291194756801646E-005
   82.8560650622918       2.132726449477857E-005  6.382655929098665E-006
   83.6489460676726      -8.158047738820184E-006 -1.858364188009541E-005
   84.4418270730533      -7.460790150824625E-006  1.563558746297864E-005
   85.2347080784341       1.339854097094581E-005 -3.550945080492266E-006
   86.0275890838149      -8.443551111863009E-006 -6.145046899071216E-006
   86.8204700891957       1.463716879256945E-007  7.464111794637071E-006
   87.6133510945765       4.149007551497279E-006 -2.991876590732768E-006
   88.4062320999573      -3.141456515164117E-006 -1.296544522334090E-006
   89.1991131053380       2.404396287730880E-007  2.203910015531388E-006
   89.9919941107188       1.223779652871589E-006 -7.555611353364847E-007
   90.7848751160996      -7.606172661983637E-007 -5.513667056787309E-007
   91.5777561214804      -1.766997099648728E-007  5.995358075036891E-007
   92.3706371268612       4.279335548523911E-007 -4.579271458358120E-009
   93.1635181322419      -8.207984579299783E-008 -2.928745451788396E-007
   93.9563991376227      -1.969743198788342E-007  1.105094303657868E-007
   94.7492801430035       1.181548155453594E-007  1.303612372276782E-007
   95.5421611483843       8.248887018656344E-008 -1.179860015972994E-007
   96.3350421537651      -1.149768326112406E-007 -4.515198171320111E-008
   97.1279231591459      -1.269100235960630E-008  1.098902003101008E-007
   97.9208041645266       1.010023862704042E-007 -1.813948632388796E-008
   98.7136851699074      -4.781704111084453E-008 -8.512629686598136E-008
   99.5065661752882      -5.909706881427772E-008  7.332642233684204E-008
   100.299447180669       8.813104006080543E-008  2.243322234296886E-008
   101.092328186050      -1.952911583961108E-008 -8.459672078900468E-008
   101.885209191431      -5.952371917571538E-008  5.494198604261925E-008
   102.678090196811       7.044887615464636E-008  1.964116575433820E-008
   103.470971202192      -1.917023850496029E-008 -6.045765579731975E-008
   104.263852207573      -3.266636308965267E-008  4.120839791824563E-008
   105.056733212954       4.149961840568002E-008  3.070298878642820E-009
   105.849614218334      -1.547767999919660E-008 -2.739997593503916E-008
   106.642495223715      -1.069399497587898E-008  2.017300714011119E-008
   107.435376229096       1.597028975543117E-008 -8.590303622577702E-010
   108.228257234477      -5.790047077424016E-009 -9.240443781356435E-009
   109.021138239858      -3.789227209960495E-009  6.247229031617338E-009
   109.814019245238       4.825455889775948E-009  5.923791479598957E-010
   110.606900250619      -8.288799400366452E-010 -3.139552450548448E-009
   111.399781256000      -1.818021505611738E-009  1.238810011409762E-009
   112.192662261381       1.198625988530094E-009  9.454900417669719E-010
   112.985543266762       4.170311220023699E-010 -1.011511124652412E-009
   113.778424272142      -8.077468592671468E-010 -1.080432595419480E-010
   114.571305277523       7.392407016001338E-011  6.290212375092596E-010
   115.364186282904       4.793609051970599E-010 -1.860549967984330E-010
   116.157067288285      -2.594004209182393E-010 -3.496526842404429E-010
   116.949948293665      -2.281626762271876E-010  3.072170985443964E-010
   117.742829299046       3.301603613234348E-010  1.057339221186775E-010
   118.535710304427      -1.973007652521848E-011 -3.200560516639377E-010
   119.328591309808      -2.655602198496958E-010  1.384767075532154E-010
   120.121472315189       2.269159938240610E-010  1.624535129883543E-010
   120.914353320569       2.652627808229392E-011 -2.548903490927407E-010
   121.707234325950      -2.054723499688316E-010  1.015244017605837E-010
   122.500115331331       1.722905507202825E-010  9.657450496062662E-011
   123.292996336712      -1.937283027496019E-011 -1.614252369069407E-010
   124.085877342092      -9.134010924655295E-011  8.824690179445429E-011
   124.878758347473       9.277773701819519E-011  1.381064148337804E-011
   125.671639352854      -3.138935166034853E-011 -5.742718710598519E-011
   126.464520358235      -1.850914807085447E-011  3.907830045964068E-011
   127.257401363616       2.687756401289942E-011 -4.172562181362018E-012
   128.050282368996      -1.067963349323689E-011 -1.247757641244461E-011
   128.843163374377      -3.387655680214565E-012  9.005185591409948E-012
   129.636044379758       5.515341744712163E-012 -4.799958969782136E-013
   130.428925385139      -1.448958953822777E-012 -2.820923321385212E-012
   131.221806390520      -1.271876942592185E-012  1.320362557409968E-012
   132.014687395900       9.555235054288491E-013  5.110400468337050E-013
   132.807568401281       1.719161112031646E-013 -6.397986626682168E-013
   133.600449406662      -4.219060419367835E-013 -3.012602237737223E-014
   134.393330412043       2.665297576120999E-014  2.827385901358951E-013
   135.186211417423       1.952666320823803E-013 -4.901963873048848E-014
   135.979092422804      -5.842654357297071E-014 -1.390724692952904E-013
   136.771973428185      -1.008724551576251E-013  6.354835594224190E-014
   137.564854433566       6.751830396284931E-014  7.228398080460185E-014
   138.357735438947       4.793436098053422E-014 -7.081449773978704E-014
   139.150616444327      -7.226606226834528E-014 -2.448700584919394E-014
   139.943497449708      -5.634616530345250E-016  6.947748764709965E-014
   140.736378455089       5.957469481317229E-014 -2.271946163105087E-014
   141.529259460470      -4.138962357952288E-014 -4.090633328827099E-014
   142.322140465850      -1.543616819793944E-014  4.979482444784788E-014
   143.115021471231       4.413892676511887E-014 -1.008637890405801E-014
   143.907902476612      -2.672417355530879E-014 -2.660609080755996E-014
   144.700783481993      -5.750501616132781E-015  2.930623866340128E-014
   145.493664487374       2.052182986997050E-014 -8.893494919686479E-015
   146.286545492754      -1.339073953727103E-014 -8.399738051453295E-015
   147.079426498135       2.723246674195052E-016  1.055750038146863E-014
   147.872307503516       5.600305565088429E-015 -3.689474037833455E-015
   148.665188508897      -3.635525715011790E-015 -1.858900386552439E-015
   149.458069514277      -1.792693940398664E-017  2.411038206268940E-015
   150.250950519658       1.288113463174174E-015 -5.467290707726292E-016
   151.043831525039      -5.527177346209187E-016 -5.916963638659119E-016
   151.836712530420      -2.384294738115357E-016  4.094508718807389E-016
   152.629593535801       2.724363714682018E-016  8.089454712623641E-017
   153.422474541181       1.697340239230989E-017 -1.759870845837567E-016
   154.215355546562      -1.150037919280164E-016  6.883607589395562E-018
   155.008236551943       1.500574932213920E-017  7.777719967718471E-017
   155.801117557324       5.499853121460818E-017 -1.755229015250531E-017
   156.593998562705      -1.855149001473015E-017 -4.065265145910463E-017
   157.386879568085      -3.105830882682389E-017  1.954320510254410E-017
   158.179760573466       2.106109360372242E-017  2.388759645418052E-017
   158.972641578847       1.750502505187446E-017 -2.313702659365818E-017
   159.765522584228      -2.534824751443155E-017 -1.063097143024990E-017
   160.558403589608      -2.355640874712348E-018  2.666176998179362E-017
   161.351284594989       2.536041679544097E-017 -7.423472661725993E-018
   162.144165600370      -1.725639409043124E-017 -1.952919648949999E-017
   162.937046605751      -8.521381488605997E-018  2.381146795004174E-017
   163.729927611132       2.323422791272729E-017 -5.171302793515663E-018
   164.522808616512      -1.586105296014823E-017 -1.444400131541712E-017
   165.315689621893      -1.589524166869862E-018  1.825829968115733E-017
   166.108570627274       1.225130523368100E-017 -8.200088103868289E-018
   166.901451632655      -1.065320525985724E-017 -3.230433957354757E-018
   167.694332638036       2.980628434493864E-018  7.314725755996221E-018
   168.487213643416       2.636449694246973E-018 -4.586727941134689E-018
   169.280094648797      -3.351164967683823E-018  3.673017710406073E-019
   170.072975654178       1.328936515462653E-018  1.580539969922728E-018
   170.865856659559       3.977712672948372E-019 -1.164463465245145E-018
   171.658737664939      -7.131003326084021E-019  1.168579540487903E-019
   172.451618670320       2.401989089696110E-019  3.489806275306507E-019
   173.244499675701       1.367885668038716E-019 -2.105609880515174E-019
   174.037380681082      -1.482452964327956E-019 -3.431072199852668E-020
   174.830261686463       8.161245685213549E-021  9.486516680218291E-020
   175.623142691843       5.772848727413376E-020 -2.261920487635418E-020
   176.416023697224      -2.545589448236130E-020 -3.370938049843725E-020
   177.208904702605      -1.832793462160165E-020  2.398906688353018E-020
   178.001785707986       2.109660889385988E-020  8.172375806505012E-021
   178.794666713366       1.110255139211797E-021 -1.768007807707180E-020
   179.587547718747      -1.383412414918514E-020  3.977824023356067E-021
   180.380428724128       7.450445658506060E-021  9.433349658601929E-021
   181.173309729509       4.530100250430838E-021 -9.128797589604838E-021
   181.966190734890      -8.643194961305291E-021  3.310641529973215E-022
   182.759071740270       4.057854899247416E-021  5.997493004926839E-021
   183.551952745651       2.104745278384123E-021 -5.504087129274528E-021
   184.344833751032      -4.403828115399621E-021  1.325872986086806E-021
   185.137714756413       2.839419922214060E-021  1.877238772887123E-021
   185.930595761794      -3.153928163111566E-022 -2.348127117784255E-021
   186.723476767174      -1.006972456103742E-021  1.169552256261947E-021
   187.516357772555       9.397940241534980E-022 -8.337788451729990E-024
   188.309238777936      -3.482799566615371E-022 -4.080286385432859E-022
   189.102119783317      -5.816520800456237E-023  2.828863918569684E-022
   189.895000788697       1.357471085696909E-022 -5.900632634925542E-023
   190.687881794078      -6.005464420107162E-023 -4.165730871917278E-023
   191.480762799459      -4.137610888360509E-024  3.501447896636992E-023
   192.273643804840       1.610718640766059E-023 -5.019847162285698E-024
   193.066524810221      -4.940198526629654E-024 -6.462988511096033E-024
   193.859405815601      -2.375757559170952E-024  3.235567925385127E-024
   194.652286820982       1.888317400051075E-024  8.147019803572453E-025
   195.445167826363       2.524078459335400E-025 -1.078741173534674E-024
   196.238048831744      -6.314220003861276E-025 -5.569822539009114E-026
   197.030929837124       1.295088705978104E-026  3.876283830261251E-025
   197.823810842505       2.517018170987584E-025 -3.823915507047585E-026
   198.616691847886      -4.969104773116802E-026 -1.721225154178320E-025
   199.409572853267      -1.216544615309630E-025  5.736962522004227E-026
   200.202453858648       6.417857624530984E-026  8.539581618745048E-026
   200.995334864028       5.477450279578002E-026 -6.975505392128909E-026
   201.788215869409      -7.155403220637316E-026 -2.521280417673813E-026
   202.581096874790       3.958888780030226E-027  6.565553406849259E-026
   203.373977880171       4.891879471069679E-026 -2.887266576948732E-026
   204.166858885551      -4.230881252543407E-026 -2.272301928039998E-026
   204.959739890932       4.582719223835096E-027  3.883091202921094E-026
   205.752620896313       2.140086075876046E-026 -2.132432383184074E-026
   206.545501901694      -2.182042074467898E-026 -1.710611507964554E-027
   207.338382907075       9.013266146660180E-027  1.166010614483419E-026
   208.131263912455       1.519102202285996E-027 -9.049923114665763E-027
   208.924144917836      -4.437918166619585E-027  2.858521179491774E-027
   209.717025923217       2.700546215061384E-027  7.935814516514355E-028
   210.509906928598      -5.256167704949997E-028 -1.299200261504932E-027
   211.302787933979      -3.573764320378945E-028  5.536395003722703E-028
   212.095668939359       2.966899983580268E-028  8.537182262635453E-030
   212.888549944740      -5.535960438008606E-029 -1.178783779550743E-028
   213.681430950121      -3.839520628020055E-029  4.169139690995818E-029
   214.474311955502       2.258470204984832E-029  1.053678248825224E-029
   215.267192960882       2.278966769221104E-030 -1.103603943032773E-029
   216.060073966263      -5.320384518637077E-030 -1.959020850923221E-031
   216.852954971644       2.024958859921206E-031  2.655737194289824E-030
   217.645835977025       1.409325540200876E-030 -2.126825059131935E-031
   218.438716982406      -1.636871479541458E-031 -8.046782342876361E-031
   219.231597987786      -4.953045796056380E-031  1.244302129657905E-031
   220.024478993167       1.023234250012093E-031  3.267727498219749E-031
   220.817359998548       2.278578140267609E-031 -9.346184251951105E-032
   221.610241003929      -9.336702372554704E-032 -1.636359867777402E-031
   222.403122009309      -1.154889961958959E-031  9.806968380372829E-032
   223.196003014690       1.031324724942079E-031  7.286992821863082E-032
   223.988884020071       3.077321658353459E-032 -1.028168995923158E-031
   224.781765025452      -9.086426378689109E-032  9.919451416311891E-033
   225.574646030833       4.212848239258789E-032  6.402171751691015E-032
   226.367527036213       2.691701554273034E-032 -5.607145779943454E-032
   227.160408041594      -4.756522945614647E-032  7.281325663581607E-033
   227.953289046975       2.505379892747313E-032  2.451104926091969E-032
   228.746170052356       2.401547213884500E-033 -2.370413431932940E-032
   229.539051057737      -1.255278575863250E-032  8.294408305573780E-033
   230.331932063117       8.408989907701571E-033  2.682303224345930E-033
   231.124813068498      -1.634749239335974E-033 -4.547037448177808E-033
   231.917694073879      -1.429547203405138E-033  2.038523790257357E-033
   232.710575079260       1.220658955946507E-033  6.123639712150007E-035
   233.503456084640      -2.518981218545194E-034 -5.223541940208793E-034
   234.296337090021      -1.719437350164323E-034  2.085558048725899E-034
   235.089218095402       1.191832490772673E-034  4.035317562446937E-035
   235.882099100783       1.790205268679010E-036 -5.943668042288030E-035
   236.674980106164      -2.835099179141508E-035  5.908168671174362E-036
   237.467861111544       5.588904164350566E-036  1.362789419070494E-035
   238.260742116925       6.813589228457289E-036 -4.016768992128677E-036
   239.053623122306      -2.734461648024644E-036 -3.599999278181353E-036
   239.846504127687      -2.012690770334846E-036  1.894442693035461E-036
   240.639385133067       1.378444477462670E-036  1.173832220907109E-036
   241.432266138448       6.886385754202194E-037 -1.064553586099773E-036
   242.225147143829      -8.668004186267550E-037 -3.730002736014674E-037
   243.018028149210      -1.380958891075309E-037  7.263979547770129E-037
   243.810909154591       5.996003948464610E-037 -5.590993525367765E-038
   244.603790159971      -2.158617466561644E-037 -4.531650799607240E-037
   245.396671165352      -2.709845369347918E-037  3.220065627985848E-037
   246.189552170733       3.418121085185144E-037  6.849802196815922E-038
   246.982433176114      -1.025656583234805E-037 -2.608787715492602E-037
   247.775314181495      -1.147713145140429E-037  1.822359119835263E-037
   248.568195186875       1.548837244423169E-037 -1.891110650150442E-038
   249.361076192256      -7.857427432579203E-038 -7.053931441564687E-038
   250.153957197637       2.328985096448600E-040  6.638206383863956E-038
   250.946838203018       2.863545278511902E-038 -2.606929865300245E-038
   251.739719208398      -2.088845338989468E-038 -2.395325120793515E-039
   252.532600213779       5.787266527843830E-039  8.996352017814879E-039
   253.325481219160       1.808404687559168E-039 -4.822902887763767E-039
   254.118362224541      -2.316342000091758E-039  5.324760574483495E-040
   254.911243229922       7.249049968643111E-040  7.816443105695070E-040
   255.704124235302       1.697477601027833E-040 -4.403611249415230E-040
   256.497005240683      -2.094313903677779E-040  4.227928008507270E-042
   257.289886246064       3.195871140084462E-041  8.909787252645513E-041
   258.082767251445       3.617659281819686E-041 -2.534833871488865E-041
   258.875648256826      -1.591113198151482E-041 -1.454736710239215E-041
   259.668529262206      -5.878224719683853E-042  9.435156956274617E-042
   260.461410267587       5.630260501068685E-042  2.344621514426710E-042
   261.254291272968       8.383976337733861E-043 -3.472977321441279E-042
   262.047172278349      -2.228441282694403E-042 -1.504173383066648E-043
   262.840053283729       1.922986513327226E-043  1.470726684769428E-042
   263.632934289110       9.672326812824063E-043 -3.751755351344808E-043
   264.425815294491      -4.658416350832616E-043 -5.943470225107518E-043
   265.218696299872      -2.935251321161656E-043  4.812260400907665E-043
   266.011577305253       4.213335692862807E-043  5.122053534743845E-044
   266.804458310633      -1.160139686848109E-043 -2.949122351478176E-043
   267.597339316014      -1.368508533913894E-043  1.858050032611306E-043
   268.390220321395       1.613781494388790E-043  2.544893194247261E-045
   269.183101326776      -6.480096479064438E-044 -8.519956816715014E-044
   269.975982332156      -1.462516210219688E-044  6.503940715115604E-044
   270.768863337537       3.406966464753230E-044 -1.844182741484217E-044
   271.561744342918      -1.964403270701115E-044 -7.298996189111574E-045
   272.354625348299       3.605950893601497E-045  9.931649830107212E-045
   273.147506353680       2.604613431997773E-045 -4.257230273026530E-045
   273.940387359060      -2.220348269372841E-045  1.773252504721609E-046
   274.733268364441       5.765023640748981E-046  7.554097358629918E-046
   275.526149369822       1.574768266480686E-046 -3.600889054275135E-046
   276.319030375203      -1.600607991225625E-046  3.738597028118882E-048
   277.111911380583       2.461049447677179E-047  6.052141228073559E-047
   277.904792385964       2.114494464793418E-047 -1.704990026557641E-047
   278.697673391345      -9.206689017343075E-048 -7.206457637286339E-048
   279.490554396726      -2.489639513884631E-048  4.661950289774752E-048
   280.283435402107       2.377036482442078E-048  8.902281187049591E-049
   281.076316407487       3.259407010365507E-049 -1.264641198302674E-048
   281.869197412868      -7.143627180673304E-049 -1.118078172841769E-049
   282.662078418249      -2.146668840737561E-050  4.304173635170796E-049
   283.454959423630       2.745767729713027E-049 -2.233640415745398E-050
   284.247840429011      -4.702662389920780E-050 -1.814625325963779E-049
   285.040721434391      -1.190634794998686E-049  6.214313115683302E-050
   285.833602439772       6.987639698063901E-050  7.143715499147706E-050
   286.626483445153       3.167648017532619E-050 -6.908772871292359E-050
   287.419364450534      -5.808209837022123E-050  7.829974462837347E-052
   288.212245455914       2.228711253755352E-050  3.774998673524737E-050
   289.005126461295       1.384103372260385E-050 -2.898495835612174E-050
   289.798007466676      -2.199966690015477E-050  4.700123607730244E-051
   290.590888472057       1.181522807832986E-050  9.015449798811030E-051
   291.383769477438      -8.696314078379480E-052 -9.125554542760699E-051
   292.176650482818      -3.406063493306344E-051  3.987188069347037E-051
   292.969531488199       2.768686846386289E-051 -1.846204691559541E-052
   293.762412493580      -1.001450551800473E-051 -9.205455581936180E-052
   294.555293498961      -7.135190410608773E-054  6.211527233435320E-052
   295.348174504342       2.079150536350447E-052 -1.670587362969124E-052
   296.141055509722      -1.053061247780313E-052 -2.809839713860307E-053
   296.933936515103       1.307379807519905E-053  4.096737470507728E-053
   297.726817520484       1.146888131963146E-053 -1.205782983869756E-053
   298.519698525865      -6.076049090310141E-054 -2.066502717416094E-054
   299.312579531245       9.655325438200956E-056  2.503242331317582E-054
   300.105460536626       9.445976063090390E-055 -3.394063801416963E-055
   300.898341542007      -2.360627017954882E-055 -3.447735320954434E-055
   301.691222547388      -1.249987224538013E-055  1.329388898789907E-055
   302.484103552769       7.106294488460764E-056  4.509195160834190E-056
   303.276984558149       1.559455167721149E-056 -3.807530265460669E-056
   304.069865563530      -2.085974117468592E-056 -4.447100658718132E-057
   304.862746568911      -1.775982449377472E-058  1.168686785409979E-056
   305.655627574292       6.583094870526419E-057 -1.395992494705944E-057
   306.448508579672      -1.840224977346432E-057 -3.589058080339160E-057
   307.241389585053      -1.753833694182545E-057  1.763412785920800E-057
   308.034270590434       1.425480708694592E-057  6.247908216648658E-058
   308.827151595815      -1.353057187769594E-059 -9.738626425046154E-058
   309.620032601196      -5.279400647294356E-058  2.860568667547247E-058
   310.412913606576       3.082149109642962E-058  1.853321311623527E-058
   311.205794611957      -6.775312895281494E-060 -2.066508433098725E-058
   311.998675617338      -9.090182373944308E-059  6.719272983499566E-059
   312.791556622719       5.555907421090002E-059  1.807097114261860E-059
   313.584437628099      -8.604805566939929E-060 -2.715341503741692E-059
   314.377318633480      -7.995838169591753E-060  1.040242673334678E-059
   315.170199638861       5.723261259226272E-060  4.170962768529888E-061
   315.963080644242      -1.093227759002872E-060 -2.138984088634255E-060
   316.755961649623      -5.484873597960329E-061  8.028720477441111E-061
   317.548842655003       3.806025416472773E-061  5.858659720164774E-062
   318.341723660384      -3.566919753466783E-062 -1.468453701442039E-061
   319.134604665765      -4.999704315407185E-062  3.228980001529186E-062
   319.927485671146       1.797886292781337E-062  1.562800996375258E-062
   320.720366676527       4.543651479069484E-063 -8.685260367449355E-063
   321.513247681907      -4.014959299818478E-063 -1.194252934204436E-063
   322.306128687288      -2.379654259056454E-064  1.859559120829419E-063
   323.099009692669       8.839834555925254E-064 -1.321501116039830E-065
   323.891890698050      -6.598611411208860E-065 -4.358134901281464E-064
   324.684771703430      -2.225738290816760E-064  6.691841723072648E-065
   325.477652708811       5.662908341033760E-065  1.161559417477543E-064
   326.270533714192       6.006393304532359E-065 -4.540617582555505E-065
   327.063414719573      -3.521720918963322E-065 -2.889600339314212E-065
   327.856295724954      -1.101856397226721E-065  2.605110268458381E-065
   328.649176730334       1.775483188841554E-065  1.028620301219217E-066
   329.442057735715      -3.730954873589219E-066 -1.052256891246948E-065
   330.234938741096      -4.842585309895388E-066  4.917043418923882E-066
   331.027819746477       3.989267075996398E-066  1.138046837870502E-066
   331.820700751857      -6.182620024069054E-067 -2.318864598518982E-066
   332.613581757238      -8.983833127202368E-067  9.753481986273978E-067
   333.406462762619       6.874734605247894E-067  1.133842365129541E-067
   334.199343768000      -1.416711287128957E-067 -3.175880193950942E-067
   334.992224773381      -9.031075213740712E-068  1.383205119706602E-067
   335.785105778761       7.501826946672284E-068  2.043211455715770E-069
   336.577986784142      -1.553278205093681E-068 -2.893503912797111E-068
   337.370867789523      -7.855624268261877E-069  1.155197819247815E-068
   338.163748794904       5.762694597347941E-069  9.332242142176431E-070
   338.956629800285      -5.502256588716823E-070 -2.360719176658964E-069
   339.749510805665      -8.513152351528334E-070  5.471771372582752E-070
   340.542391811046       3.281750259340512E-070  2.775256016606203E-070
   341.335272816427       8.060716481533567E-071 -1.695284487737978E-070
   342.128153821808      -8.312456343030158E-071 -1.835471824215873E-071
   342.921034827188      -4.986810975261540E-073  4.038352890565163E-071
   343.713915832569       1.980980860024830E-071 -3.664850309701328E-072
   344.506796837950      -3.941629908860813E-072 -9.826082253770847E-072
   345.299677843331      -4.842611160283320E-072  3.288894731705300E-072
   346.092558848712       2.526289612145156E-072  2.259953107154984E-072
   346.885439854092       8.776965329203574E-073 -1.840984441904796E-072
   347.678320859473      -1.254231636736780E-072 -1.390059158086146E-073
   348.471201864854       2.190300014763344E-073  7.621533882454138E-073
   349.264082870235       3.725211600788541E-073 -3.324808516768049E-073
   350.056963875615      -2.933979503385288E-073 -1.022199756706800E-073
   350.849844880996       4.221877543635443E-074  1.837614497071832E-073
   351.642725886377       7.408517312240799E-074 -8.169819361226710E-074
   352.435606891758      -6.132407820091737E-074 -5.549296887325770E-075
   353.228487897139       1.792624254464273E-074  2.720261453985606E-074
   354.021368902519       4.825057071298160E-075 -1.553087630096132E-074
   354.814249907900      -7.085678819769259E-075  2.883574290609004E-075
   355.607130913281       2.966176133795248E-075  1.654771967364540E-075
   356.400011918662      -2.023355997617041E-076 -1.415688394490426E-075
   357.192892924042      -4.180018061110623E-076  3.951352627932309E-076
   357.985773929423       2.166296376584910E-076  5.361952021870262E-077
   358.778654934804      -2.313168307934294E-077 -8.125942321598586E-077
   359.571535940185      -2.328427018676614E-077  2.138125299834214E-077
   360.364416945566       1.082875881772579E-077  4.802472015330284E-078
   361.157297950946       2.660134113780204E-079 -4.496193944342367E-078
   361.950178956327      -1.702720805755845E-078  4.398530618985215E-079
   362.743059961708       3.581379586564508E-079  6.158377964359291E-079
   363.535940967089       2.159342498546110E-079 -2.108258692779309E-079
   364.328821972470      -1.134367886578747E-079 -7.202072366708330E-080
   365.121702977850      -2.077081376886894E-080  5.948353986539859E-080
   365.914583983231       3.093617137281338E-080  2.949772908222748E-081
   366.707464988612      -2.706166135219458E-081 -1.582531208947781E-080
   367.500345993993      -7.698232699367594E-081  3.894294114703574E-081
   368.293226999373       3.462587160990329E-081  3.290581003503209E-081
   369.086108004754       9.676051298896206E-082 -2.515137892315590E-081
   369.878989010135      -1.525085153724543E-081  1.212644888085803E-082
   370.671870015516       4.732633118061217E-082  7.213117764284313E-082
   371.464751020897       2.016308734131857E-082 -4.323131992417804E-082
   372.257632026277      -2.520851997424563E-082  4.182714554492596E-083
   373.050513031658       9.452807279353822E-083  9.101906909518073E-083
   373.843394037039       6.266572183508230E-084 -6.376030796476280E-083
   374.636275042420      -2.462143517357111E-083  1.637943134427286E-083
   375.429156047801       1.231484484227345E-083  3.749016582174418E-084
   376.222037053181      -1.974660816970823E-084 -4.906836417071406E-084
   377.014918058562      -1.046596483762270E-084  1.774149536036516E-084
   377.807799063943       7.627752171530826E-085 -6.737471283255490E-086
   378.600680069324      -1.694954238072121E-085 -2.157319406895473E-085
   379.393561074704      -3.523603155986500E-086  8.910485564572088E-086
   380.186442080085       3.286793382751027E-086 -3.258861104235362E-087
   380.979323085466      -5.665537906311410E-087 -9.868680058710656E-087
   381.772204090847      -2.486373136883494E-087  3.089693897566157E-087
   382.565085096228       1.327499325157396E-087  4.852629656645938E-088
   383.357966101608       3.142411526829224E-089 -5.188632720539803E-088
   384.150847106989      -1.946283872528780E-088  3.979490466210059E-089
   384.943728112370       3.423479601187290E-089  7.147612518429825E-089
   385.736609117751       2.559491854542738E-089 -2.094369106301768E-089
   386.529490123131      -1.156886742422464E-089 -8.620003255369746E-090
   387.322371128512      -2.427207735249202E-090  6.092468384590840E-090
   388.115252133893       3.075720862002147E-090  2.813286071969250E-091
   388.908133139274      -3.435560770383888E-091 -1.454771988354988E-090
   389.701014144655      -6.087964938077230E-091  4.135384821820325E-091
   390.493895150035       3.079568292354018E-091  1.947533994431373E-091
   391.286776155416       1.922359440740229E-092 -1.781205314737613E-091
   392.079657160797      -7.982565585730027E-092  3.305029326773001E-092
   392.872538166178       3.239234581909585E-092  2.413492348483815E-092
   393.665419171558       1.328927733525130E-093 -1.808398535386704E-092
   394.458300176939      -6.765328766972772E-093  3.797914288278878E-093
   395.251181182320       2.810818184589794E-093  1.425193434803226E-093
   396.044062187701      -1.362039449670217E-094 -1.207004868873074E-093
   396.836943193082      -3.485509089228020E-094  2.775554064958600E-094
   397.629824198462       1.458446805918468E-094  5.683653960169731E-095
   398.422705203843      -5.929940194966272E-096 -5.280921716490306E-095
   399.215586209224      -1.507837132684924E-095  9.134540976608686E-096
   400.008467214605       4.612710403531103E-096  3.493480539696274E-096
   400.801348219986       6.105621749148539E-097 -1.802919157694546E-096
   401.594229225366      -6.345905644042217E-097 -3.779513804568450E-098
   402.387110230747       3.418750223533935E-098  2.154733827157328E-097
   403.179991236128       7.355920088135105E-098 -2.527260820643601E-098
   403.972872241509      -1.317767576175709E-098 -2.591410105118296E-098
   404.765753246890      -9.553973472044686E-099  6.354401506457537E-099
   405.558634252270       3.068992192843730E-099  3.696196355046708E-099
   406.351515257651       1.486265331693812E-099 -1.536772679193888E-099
   407.144396263032      -8.085803379875874E-100 -6.050720458498654E-100
   407.937277268413      -2.351771511119328E-100  4.459171173728944E-100
   408.730158273793       2.532506629992252E-100  7.414440145929891E-101
   409.523039279174       4.330723125684708E-102 -1.432155186630287E-100
   410.315920284555      -7.639451141056467E-101  2.248938140939130E-101
   411.108801289936       2.768752566421723E-101  3.500358629801651E-101
   411.901682295317       1.083395867868488E-101 -2.233365127349728E-101
   412.694563300697      -1.346335547860990E-101  8.339523316853097E-103
   413.487444306078       4.169691852987174E-102  5.697460854007784E-102
   414.280325311459       1.116821988029271E-102 -3.334618754286854E-102
   415.073206316840      -1.565217417048974E-102  5.283388023586371E-103
   415.866087322220       6.095065110981056E-103  3.978842506422647E-103
   416.658968327601      -2.741319499741191E-104 -2.990289703198226E-103
   417.451849332982      -8.511635959334824E-104  7.912042103047960E-104
   418.244730338363       4.164449051275318E-104  8.039682618778821E-105
   419.037611343744      -5.757639155051038E-105 -1.354681516746833E-104
   419.830492349124      -2.872310582318751E-105  3.982064459208650E-105
   420.623373354505       1.579138205427627E-105  2.172597452445125E-106
   421.416254359886      -1.466608779089568E-106 -4.891933529106696E-106
   422.209135365267      -1.296290357619302E-106  1.001861525181757E-106
   423.002016370648       4.390608836604335E-107  3.037832315685574E-107
   423.794897376028       6.169190167180780E-108 -1.682544379887626E-107
   424.587778381409      -6.208499850268508E-108 -8.926050028834111E-109
   425.380659386790       7.405877564801655E-110  2.311449303298937E-108
   426.173540392171       8.891291901509390E-109 -1.679524867763554E-109
   426.966421397551      -1.245314104241254E-109 -3.560267049624645E-109
   427.759302402932      -1.472207416545729E-109  7.992857803585209E-110
   428.552183408313       4.997360895018059E-110  6.114723431761694E-110
   429.345064413694       2.393164549039175E-110 -3.106309915683304E-110
   430.137945419075      -1.888439649808332E-110 -7.403144943869814E-111
   430.930826424455      -3.004248641765073E-112  1.077604796763556E-110
   431.723707429836       5.367806843191288E-111 -2.183981641190497E-111
   432.516588435217      -2.370564134241522E-111 -1.996197180700371E-111
   433.309469440598      -2.383065905565406E-112  1.604129757191162E-111
   434.102350445978       7.302500862206946E-112 -3.678583062564675E-112
   434.895231451359      -3.548858784494330E-112 -1.661736451233787E-112
   435.688112456740       4.674723856849629E-113  1.702576634424024E-112
   436.480993462121       4.016598643433612E-113 -6.239715065559424E-113
   437.273874467502      -2.856294950943171E-113  4.840730081826521E-114
   438.066755472882       8.224723929716746E-114  6.526977819801382E-114
   438.859636478263      -1.316523777956822E-115 -3.542211752278868E-114
   439.652517483644      -8.543682912779311E-115  7.279190427377272E-115
   440.445398489025       3.264051837316150E-115  8.317765051091708E-116
   441.238279494405      -2.891821200824902E-116 -9.267289467279430E-116
   442.031160499786      -1.933640619487207E-116  1.925789822098745E-116
   442.824041505167       7.063547350088038E-117  2.832154669819592E-117
   443.616922510548       1.063450256114052E-118 -2.139426675091089E-117
   444.409803515929      -6.050936069813616E-118  1.302124991113598E-118
   445.202684521309       7.462457846011304E-119  1.708549721378421E-118
   445.995565526690       5.020958689060935E-119 -3.158079420416392E-119
   446.788446532071      -1.258372577521608E-119 -1.571357629652459E-119
   447.581327537452      -5.269423975410033E-120  5.102821679101900E-120
   448.374208542832       2.181675353058629E-120  1.874789993161244E-120
   449.167089548213       6.881126169214090E-121 -9.980000735041063E-121
   449.959970553594      -4.877217057706518E-121 -2.455134812249621E-121
   450.752851558975      -7.284684590347290E-122  2.501586143938861E-121
   451.545732564356       1.300173969349399E-121  5.518622411970649E-123
   452.338613569736      -1.760808374590845E-122 -6.470314662311957E-122
   453.131494575117      -2.799215472634798E-122  2.113399888010521E-122
   453.924375580498       1.633437019399557E-122  8.264754396475333E-123
   454.717256585879      -5.599879466183614E-124 -9.354896836956318E-123
   455.510137591260      -3.673701666541360E-123  2.818053858952949E-123
   456.303018596640       2.099871725700539E-123  5.707451317528404E-124
   457.095899602021      -4.001206897024739E-124 -8.744388530448430E-124
   457.888780607402      -1.613010933005727E-124  3.620298863143865E-124
   458.681661612783       1.442809972755252E-124 -4.691816546258649E-125
   459.474542618163      -4.656828550544621E-125 -2.723669250248283E-125
   460.267423623544       3.113318306029662E-126  1.762447877008730E-125
   461.060304628925       3.724696023028441E-126 -4.162062741462504E-126
   461.853185634306      -1.647867588911292E-126 -1.896049766140801E-127
   462.646066639687       2.030412868279590E-127  4.298634284414680E-127
   463.438947645067       7.961736987038261E-128 -1.072307999232228E-127
   464.231828650448      -3.652223581161331E-128 -7.948921593854500E-129
   465.024709655829       1.539259120908690E-129  1.047431757471522E-128
   465.817590661210       2.776052386143248E-129 -1.333572827023988E-129
   466.610471666591      -6.007535650731818E-130 -7.125831655838772E-130
   467.403352671971      -1.807078176820963E-130  2.350621230277561E-130
   468.196233677352       8.930819731205452E-131  4.474756081137841E-131
   468.989114682733       9.977778077403262E-132 -3.437302712464261E-131
   469.781995688114      -1.358819174489542E-131 -1.277253439674966E-132
   470.574876693494       6.478369299902860E-133  5.483487883650866E-132
   471.367757698875       2.198063401605078E-132 -8.430467329401895E-133
   472.160638704256      -6.462190766049755E-133 -8.237740844657474E-133
   472.953519709637      -2.488760828777468E-133  4.095997917730878E-133
   473.746400715018       2.207358146371929E-133  2.636001093553217E-134
   474.539281720398      -3.796021747222647E-134 -9.541830135222212E-134
   475.332162725779      -2.719458508691841E-134  3.762020226656658E-134
   476.125043731160       2.019047903607115E-134 -6.212631242213802E-137
   476.917924736541      -5.265187403973109E-135 -6.449048560770609E-135
   477.710805741921      -5.297298575937372E-136  3.172053100420004E-135
   478.503686747302       9.667672592658090E-136 -6.308220657772435E-136
   479.296567752683      -3.722231775028029E-136 -9.250875292379817E-137
   480.089448758064       5.587022234353734E-137  1.039549800320805E-136
   480.882329763445       1.222376833609522E-137 -3.149985859997864E-137
   481.675210768825      -8.690845125452166E-138  2.620271082064782E-138
   482.468091774206       1.811416495839169E-138  1.441384226520134E-138
   483.260972779587       7.541157863137848E-140 -5.632860830105840E-139
   484.053853784968      -1.289388750170747E-139  4.458522375749954E-140
   484.846734790349       2.154900585477807E-140  2.440993444541650E-140
   485.639615795729       3.984683537530084E-141 -6.770706107696470E-141
   486.432496801110      -1.868297488722330E-141 -5.500866281303080E-142
   487.225377806491      -5.159596813755486E-143  5.008896064124945E-142
   488.018258811872       1.374768011231615E-142 -4.199500665883909E-144
   488.811139817252      -5.096209045296236E-144 -3.977251134586907E-143
   489.604020822633      -1.229962743606033E-143  2.551278642209231E-144
   490.396901828014       1.170655713940978E-144  4.075611576841755E-144
   491.189782833395       1.435129417993130E-144 -5.588292444950563E-145
   491.982663838776      -2.852671741982704E-145 -5.258004962522160E-145
   492.775544844156      -1.923413772528077E-145  1.532912229701306E-145
   493.568425849537       8.345438106197975E-146  6.464607824651504E-146
   494.361306854918       1.586078703966208E-146 -4.372212547684937E-146
   495.154187860299      -2.063251527126057E-146  8.292310560878076E-148
   495.947068865680       4.389834151755110E-147  7.929461270885271E-147
   496.739949871060       1.941508002890810E-147 -3.337590422939738E-147
   497.532830876441      -1.565650442926555E-147  1.188674076227830E-148
   498.325711881822       4.010690151786781E-148  4.475783515689488E-148
   499.118592887203       3.154801200147531E-149 -2.118736058681569E-148
   499.911473892583      -5.961730238348719E-149  3.782927995087269E-149
   500.704354897964       2.056891636872821E-149  6.107503131088037E-150
   501.497235903345      -2.421392493150372E-150 -5.507884138161091E-150
   502.290116908726      -7.280700977558426E-151  1.384121931555041E-150
   503.082997914107       3.759983538664010E-151 -5.401419792962881E-152
   503.875878919487      -5.691221022442889E-152 -6.601864726038547E-152
   504.668759924868      -6.719981200149763E-153  1.793283588745866E-152
   505.461640930249       4.080853080154859E-153 -2.774750123445669E-154
   506.254521935630      -3.498238600359883E-154 -7.889760203601178E-154
   507.047402941010      -1.408428908077870E-154  1.165533484136259E-154
   507.840283946391       3.079758470440762E-155  2.467173145068099E-155
   508.633164951772       4.456932661045538E-156 -7.576936834915221E-156
   509.426045957153      -1.849291121888086E-156 -8.604211924404254E-157
   510.218926962534      -1.795601582500226E-157  4.614842045082317E-157
   511.011807967914       1.192011272223350E-157  3.964390922192430E-158
   511.804688973295       8.720740635278829E-159 -3.183547149233707E-158
   512.597569978676      -8.656751897711898E-159 -1.684967102984199E-159
   513.390450984057      -1.838688900878091E-160  2.311467407938605E-159
   514.183331989437       5.638430985045332E-160 -4.811778282607591E-161
   514.976212994818      -3.490390954181775E-161 -1.081698029469536E-160
   515.769094000199      -1.080078726502961E-161  7.530112204747931E-162
   516.561975005580       2.270321860414273E-188  1.527460614110080E-188
