  0.396440502690391        1.23561280546685       -1.53583177930164     
   1.18932150807117       -1.61057681306883      -0.818900384577307     
   1.98220251345196      -0.434142042170451        1.46077039788876     
   2.77508351883274        1.17838019903440       0.176242257954521     
   3.56796452421352       5.440204350124461E-002 -0.870892332229478     
   4.36084552959430      -0.605722750891295      -2.497385497927634E-002
   5.15372653497509      -3.741798117458831E-002  0.403585750770706     
   5.94660754035587       0.258356563365899       5.790559968481157E-002
   6.73948854573665       7.099956621587378E-002 -0.156240391181315     
   7.53236955111743      -8.507543150689732E-002 -7.293250095685701E-002
   8.32525055649822      -6.530064433453489E-002  3.640638664514707E-002
   9.11813156187900       4.704590520958254E-003  5.140858737233128E-002
   9.91101256725978       3.463050459253880E-002  1.383474730631767E-002
   10.7038935726406       2.215014832944942E-002 -1.780871166381495E-002
   11.4967745780213      -3.083764766371370E-003 -2.277485027501339E-002
   12.2896555834021      -1.802641614728721E-002 -8.117018042565517E-003
   13.0825365887829      -1.503247387185287E-002  1.004308576520061E-002
   13.8754175941637       7.455096221261658E-004  1.749228763923365E-002
   14.6682985995445       1.582190520130100E-002  8.228659099983344E-003
   15.4611796049253       1.558912360297369E-002 -1.073207459926507E-002
   16.2540606103060      -3.198652164572302E-003 -2.043934623310480E-002
   17.0469416156868      -2.229480474170869E-002 -5.660116626530274E-003
   17.8398226210676      -1.470187417347625E-002  2.106745658346681E-002
   18.6327036264484       1.701564252824811E-002  2.286981792910569E-002
   19.4255846318292       2.929299991464675E-002 -1.066672837044878E-002
   20.2184656372100      -2.730865436411673E-003 -3.337444808865742E-002
   21.0113466425907      -3.485147240078433E-002 -5.970884470864657E-003
   21.8042276479715      -1.455702446348123E-002  3.379827655159505E-002
   22.5971086533523       3.055264328365977E-002  2.214125777830321E-002
   23.3899896587331       2.793147932691550E-002 -2.559656926444367E-002
   24.1828706641139      -1.946070042389706E-002 -3.136691369736234E-002
   24.9757516694946      -3.222774054050406E-002  1.269638379250268E-002
   25.7686326748754       5.886750443233846E-003  3.065105377289646E-002
   26.5615136802562       2.705292449394793E-002  3.664242294031646E-004
   27.3543946856370       5.507120436607610E-003 -2.201319749359293E-002
   28.1472756910178      -1.617620120539097E-002 -9.113800000289034E-003
   28.9401566963986      -1.096903879079217E-002  1.018226351622467E-002
   29.7330377017793       4.618473442675988E-003  1.108606623309824E-002
   30.5259187071601       9.692719777493376E-003  2.412915211128116E-005
   31.3187997125409       3.389647496055092E-003 -7.185193250294110E-003
   32.1116807179217      -4.064798625302048E-003 -5.287781011359243E-003
   32.9045617233025      -5.709169575879481E-003  8.680723228640542E-004
   33.6974427286833      -1.901887011077619E-003  4.821459085928194E-003
   34.4903237340640       2.945327585259251E-003  3.836323879788893E-003
   35.2832047394448       4.668408563018854E-003 -5.128032027590083E-004
   36.0760857448256       1.987461172296340E-003 -4.303099779255447E-003
   36.8689667502064      -2.826487906516260E-003 -4.071770196988326E-003
   37.6618477555872      -5.322903552842205E-003  4.937829261096988E-004
   38.4547287609680      -2.302754564066478E-003  5.444663784826454E-003
   39.2476097663487       4.303266459964747E-003  5.082571127783932E-003
   40.0404907717295       7.337123664549691E-003 -1.950708121738268E-003
   40.8333717771103       1.372958814119964E-003 -8.595308100292520E-003
   41.6262527824911      -8.486976776735489E-003 -5.259414431975032E-003
   42.4191337878719      -9.172649471189820E-003  6.797638616838695E-003
   43.2120147932526       3.508289371457225E-003  1.250683021357787E-002
   44.0048957986334       1.465591786432782E-002  1.184264625571002E-003
   44.7977768040142       6.869481410979855E-003 -1.508794979007819E-002
   45.5906578093950      -1.341612312966011E-002 -1.294854685259251E-002
   46.3835388147758      -1.868216819951177E-002  9.459060955028060E-003
   47.1764198201566       3.283799884668322E-003  2.325740471253137E-002
   47.9693008255373       2.586796609331560E-002  4.773243978140113E-003
   48.7621818309181       1.411015350477974E-002 -2.580050367255659E-002
   49.5550628362989      -2.251834315871644E-002 -2.388905364109397E-002
   50.3479438416797      -3.308999969943185E-002  1.573406944130083E-002
   51.1408248470605       5.463262481341784E-003  4.058562674773190E-002
   51.9337058524412       4.523079895586608E-002  7.946763302875410E-003
   52.7265868578220       2.381737968793066E-002 -4.595974640553088E-002
   53.5194678632028      -4.188216733083711E-002 -4.117013411024559E-002
   54.3123488685836      -5.878881634682505E-002  3.236972032374411E-002
   55.1052298739644       1.712534611935265E-002  7.530917261546581E-002
   55.8981108793452       8.933090099054153E-002  3.770039761423666E-003
   56.6909918847259       2.983589512450768E-002 -9.954401059906436E-002
   57.4838728901067      -0.104858657797280      -6.019434984622819E-002
   58.2767538954875      -9.359253859735489E-002  0.104523907944555     
   59.0696349008683       9.821692767932853E-002  0.128440801947404     
   59.8625159062491       0.162866940781450      -8.608207036587667E-002
   60.6553969116299      -6.870363721725707E-002 -0.194795668967855     
   61.4482779170106      -0.222070972355903       4.701143169819821E-002
   62.2411589223914       2.214357785593481E-002  0.242636865161159     
   63.0340399277722       0.254770231959504       4.685866013420428E-003
   63.8269209331530       3.226592629955651E-002 -0.257323274141679     
   64.6198019385338      -0.249906187121953      -5.939661895529420E-002
   65.4126829439146      -8.485466554225088E-002  0.232948780894995     
   66.2055639492953       0.207624348586187       0.107374533845982     
   66.9984449546761       0.125691106303026      -0.175671586607416     
   67.7913259600569      -0.139177026604998      -0.138649980173677     
   68.5842069654377      -0.145352885405880       0.100371224740251     
   69.3770879708185       6.146332371269740E-002  0.145291521255329     
   70.1699689761992       0.138433467169017      -2.451343706092482E-002
   70.9628499815800       8.668064128328115E-003 -0.125244725148025     
   71.7557309869608      -0.106651609532298      -3.660313326860844E-002
   72.5486119923416      -5.821242513863224E-002  8.395480254040766E-002
   73.3414929977224       5.871157622900031E-002  7.286192695568121E-002
   74.1343740031032       8.038438633134010E-002 -3.260165335903593E-002
   74.9272550084840      -7.290396077857662E-003 -8.107121404162643E-002
   75.7201360138647      -7.563335231003225E-002 -1.569895859717810E-002
   76.5130170192455      -3.509430855703832E-002  6.513288166801018E-002
   77.3058980246263       5.089015211655418E-002  4.995747577775207E-002
   78.0987790300071       5.973593430314163E-002 -3.437364917732863E-002
   78.8916600353879      -1.708160201126151E-002 -6.428157288160755E-002
   79.6845410407687      -6.383746182214717E-002  4.255481898858618E-004
   80.4774220461494      -1.437346779690828E-002  5.899581223137852E-002
   81.2703030515302       5.063145666192794E-002  2.636622197479534E-002
   82.0631840569110       3.492714253976923E-002 -3.981558679820895E-002
   82.8560650622918      -2.771538282218516E-002 -3.977429338971620E-002
   83.6489460676726      -4.095995831687674E-002  1.548755068808783E-002
   84.4418270730533       4.176749787598630E-003  3.883681324473309E-002
   85.2347080784341       3.400430748617438E-002  5.369202215365589E-003
   86.0275890838149       1.255832311993138E-002 -2.723872891979543E-002
   86.8204700891957      -1.941107357642012E-002 -1.708387914097665E-002
   87.6133510945765      -1.892502332787424E-002  1.139935691166395E-002
   88.4062320999573       4.004217876347955E-003  1.832182991915511E-002
   89.1991131053380       1.572880738691409E-002  2.123204297802598E-003
   89.9919941107188       6.534031399788547E-003 -1.175180286419327E-002
   90.7848751160996      -7.074387915950785E-003 -9.010751658427628E-003
   91.5777561214804      -9.571176199556903E-003  2.380888591035847E-003
   92.3706371268612      -1.716365875961316E-003  8.448249160529201E-003
   93.1635181322419       6.048886586305970E-003  4.738477080535387E-003
   93.9563991376227       6.384279120956517E-003 -2.896842521872757E-003
   94.7492801430035       4.340325621148881E-004 -6.553568758321141E-003
   95.5421611483843      -5.347549691996040E-003 -3.388998208985731E-003
   96.3350421537651      -5.496856783916293E-003  3.047113204059073E-003
   97.1279231591459       7.180106012929371E-005  6.422982075513000E-003
   97.9208041645266       6.005570678204165E-003  3.075798712207193E-003
   98.7136851699074       5.874060277494010E-003 -4.271529958948049E-003
   99.5065661752882      -1.430559822870348E-003 -7.847774823539325E-003
   100.299447180669      -8.627978807273701E-003 -2.151724705152620E-003
   101.092328186050      -5.998580759453705E-003  7.999643179623418E-003
   101.885209191431       5.931886690003162E-003  9.579912043511987E-003
   102.678090196811       1.237678353527758E-002 -2.587074624808535E-003
   103.470971202192       1.692716944448731E-003 -1.394580366148151E-002
   104.263852207573      -1.397659163680334E-002 -6.420978410211773E-003
   105.056733212954      -1.102039738192678E-002  1.233622981414549E-002
   105.849614218334       9.095694158041708E-003  1.488922616210073E-002
   106.642495223715       1.747322342126237E-002 -4.534672717459115E-003
   107.435376229096       8.770165827944841E-004 -1.833542828484571E-002
   108.228257234477      -1.721639044452026E-002 -6.520943161663638E-003
   109.021138239858      -1.169148738419387E-002  1.407851418091310E-002
   109.814019245238       9.129589805967404E-003  1.567167882547727E-002
   110.606900250619       1.781607700792510E-002 -2.822270828889967E-003
   111.399781256000       4.171762788860178E-003 -1.763233778473856E-002
   112.192662261381      -1.485307706815928E-002 -1.101193800741584E-002
   112.985543266762      -1.675977568519902E-002  9.490451930192940E-003
   113.778424272142       1.867365115663462E-003  2.046497855072700E-002
   114.571305277523       2.125895872644203E-002  7.378794961796740E-003
   115.364186282904       1.732161113816310E-002 -1.844685737559454E-002
   116.157067288285      -1.158857921672450E-002 -2.679953933096460E-002
   116.949948293665      -3.449517963893002E-002  5.596571470966420E-004
   117.742829299046      -1.441606826813331E-002  3.903502278462682E-002
   118.535710304427       3.910380062528304E-002  3.276779475403464E-002
   119.328591309808       5.361549409159437E-002 -3.356759913740863E-002
   120.121472315189      -2.160060648965440E-002 -7.584116146724068E-002
   120.914353320569      -9.818340321113091E-002  2.810510622898818E-003
   121.707234325950      -2.264525534886371E-002  0.119336697794993     
   122.500115331331       0.138030549600401       5.396851154675424E-002
   123.292996336712       8.968389696030243E-002 -0.153066892091390     
   124.085877342092      -0.163313335885990      -0.127696578018317     
   124.878758347473      -0.165475464682157       0.167683171511861     
   125.671639352854       0.165161283973735       0.200354447964697     
   126.464520358235       0.229884740258785      -0.154928595359426     
   127.257401363616      -0.136583164806462      -0.252129884129863     
   128.050282368996      -0.265811782519775       0.110382060837273     
   128.843163374377       7.739102584058016E-002  0.270290684121170     
   129.636044379758       0.265443498640812      -3.946236234170506E-002
   130.428925385139       9.585107221672592E-004 -0.251535750461567     
   131.221806390520      -0.229150745307473      -4.112875118196033E-002
   132.014687395900      -7.831816709083284E-002  0.199181239708919     
   132.807568401281       0.162847786445408       0.110070914835847     
   133.600449406662       0.134394332358968      -0.121700781482050     
   134.393330412043      -7.757960825350710E-002 -0.149877384662746     
   135.186211417423      -0.155751040458739       3.252388989702792E-002
   135.979092422804      -1.135266157853135E-002  0.151901894111058     
   136.771973428185       0.138846430143332       5.200825256884709E-002
   137.564854433566       8.762022392051401E-002 -0.117670910287949     
   138.357735438947      -8.994178222538671E-002 -0.116716593440671     
   139.150616444327      -0.138277687803961       5.759273857673768E-002
   139.943497449708       2.279557277931363E-002  0.151796423108491     
   140.736378455089       0.157289044219590       1.217851855756620E-002
   141.529259460470       4.510306221700131E-002 -0.155253030268699     
   142.322140465850      -0.146577061395594      -7.394514134882819E-002
   143.115021471231      -9.701889757001710E-002  0.132419937091806     
   143.907902476612       0.114087642878228       0.113136664220979     
   144.700783481993       0.121734559698701      -9.294120939909926E-002
   145.493664487374      -7.035255783901991E-002 -0.122932922691511     
   146.286545492754      -0.117493712679822       4.769282619257429E-002
   147.079426498135       2.630940232900193E-002  0.106669108773788     
   147.872307503516       9.198371884786474E-002 -7.451940211143711E-003
   148.665188508897       7.852594685150212E-003 -7.502065494033672E-002
   149.458069514277      -5.726580064873764E-002 -1.893205763648435E-002
   150.250950519658      -2.555337789245444E-002  4.002076920441238E-002
   151.043831525039       2.436072364682336E-002  2.792930860303714E-002
   151.836712530420       2.665378235350932E-002 -1.110854770871863E-002
   152.629593535801      -8.123773519091316E-004 -2.259271677428853E-002
   153.422474541181      -1.675843673602606E-002 -6.270511493509391E-003
   154.215355546562      -1.017431338155156E-002  1.018759612526291E-002
   155.008236551943       3.834137279867980E-003  1.120301895052774E-002
   155.801117557324       9.885217223212475E-003  1.516233306130913E-003
   156.593998562705       5.306153934518413E-003 -6.909130318358579E-003
   157.386879568085      -3.044832234456427E-003 -7.239114922005093E-003
   158.179760573466      -7.283942917700660E-003 -9.379204479674670E-004
   158.972641578847      -4.347660810997812E-003  5.652842833946729E-003
   159.765522584228       2.756630831815003E-003  6.637223351323688E-003
   160.558403589608       7.451587866150112E-003  8.573814129256563E-004
   161.351284594989       4.578031068775940E-003 -6.653435433695964E-003
   162.144165600370      -4.324712976417342E-003 -7.805922212817076E-003
   162.937046605751      -1.002441379098258E-002  7.450310868961061E-004
   163.729927611132      -3.649881130985037E-003  1.085897482749996E-002
   164.522808616512       1.011904752744925E-002  8.324443403839905E-003
   165.315689621893       1.270769621935022E-002 -7.818131641278547E-003
   166.108570627274      -4.169786223057611E-003 -1.625911162083329E-002
   166.901451632655      -1.852949134024011E-002 -4.402567883841904E-004
   167.694332638036      -5.502620932555417E-003  1.921186375020108E-002
   168.487213643416       1.817827240878829E-002  1.044703642831519E-002
   169.280094648797       1.471067610054919E-002 -1.549871782615530E-002
   170.072975654178      -1.143879924772720E-002 -1.780327988255805E-002
   170.865856659559      -1.936220497937470E-002  6.434035050151835E-003
   171.658737664939       1.042045900604025E-003  1.919319875846023E-002
   172.451618670320       1.729449319314842E-002  4.122168013309185E-003
   173.244499675701       8.459552611925667E-003 -1.386242317700325E-002
   174.037380681082      -9.277145065130121E-003 -1.145965294017930E-002
   174.830261686463      -1.276418744461807E-002  4.068218641722261E-003
   175.623142691843      -1.138047091796611E-003  1.221488630138919E-002
   176.416023697224       9.880853688785657E-003  5.685139098811924E-003
   177.208904702605       8.960423965265840E-003 -6.062629680429549E-003
   178.001785707986      -1.272136877913892E-003 -1.046926597756296E-002
   178.794666713366      -9.901465119612962E-003 -3.810156483352823E-003
   179.587547718747      -8.397347897663171E-003  7.182945300709793E-003
   180.380428724128       2.506980279737140E-003  1.167196922963402E-002
   181.173309729509       1.286846530077286E-002  3.658855719682806E-003
   181.966190734890       1.059159169749426E-002 -1.135404742309985E-002
   182.759071740270      -6.699245430704788E-003 -1.735689035955405E-002
   183.551952745651      -2.287542364785729E-002 -1.270253883596294E-003
   184.344833751032      -1.244785230536405E-002  2.600738894067055E-002
   185.137714756413       2.565054859265026E-002  2.645173004781905E-002
   185.930595761794       4.266390688216969E-002 -2.084797201253383E-002
   186.723476767174      -1.090327715423057E-002 -6.029895704745214E-002
   187.516357772555      -7.849001744809875E-002 -4.498057169652889E-003
   188.309238777936      -2.516635348124358E-002  9.636860810762010E-002
   189.102119783317       0.113105643389681       5.030204778928012E-002
   189.895000788697       7.844709208619917E-002 -0.127884669475891     
   190.687881794078      -0.139808683202566      -0.107555545667894     
   191.480762799459      -0.135237430510330       0.147799923086411     
   192.273643804840       0.150604158075999       0.159163570251684     
   193.066524810221       0.177509538691371      -0.146994440551878     
   193.859405815601      -0.136153332572118      -0.189246748198869     
   194.652286820982      -0.194146852680279       0.118066008269109     
   195.445167826363       9.371123870728462E-002  0.192534816612064     
   196.238048831744       0.184970317548800      -6.494810807551803E-002
   197.030929837124      -3.416968162022872E-002 -0.172039470286604     
   197.823810842505      -0.154321637441043       3.890483317288446E-003
   198.616691847886      -2.359225482754722E-002  0.132475646895342     
   199.409572853267       0.107346623415813       4.641055528042835E-002
   200.202453858648       6.322693895679751E-002 -8.002191680291024E-002
   200.995334864028      -5.181329496648876E-002 -7.326414307492599E-002
   201.788215869409      -7.629439406719404E-002  2.417727707916185E-002
   202.581096874790      -1.401140940511567E-003  7.260335313811864E-002
   203.373977880171       6.293292644310143E-002  2.353650211843724E-002
   204.166858885551       4.106326063703543E-002 -4.840338920344293E-002
   204.959739890932      -3.041619242330494E-002 -5.313498150149230E-002
   205.752620896313      -5.929366725675478E-002  1.054152940732530E-002
   206.545501901694      -9.602575517102016E-003  5.950438881763755E-002
   207.338382907075       5.415368120228220E-002  2.847106746630177E-002
   208.131263912455       4.470327405169314E-002 -4.401305987777016E-002
   208.924144917836      -3.017154502555307E-002 -5.721613865012541E-002
   209.717025923217      -6.527206558948301E-002  1.394320534957145E-002
   210.509906928598      -3.242554698326339E-003  6.851668014014249E-002
   211.302787933979       6.698490273050330E-002  1.995887877575548E-002
   212.095668939359       3.489739131222835E-002 -6.107685820370394E-002
   212.888549944740      -5.150761123998691E-002 -4.697154262757302E-002
   213.681430950121      -5.539724605491203E-002  3.923606819630247E-002
   214.474311955502       2.537871939976526E-002  5.974280616844226E-002
   215.267192960882       5.994395801181066E-002 -1.111393110052292E-002
   216.060073966263       2.416961865320606E-003 -5.628458252398899E-002
   216.852954971644      -4.934793411146761E-002 -1.420431152001198E-002
   217.645835977025      -2.345200934145418E-002  3.994583673962313E-002
   218.438716982406       2.903405234014075E-002  2.963810360018729E-002
   219.231597987786       3.254768542981840E-002 -1.762159595917950E-002
   220.024478993167      -6.681085197531274E-003 -3.227496103026437E-002
   220.817359998548      -2.919534399999370E-002 -2.933268269511059E-003
   221.610241003929      -1.055382740124607E-002  2.391185394234233E-002
   222.403122009309       1.718256062568285E-002  1.574841868150325E-002
   223.196003014690       1.834590474454461E-002 -9.837185682008510E-003
   223.988884020071      -2.691419133856514E-003 -1.843644968723620E-002
   224.781765025452      -1.634691759330242E-002 -3.532796186461576E-003
   225.574646030833      -8.273693460942661E-003  1.259430579668946E-002
   226.367527036213       7.822273017366784E-003  1.117698785628357E-002
   227.160408041594       1.212016048834497E-002 -2.727431742862658E-003
   227.953289046975       2.017017637191964E-003 -1.121207267831924E-002
   228.746170052356      -8.768642185363097E-003 -5.832592272341113E-003
   229.539051057737      -8.294670040516266E-003  5.267606285369045E-003
   230.331932063117       1.287388816583420E-003  9.173668181810939E-003
   231.124813068498       8.454303850706130E-003  2.563409839033622E-003
   231.917694073879       5.718512851598912E-003 -6.331200614503125E-003
   232.710575079260      -3.181478800157456E-003 -7.720918907898084E-003
   233.503456084640      -8.277348163969345E-003 -4.827281366007400E-004
   234.296337090021      -4.076873444447886E-003  7.294481620956556E-003
   235.089218095402       4.893109102642727E-003  7.015220518822114E-003
   235.882099100783       8.783290630958795E-003 -1.398503738433999E-003
   236.674980106164       2.692277871300776E-003 -9.003945611423505E-003
   237.467861111544      -7.490064281685947E-003 -6.763137015362160E-003
   238.260742116925      -1.014662022711318E-002  4.278009500398499E-003
   239.053623122306      -3.621029942064312E-004  1.219986515438853E-002
   239.846504127687       1.238115495948565E-002  5.941101005505843E-003
   240.639385133067       1.178976300533806E-002 -1.031920166142814E-002
   241.432266138448      -5.867821157577759E-003 -1.711908483290766E-002
   242.225147143829      -2.109660013232007E-002 -8.600538243228182E-004
   243.018028149210      -9.483156930083704E-003  2.293181852798310E-002
   243.810909154591       2.196266969104275E-002  1.936923296202675E-002
   244.603790159971       2.967817088584864E-002 -1.773430171313745E-002
   245.396671165352      -1.006175972448905E-002 -3.942780362243243E-002
   246.189552170733      -4.757745653456778E-002 -9.308711430677640E-004
   246.982433176114      -1.480005787483128E-002  5.312323364137773E-002
   247.775314181495       5.519831263219717E-002  3.080277708604961E-002
   248.568195186875       4.794396415473634E-002 -5.317034746904414E-002
   249.361076192256      -4.672579748319586E-002 -6.504468305672424E-002
   250.153957197637      -8.082321527579185E-002  3.592840854304856E-002
   250.946838203018       2.123898798258465E-002  9.398418739357139E-002
   251.739719208398       0.103315522372164      -3.489141531525193E-003
   252.532600213779       1.618743546350863E-002 -0.107794406621133     
   253.325481219160      -0.106698047190190      -3.645150163876368E-002
   254.118362224541      -5.586399813278733E-002  9.970506865257671E-002
   254.911243229922       8.696648507563766E-002  7.298776781136634E-002
   255.704124235302       8.648213693119056E-002 -6.912768946654910E-002
   256.497005240683      -4.729431177964930E-002 -9.519378349655536E-002
   257.289886246064      -9.824605436428979E-002  2.294830419253572E-002
   258.082767251445      -2.170806188070445E-003  9.512224466801454E-002
   258.875648256826       8.573219196354484E-002  2.620305596925078E-002
   259.668529262206       4.731006487066758E-002 -7.045000173217870E-002
   260.461410267587      -5.011399499100339E-002 -6.381192639307881E-002
   261.254291272968      -7.431094883684361E-002  2.598568037998571E-002
   262.047172278349      -3.297858776202013E-004  7.779482141838601E-002
   262.840053283729       7.371210038837049E-002  2.699489464357226E-002
   263.632934289110       5.207338460167864E-002 -6.201389807403265E-002
   264.425815294491      -4.315766629795625E-002 -7.367537927243947E-002
   265.218696299872      -9.010307379395699E-002  1.807189806440396E-002
   266.011577305253      -1.191583615981445E-002  9.998667804202478E-002
   266.804458310633       0.102401691731952       4.518109916087781E-002
   267.597339316014       7.992444468046357E-002 -9.696018091134206E-002
   268.390220321395      -8.386974370849143E-002 -0.114298369761082     
   269.183101326776      -0.146522097720344       6.395324465507046E-002
   269.975982332156       3.861950938957020E-002  0.174967568344745     
   270.768863337537       0.198207140905966      -9.771243525063100E-003
   271.561744342918       2.036358682751507E-002 -0.215029392586382     
   272.354625348299      -0.224450907881482      -4.947841605104927E-002
   273.147506353680      -7.548394051811493E-002  0.225766148119305     
   273.940387359060       0.218664920246647       9.678427066609256E-002
   274.733268364441       0.112443087554633      -0.203399179109057     
   275.526149369822      -0.180921241717378      -0.122178525035505     
   276.319030375203      -0.126203770025222       0.152893658102032     
   277.111911380583       0.121519019742452       0.125008016630885     
   277.904792385964       0.119188978741760      -8.922912411546698E-002
   278.697673391345      -5.833952075850126E-002 -0.109392932695206     
   279.490554396726      -9.634067093533494E-002  3.077371015664985E-002
   280.283435402107       7.907379239727039E-003  8.087534432967716E-002
   281.076316407487       6.397662362441545E-002  9.474530873574239E-003
   281.869197412868       2.114383717015316E-002 -4.672061637835234E-002
   282.662078418249      -3.019622359962035E-002 -2.735369276492436E-002
   283.454959423630      -2.874407839575860E-002  1.540269739274963E-002
   284.247840429011       3.152674799522185E-003  2.623863739461204E-002
   285.040721434391       2.093747599943359E-002  6.002201681459482E-003
   285.833602439772       1.181394987793108E-002 -1.400964169650007E-002
   286.626483445153      -6.590160582429020E-003 -1.434647824568929E-002
   287.419364450534      -1.395121943950563E-002 -3.123188126367099E-004
   288.212245455914      -5.890995484320351E-003  1.121514789978523E-002
   289.005126461295       6.888283266698495E-003  9.594076145662492E-003
   289.798007466676       1.115193559053251E-002 -1.799080304195897E-003
   290.590888472057       3.233359687819463E-003 -1.057686859835325E-002
   291.383769477438      -8.136516681467865E-003 -7.481539883174438E-003
   292.176650482818      -1.037850600163620E-002  4.304450188504797E-003
   292.969531488199      -3.065689793276833E-004  1.156727644398728E-002
   293.762412493580       1.092665066175136E-002  5.021627500902744E-003
   294.555293498961       9.183185360892300E-003 -8.571677672537185E-003
   295.348174504342      -4.829560285077925E-003 -1.222521973696718E-002
   296.141055509722      -1.373482158990718E-002  1.941355390793959E-004
   296.933936515103      -4.735907364713204E-003  1.349544523959995E-002
   297.726817520484       1.150790687383817E-002  9.328417896600959E-003
   298.519698525865       1.299130075217443E-002 -7.987467889888708E-003
   299.312579531245      -3.337710474190236E-003 -1.524058058752845E-002
   300.105460536626      -1.575607818935870E-002 -1.895806434800631E-003
   300.898341542007      -7.087146194792210E-003  1.441906719592228E-002
   301.691222547388       1.132811913101382E-002  1.160039812637408E-002
   302.484103552769       1.486158184390402E-002 -6.791536329167267E-003
   303.276984558149      -1.297108024625689E-003 -1.642460873288910E-002
   304.069865563530      -1.602444438307183E-002 -4.537815960343057E-003
   304.862746568911      -1.003096957384337E-002  1.361187266131613E-002
   305.655627574292       9.366067258464788E-003  1.450807430498925E-002
   306.448508579672       1.737666796444844E-002 -3.683357194575389E-003
   307.241389585053       2.857078694973382E-003 -1.819335232388403E-002
   308.034270590434      -1.671750523768410E-002 -9.547560104066741E-003
   308.827151595815      -1.562124920288517E-002  1.294572947948813E-002
   309.620032601196       7.123099777341907E-003  2.032989269924029E-002
   310.412913606576       2.302243595278976E-002  2.705429874347055E-004
   311.205794611957       8.558615531134997E-003 -2.321677259471859E-002
   311.998675617338      -2.065742906291435E-002 -1.692712955095564E-002
   312.791556622719      -2.450019579097467E-002  1.535321814355643E-002
   313.584437628099       7.590702799695474E-003  3.042482379286744E-002
   314.377318633480       3.395701014392784E-002  2.078503971645529E-003
   315.170199638861       1.287624913226012E-002 -3.454070846090938E-002
   315.963080644242      -3.187172986838666E-002 -2.385954921060673E-002
   316.755961649623      -3.400084605159055E-002  2.593997643681742E-002
   317.548842655003       1.704555105789789E-002  4.228037867513978E-002
   318.341723660384       4.778277558224302E-002 -5.786898636053389E-003
   319.134604665765       6.978240301965869E-003 -4.978897854088299E-002
   319.927485671146      -4.785440692870403E-002 -2.019603037395898E-002
   320.720366676527      -3.269910575709160E-002  4.186518190583770E-002
   321.513247681907       3.206630561837710E-002  4.330230216163079E-002
   322.306128687288       5.090414356518524E-002 -1.905858809952970E-002
   323.099009692669      -3.764252915990200E-003 -5.458570772713506E-002
   323.891890698050      -5.369808609084987E-002 -1.263597128942754E-002
   324.684771703430      -2.878909220708019E-002  4.793011283645284E-002
   325.477652708811       3.734946229844350E-002  4.327240786333605E-002
   326.270533714192       5.470404443052701E-002 -2.241243787720485E-002
   327.063414719573      -3.940477238606476E-003 -6.185243756776993E-002
   327.856295724954      -6.373572910961411E-002 -1.693576410542379E-002
   328.649176730334      -3.886119701966406E-002  5.970290734346008E-002
   329.442057735715       4.949027949662935E-002  6.036403800351102E-002
   330.234938741096       7.997863012453275E-002 -3.324949743960093E-002
   331.027819746477      -1.154669572978348E-002 -9.637380975607593E-002
   331.820700751857      -0.108475623821236      -1.466406924710473E-002
   332.613581757238      -4.408684895162201E-002  0.115571157571550     
   333.406462762619       0.117377756990788       7.514218525905872E-002
   334.199343768000       0.106034063802922      -0.114060243035027     
   334.992224773381      -0.106181339256672      -0.134830389782350     
   335.785105778761      -0.159573369543253       9.458285076343788E-002
   336.577986784142       8.022004264692563E-002  0.178440942658472     
   337.370867789523       0.189965259233047      -6.400160365082447E-002
   338.163748794904      -4.670079815469742E-002 -0.193274784551515     
   338.956629800285      -0.188282492188050       2.897684302922049E-002
   339.749510805665       1.148211767731344E-002  0.175732661531239     
   340.542391811046       0.157067027863190       5.028271965143376E-003
   341.335272816427       1.967339201314054E-002 -0.134153501499219     
   342.128153821808      -0.108978924795234      -3.154215403146282E-002
   342.921034827188      -3.986599311291812E-002  8.340223311519847E-002
   343.713915832569       5.901019629512892E-002  4.418872196297158E-002
   344.506796837950       4.446790385968070E-002 -3.706115136693934E-002
   345.299677843331      -1.847660003857492E-002 -4.108442172755280E-002
   346.092558848712      -3.477440454076557E-002  3.847142897880164E-003
   346.885439854092      -6.560924009876771E-003  2.651437165730366E-002
   347.678320859473       1.738945128744027E-002  1.279609478063644E-002
   348.471201864854       1.520097673035143E-002 -8.466046629868725E-003
   349.264082870235      -6.819525129200367E-004 -1.437386632588072E-002
   350.056963875615      -1.111080604602929E-002 -5.238729213256646E-003
   350.849844880996      -8.841898922559394E-003  6.331119368987928E-003
   351.642725886377       9.927917337901838E-004  9.969291758224034E-003
   352.435606891758       8.754136367817857E-003  3.994178009627560E-003
   353.228487897139       7.847968530765376E-003 -5.588965005662539E-003
   354.021368902519      -1.069879313249574E-003 -9.980919272976436E-003
   354.814249907900      -1.004513123212045E-002 -4.076690536638884E-003
   355.607130913281      -9.077415292999554E-003  7.953695510740807E-003
   356.400011918662       3.876134397145414E-003  1.319767702420987E-002
   357.192892924042       1.582128666398643E-002  1.790637362008802E-003
   357.985773929423       8.471949699048286E-003 -1.651672124028300E-002
   358.778654934804      -1.508321939477205E-002 -1.547969485486367E-002
   359.571535940185      -2.208435939286776E-002  1.157142738310751E-002
   360.364416945566       6.275314746483877E-003  2.758806624649510E-002
   361.157297950946       3.139330448293980E-002  3.047645816494689E-004
   361.950178956327       7.523540812922976E-003 -3.306353690623123E-002
   362.743059961708      -3.237211518699340E-002 -1.466768257405461E-002
   363.535940967089      -2.103589225502155E-002  2.933437264655963E-002
   364.328821972470       2.421594600281188E-002  2.601101596561961E-002
   365.121702977850       2.911757733528412E-002 -1.751122644430159E-002
   365.914583983231      -9.890926274304023E-003 -3.006338465982012E-002
   366.707464988612      -2.876614746706934E-002  2.125152535687301E-003
   367.500345993993      -5.006005467571203E-003  2.536470105313274E-002
   368.293226999373       2.021211759141502E-002  1.080119879339698E-002
   369.086108004754       1.471519871019011E-002 -1.384773209759056E-002
   369.878989010135      -6.947654019660554E-003 -1.641785804140990E-002
   370.671870015516      -1.583034645884494E-002  2.571602405542573E-004
   371.464751020897      -5.488372425002606E-003  1.313616587807610E-002
   372.257632026277       8.766022542885939E-003  9.645518994256594E-003
   373.050513031658       1.173896231655895E-002 -3.357476835041388E-003
   373.843394037039       2.307579011445926E-003 -1.152353790286408E-002
   374.636275042420      -9.025392838708042E-003 -7.382438281135765E-003
   375.429156047801      -1.104511921871093E-002  4.557508611034340E-003
   376.222037053181      -1.292717630813989E-003  1.258973803089943E-002
   377.014918058562       1.151103926017289E-002  7.703461013488289E-003
   377.807799063943       1.368296181762416E-002 -7.573698086397210E-003
   378.600680069324      -8.590390932751963E-004 -1.815299218374558E-002
   379.393561074704      -2.004376880844510E-002 -8.216536193953411E-003
   380.186442080085      -1.891504201250391E-002  1.839150246220042E-002
   380.979323085466       1.242945889512138E-002  3.022365332848005E-002
   381.772204090847       4.093367640511755E-002 -1.664309944491873E-003
   382.565085096228       1.406810704072798E-002 -4.974826062090205E-002
   383.357966101608      -5.541241929966859E-002 -3.456974217710396E-002
   384.150847106989      -5.926759984025433E-002  5.685473408555938E-002
   384.943728112370       5.332406761015306E-002  8.721551860171398E-002
   385.736609117751       0.117105529225957      -4.449759226817477E-002
   386.529490123131      -3.053253546104155E-002 -0.147291780465730     
   387.322371128512      -0.175843595122557       1.204028871557686E-002
   388.115252133893      -1.001697120472715E-002  0.200654407826258     
   388.908133139274       0.219626460177726       3.447542965926992E-002
   389.701014144655       6.010966638153224E-002 -0.230920912919651     
   390.493895150035      -0.233222518764391      -8.571431715636843E-002
   391.286776155416      -0.110114779971076       0.225945078950440     
   392.079657160797       0.209318490961724       0.132138882560807     
   392.872538166178       0.150602830886607      -0.184342787545125     
   393.665419171558      -0.152640233959878      -0.164350855608299     
   394.458300176939      -0.172353101502263       0.116257997485032     
   395.251181182320       7.746726442042934E-002  0.173835332046882     
   396.044062187701       0.168402157501670      -3.858381701453406E-002
   396.836943193082      -1.816180881975854E-003 -0.156121957115868     
   397.629824198462      -0.137556767441559      -3.086169478331472E-002
   398.422705203843      -5.781667139820951E-002  0.113735003622125     
   399.215586209224       8.607469110960790E-002  7.784146447746243E-002
   400.008467214605       9.021500827883014E-002 -5.626978571071396E-002
   400.801348219986      -2.615375074903383E-002 -9.473336195803919E-002
   401.594229225366      -9.170731220700162E-002 -2.445599416014806E-003
   402.387110230747      -2.784698569841159E-002  8.192528661166247E-002
   403.179991236128       6.658333010467016E-002  4.864078768680932E-002
   403.972872241509       6.378886685450456E-002 -4.718702657658255E-002
   404.765753246890      -2.543289727986541E-002 -7.269194610522725E-002
   405.558634252270      -7.522017530947177E-002  3.078685330286775E-003
   406.351515257651      -1.818711627560837E-002  7.170552927712184E-002
   407.144396263032       6.289775199560844E-002  3.686616967849138E-002
   407.937277268413       5.175228249240180E-002 -4.988846069038072E-002
   408.730158273793      -3.401053994736129E-002 -6.200692442168368E-002
   409.523039279174      -6.720310354877006E-002  1.672189267696540E-002
   410.315920284555      -5.162037125163894E-004  6.733516653486370E-002
   411.108801289936       6.279488187103580E-002  1.635560741335384E-002
   411.901682295317       2.966287111327268E-002 -5.431679907059286E-002
   412.694563300697      -4.289820793300553E-002 -3.959771070657844E-002
   413.487444306078      -4.566270040829208E-002  2.970096869768932E-002
   414.280325311459       1.594394838841872E-002  4.772139669456334E-002
   415.073206316840       4.598500866042086E-002 -2.795611540126731E-003
   415.866087322220       8.723730214371055E-003 -4.097036159542461E-002
   416.658968327601      -3.343408720456406E-002 -1.782152636264971E-002
   417.451849332982      -2.398789966133491E-002  2.428967627442296E-002
   418.244730338363       1.451521876092778E-002  2.702188569093323E-002
   419.037611343744       2.702789325750636E-002 -5.060256389150560E-003
   419.830492349124       3.239914286824750E-003 -2.438410304445908E-002
   420.623373354505      -1.968703562113353E-002 -9.734976899282674E-003
   421.416254359886      -1.400937931520428E-002  1.367853336111722E-002
   422.209135365267       7.162777907919122E-003  1.590725430897601E-002
   423.002016370648       1.553098545267127E-002 -9.216144196720179E-004
   423.794897376028       4.363662828463050E-003 -1.321445133276362E-002
   424.587778381409      -9.474366341664051E-003 -8.176767105415475E-003
   425.380659386790      -1.021133076313117E-002  4.945157849680401E-003
   426.173540392171       3.042899216713886E-004  1.039249575818929E-002
   426.966421397551       8.873730631291928E-003  3.804270996475504E-003
   427.759302402932       6.840719515853668E-003 -6.009841043558610E-003
   428.552183408313      -2.309434156709084E-003 -8.427186562658152E-003
   429.345064413694      -8.386988063007049E-003 -1.627947039811239E-003
   430.137945419075      -5.183365010877554E-003  6.761615411987556E-003
   430.930826424455       3.803983830720022E-003  7.791261252236289E-003
   431.723707429836       9.005950348634292E-003  5.117317797467824E-005
   432.516588435217       4.236605473266994E-003 -8.554977511885694E-003
   433.309469440598      -6.373795765952905E-003 -8.116436089568196E-003
   434.102350445978      -1.105808834603164E-002  2.618064711000378E-003
   434.895231451359      -2.347921841819862E-003  1.250490498978341E-002
   435.688112456740       1.204204894979212E-002  7.985808528630452E-003
   436.480993462121       1.363756720413224E-002 -9.448947368983981E-003
   437.273874467502      -4.732875246297962E-003 -1.859445122040656E-002
   438.066755472882      -2.217362292525779E-002 -1.859890381716540E-003
   438.859636478263      -9.856819223451312E-003  2.379451570671458E-002
   439.652517483644       2.304672632568376E-002  1.859516083193739E-002
   440.445398489025       2.727874230407424E-002 -1.974193977115178E-002
   441.238279494405      -1.394416156352465E-002 -3.505130548964670E-002
   442.031160499786      -4.108048927511161E-002  5.975174871575076E-003
   442.824041505167      -3.604947981878243E-003  4.464485132559071E-002
   443.616922510548       4.521490280567073E-002  1.404005195614871E-002
   444.409803515929       2.443914723310464E-002 -4.251874752128487E-002
   445.202684521309      -3.658421397982032E-002 -3.385224977356890E-002
   445.995565526690      -4.135558218661803E-002  2.775225037299296E-002
   446.788446532071       1.665995329139894E-002  4.613973283105875E-002
   447.581327537452       4.759314271949487E-002 -4.194918010466238E-003
   448.374208542832       8.574876314126329E-003 -4.537271810203441E-002
   449.167089548213      -3.945395448545126E-002 -2.048964373326782E-002
   449.959970553594      -3.039752700166753E-002  3.015470711790164E-002
   450.752851558975       1.812929196606414E-002  3.725726902911472E-002
   451.545732564356       4.023515121173636E-002 -4.332504124590845E-003
   452.338613569736       1.004396520164790E-002 -3.878770884662812E-002
   453.131494575117      -3.272262356763090E-002 -2.365760566097583E-002
   453.924375580498      -3.511639018101130E-002  2.223175396041586E-002
   454.717256585879       7.892345954174446E-003  4.308650851146693E-002
   455.510137591260       4.639700048424270E-002  9.365166473427181E-003
   456.303018596640       2.832197106665232E-002 -4.413195264102581E-002
   457.095899602021      -3.570219828575115E-002 -4.756534237076661E-002
   457.888780607402      -6.560802395854312E-002  2.089099621409785E-002
   458.681661612783      -1.278557082752124E-004  8.102623747186546E-002
   459.474542618163       9.260804083655502E-002  2.679556947500308E-002
   460.267423623544       5.818743188303774E-002 -9.949998012408418E-002
   461.060304628925      -0.101332741678007      -9.303051787362791E-002
   461.853185634306      -0.129706879884459       9.829555424733022E-002
   462.646066639687       9.111904918094987E-002  0.166243709553017     
   463.438947645067       0.200322270026794      -8.092986692153711E-002
   464.231828650448      -6.897471012267409E-002 -0.229371683349020     
   465.024709655829      -0.250819900007149       5.628130816505163E-002
   465.817590661210       4.339692090815430E-002  0.262516538823201     
   466.610471666591       0.263225022538647      -3.035437435665428E-002
   467.403352671971      -1.691364351900757E-002 -0.252979840851446     
   468.196233677352      -0.233120550514143       2.958287804710941E-003
   468.989114682733      -1.118085664636707E-002  0.205967871671991     
   469.781995688114       0.174291734894933       2.465352676923918E-002
   470.574876693494       3.628596854429979E-002 -0.140797763592844     
   471.367757698875      -0.107791956168785      -4.491773001807367E-002
   472.160638704256      -4.971558332429694E-002  7.705381586808574E-002
   472.953519709637       4.985343110106868E-002  5.035799888833699E-002
   473.746400715018       4.706741002119113E-002 -2.702467869081859E-002
   474.539281720398      -9.033822467730561E-003 -4.052572403579761E-002
   475.332162725779      -3.172738566141511E-002 -3.977264404742817E-003
   476.125043731160      -1.216616438279954E-002  2.181602251382299E-002
   476.917924736541       1.193338107399706E-002  1.596651346954790E-002
   477.710805741921       1.605236450292670E-002 -3.094624291632275E-003
   478.503686747302       3.904517012205063E-003 -1.328426534286872E-002
   479.296567752683      -8.638225361951649E-003 -8.547220907765258E-003
   480.089448758064      -1.062200223952320E-002  3.123535215504032E-003
   480.882329763445      -2.302260970098407E-003  1.021777571298483E-002
   481.675210768825       7.690744552361435E-003  6.812473959979204E-003
   482.468091774206       9.776509106133051E-003 -3.607950486261282E-003
   483.260972779587       1.326143126886952E-003 -1.080496723543174E-002
   484.053853784968      -9.770568270104515E-003 -6.352506773194507E-003
   484.846734790349      -1.074173513368974E-002  6.803388032824188E-003
   485.639615795729       2.261488204462734E-003  1.387158060575278E-002
   486.432496801110       1.529064710741064E-002  3.319555832028534E-003
   487.225377806491       9.292674908509732E-003 -1.476248336425832E-002
   488.018258811872      -1.228618709419543E-002 -1.497384271628378E-002
   488.811139817252      -1.971739090365509E-002  8.091754264404942E-003
   489.604020822633       2.610637324276383E-003  2.298460391162575E-002
   490.396901828014       2.439931905324647E-002  3.575682209281174E-003
   491.189782833395       9.803767668958113E-003 -2.378615209883699E-002
   491.982663838776      -2.118882077225590E-002 -1.540507913687380E-002
   492.775544844156      -1.978202107472732E-002  1.686719739421953E-002
   493.568425849537       1.127236172738828E-002  2.247379774355625E-002
   494.361306854918       2.320508478531597E-002 -5.000136824151377E-003
   495.154187860299       1.273747190741793E-003 -2.191395627148518E-002
   495.947068865680      -1.875821589535267E-002 -6.870173147688192E-003
   496.739949871060      -1.118545796928232E-002  1.410054516904279E-002
   497.532830876441       8.473465464648904E-003  1.376255949684988E-002
   498.325711881822       1.434627503158290E-002 -2.526155492314617E-003
   499.118592887203       3.042997330318563E-003 -1.291657740152081E-002
   499.911473892583      -9.696882409679038E-003 -7.562159994224899E-003
   500.704354897964      -1.046263695980793E-002  5.136476063486708E-003
   501.497235903345      -1.314024763691647E-004  1.134821147409169E-002
   502.290116908726       1.004964940824475E-002  5.352169744122197E-003
   503.082997914107       9.727584823381803E-003 -6.658109308084775E-003
   503.875878919487      -1.533189366052538E-003 -1.250131948192065E-002
   504.668759924868      -1.304421206653280E-002 -4.716257648666636E-003
   505.461640930249      -1.127783486032440E-002  1.093072197609963E-002
   506.254521935630       5.998611464523862E-003  1.720462354027549E-002
   507.047402941010       2.150210299754683E-002  1.614811601520457E-003
   507.840283946391       1.146450525616303E-002 -2.322586116031864E-002
   508.633164951772      -2.158192113093738E-002 -2.281948110447202E-002
   509.426045957153      -3.471332930124748E-002  1.602104687295795E-002
   510.218926962534       6.318361756108172E-003  4.601893749476867E-002
   511.011807967914       5.553999294903897E-002  7.370208808309974E-003
   511.804688973295       2.448276645407108E-002 -6.211026992473054E-002
   512.597569978676      -6.469216148808783E-002 -4.406442756795220E-002
   513.390450984057      -6.482216741345601E-002  6.246833113268883E-002
   514.183331989437       5.492315750530024E-002  8.521925124220718E-002
   514.976212994818       0.103599300030440      -4.191135679087965E-002
   515.769094000199      -2.370860487538365E-002 -0.118323949099753     
   516.561975005580      -0.127906992459086       1.035113780873440E-003
