  1.743942752675884E-012
   31.5937336726648     
  9.849352525439072E-012
 -2.859885242983241E-011
 -6.589598311919099E-011
   17.6952656722301     
 -1.132002777288880E-011
 -1.359167711423616E-011
  2.075830630402664E-012
   14.2255378462416     
  3.518378195162727E-011
   2.55684672224234     
 -3.529053020906935E-012
   8.77152526769590     
  6.823038798229533E-013
 -4.157860923709326E-012
  0.557234497330097     
 -1.679893119666445E-010
   1.31279646197687     
  -3.91592751334292     
  -1.00659229660224     
  -10.3226852910233     
  0.603162593317237     
  -12.9684003733358     
   2.09575624044822     
  -5.64767973955382     
   11.0839679223941     
  -4.88913570151621     
  1.819983336917328E-002
  -3.95934516595726     
   6.02054257876076     
  -9.32726062999381     
   6.61925073453202     
   2.86912277848213     
 -0.357970434683220     
 -0.480157493789004     
  0.371354682280414     
  5.910302192824338E-002
 -7.018004992357454E-003
