     4.00000    -0.68555868E-08
     4.00400    -0.65545828E-08
     4.00800    -0.62657612E-08
     4.01200    -0.59903020E-08
     4.01600    -0.57270226E-08
     4.02000    -0.54743930E-08
     4.02400    -0.52332270E-08
     4.02800    -0.50028191E-08
     4.03200    -0.47814853E-08
     4.03600    -0.45709128E-08
     4.04000    -0.43696519E-08
     4.04400    -0.41763625E-08
     4.04800    -0.39917825E-08
     4.05200    -0.38154106E-08
     4.05600    -0.36466110E-08
     4.06000    -0.34852912E-08
     4.06400    -0.33311729E-08
     4.06800    -0.31835314E-08
     4.07200    -0.30425786E-08
     4.07600    -0.29080786E-08
     4.08000    -0.27787254E-08
     4.08400    -0.26550372E-08
     4.08800    -0.25384957E-08
     4.09200    -0.24252275E-08
     4.09600    -0.23170011E-08
     4.10000    -0.22148461E-08
     4.10400    -0.21158788E-08
     4.10800    -0.20217701E-08
     4.11200    -0.19325447E-08
     4.11600    -0.18463830E-08
     4.12000    -0.17635659E-08
     4.12400    -0.16858254E-08
     4.12800    -0.16104122E-08
     4.13200    -0.15382390E-08
     4.13600    -0.14704106E-08
     4.14000    -0.14041459E-08
     4.14400    -0.13416701E-08
     4.14800    -0.12817366E-08
     4.15200    -0.12245674E-08
     4.15600    -0.11699512E-08
     4.16000    -0.11172451E-08
     4.16400    -0.10676667E-08
     4.16800    -0.10198350E-08
     4.17200    -0.97403453E-09
     4.17600    -0.93088993E-09
     4.18000    -0.88893964E-09
     4.18400    -0.84875800E-09
     4.18800    -0.81117617E-09
     4.19200    -0.77434706E-09
     4.19600    -0.73976179E-09
     4.20000    -0.70705287E-09
     4.20400    -0.67488748E-09
     4.20800    -0.64479022E-09
     4.21200    -0.61586375E-09
     4.21600    -0.58816137E-09
     4.22000    -0.56196056E-09
     4.22400    -0.53667370E-09
     4.22800    -0.51251365E-09
     4.23200    -0.48947417E-09
     4.23600    -0.46763472E-09
     4.24000    -0.44672344E-09
     4.24400    -0.42637413E-09
     4.24800    -0.40740009E-09
     4.25200    -0.38927771E-09
     4.25600    -0.37124866E-09
     4.26000    -0.35512430E-09
     4.26400    -0.33948651E-09
     4.26800    -0.32348722E-09
     4.27200    -0.30936210E-09
     4.27600    -0.29539249E-09
     4.28000    -0.28193005E-09
     4.28400    -0.26952171E-09
     4.28800    -0.25762407E-09
     4.29200    -0.24578557E-09
     4.29600    -0.23453567E-09
     4.30000    -0.22423182E-09
     4.30400    -0.21411708E-09
     4.30800    -0.20449892E-09
     4.31200    -0.19535089E-09
     4.31600    -0.18618056E-09
     4.32000    -0.17824207E-09
     4.32400    -0.16998907E-09
     4.32800    -0.16212129E-09
     4.33200    -0.15559069E-09
     4.33600    -0.14849366E-09
     4.34000    -0.14115626E-09
     4.34400    -0.13536368E-09
     4.34800    -0.12947759E-09
     4.35200    -0.12301400E-09
     4.35600    -0.11778670E-09
     4.36000    -0.11300751E-09
     4.36400    -0.10734268E-09
     4.36800    -0.10247346E-09
     4.37200    -0.98405999E-10
     4.37600    -0.93784497E-10
     4.38000    -0.90010421E-10
     4.38400    -0.85766747E-10
     4.38800    -0.81707704E-10
     4.39200    -0.78244283E-10
     4.39600    -0.74511597E-10
     4.40000    -0.71471436E-10
     4.40400    -0.68566248E-10
     4.40800    -0.64931847E-10
     4.41200    -0.62366994E-10
     4.41600    -0.59649634E-10
     4.42000    -0.56924767E-10
     4.42400    -0.54550781E-10
     4.42800    -0.52256670E-10
     4.43200    -0.49784935E-10
     4.43600    -0.47659744E-10
     4.44000    -0.45518522E-10
     4.44400    -0.43822582E-10
     4.44800    -0.42037860E-10
     4.45200    -0.40073602E-10
     4.45600    -0.37959509E-10
     4.46000    -0.36344743E-10
     4.46400    -0.35115638E-10
     4.46800    -0.33723060E-10
     4.47200    -0.31669381E-10
     4.47600    -0.30427655E-10
     4.48000    -0.29611682E-10
     4.48400    -0.27899735E-10
     4.48800    -0.26780125E-10
     4.49200    -0.25701133E-10
     4.49600    -0.24666143E-10
     4.50000    -0.23561974E-10
     4.50400    -0.22393068E-10
     4.50800    -0.21332926E-10
     4.51200    -0.20519190E-10
     4.51600    -0.19740850E-10
     4.52000    -0.19259273E-10
     4.52400    -0.18228601E-10
     4.52800    -0.17412240E-10
     4.53200    -0.16881034E-10
     4.53600    -0.16387383E-10
     4.54000    -0.15553400E-10
     4.54400    -0.14366769E-10
     4.54800    -0.13630847E-10
     4.55200    -0.13458709E-10
     4.55600    -0.13262442E-10
     4.56000    -0.12548558E-10
     4.56400    -0.12103255E-10
     4.56800    -0.11535200E-10
     4.57200    -0.10439414E-10
     4.57600    -0.10673328E-10
     4.58000    -0.10690958E-10
     4.58400    -0.94534684E-11
     4.58800    -0.91860203E-11
     4.59200    -0.86540342E-11
     4.59600    -0.89154502E-11
     4.60000    -0.82566323E-11
     4.60400    -0.81279624E-11
     4.60800    -0.74116868E-11
     4.61200    -0.70685470E-11
     4.61600    -0.70284336E-11
     4.62000    -0.70320206E-11
     4.62400    -0.62960371E-11
     4.62800    -0.62391546E-11
     4.63200    -0.60684515E-11
     4.63600    -0.59559425E-11
     4.64000    -0.53643303E-11
     4.64400    -0.54487103E-11
     4.64800    -0.55734743E-11
     4.65200    -0.48801969E-11
     4.65600    -0.50335743E-11
     4.66000    -0.44044443E-11
     4.66400    -0.45040254E-11
     4.66800    -0.43153393E-11
     4.67200    -0.47355209E-11
     4.67600    -0.38991202E-11
     4.68000    -0.37771476E-11
     4.68400    -0.38133350E-11
     4.68800    -0.40449216E-11
     4.69200    -0.34092312E-11
     4.69600    -0.34820475E-11
     4.70000    -0.33934568E-11
     4.70400    -0.32356584E-11
     4.70800    -0.26098932E-11
     4.71200    -0.29062943E-11
     4.71600    -0.27746430E-11
     4.72000    -0.29210852E-11
     4.72400    -0.28200512E-11
     4.72800    -0.24889741E-11
     4.73200    -0.22357601E-11
     4.73600    -0.30382158E-11
     4.74000    -0.29823151E-11
     4.74400    -0.26997874E-11
     4.74800    -0.17828540E-11
     4.75200    -0.18386824E-11
     4.75600    -0.20451830E-11
     4.76000    -0.24045963E-11
     4.76400    -0.23851360E-11
     4.76800    -0.18885930E-11
     4.77200    -0.16004382E-11
     4.77600    -0.21947965E-11
     4.78000    -0.23514165E-11
     4.78400    -0.17369501E-11
     4.78800    -0.12578510E-11
     4.79200    -0.12653090E-11
     4.79600    -0.14960574E-11
     4.80000    -0.20745299E-11
     4.80400    -0.16800475E-11
     4.80800    -0.14167980E-11
     4.81200    -0.10936133E-11
     4.81600    -0.14619618E-11
     4.82000    -0.10797508E-11
     4.82400    -0.10080559E-11
     4.82800    -0.11165679E-11
     4.83200    -0.15994346E-11
     4.83600    -0.12044152E-11
     4.84000    -0.13942960E-11
     4.84400    -0.63093559E-12
     4.84800    -0.11944682E-11
     4.85200    -0.10962807E-11
     4.85600    -0.13946754E-11
     4.86000    -0.11181188E-11
     4.86400    -0.70319990E-12
     4.86800    -0.48187796E-12
     4.87200    -0.10049678E-11
     4.87600    -0.10937810E-11
     4.88000    -0.11834887E-11
     4.88400    -0.52085084E-12
     4.88800    -0.66792770E-12
     4.89200    -0.21733512E-12
     4.89600    -0.51383902E-12
     4.90000    -0.89459285E-12
     4.90400    -0.30835489E-12
     4.90800    -0.17172299E-12
     4.91200     0.98559019E-13
     4.91600    -0.77784947E-12
     4.92000    -0.65266055E-12
     4.92400    -0.14298011E-12
     4.92800     0.12005920E-12
     4.93200     0.28180950E-12
     4.93600    -0.23819388E-12
     4.94000    -0.45548586E-12
     4.94400    -0.77173418E-12
     4.94800    -0.18107108E-12
     4.95200     0.22565289E-12
     4.95600     0.89767887E-13
     4.96000    -0.11982300E-12
     4.96400    -0.50006393E-13
     4.96800     0.23042586E-14
     4.97200    -0.31984991E-12
     4.97600     0.25913367E-13
     4.98000    -0.89465316E-13
     4.98400    -0.89467469E-13
     4.98800     0.54391514E-13
     4.99200     0.55615660E-13
     4.99600    -0.23037335E-12
     5.00000    -0.34572117E-12
     5.00400     0.56312902E-14
     5.00800     0.59089856E-13
     5.01200     0.86185537E-13
     5.01600    -0.50880754E-12
     5.02000    -0.25461086E-13
     5.02400    -0.72303085E-12
     5.02800    -0.29211878E-13
     5.03200     0.96556436E-13
     5.03600     0.24215589E-12
     5.04000     0.36073630E-12
     5.04400    -0.21887627E-13
     5.04800    -0.43433821E-12
     5.05200    -0.30387356E-12
     5.05600    -0.49648576E-12
     5.06000     0.63792922E-13
     5.06400     0.19260791E-12
     5.06800     0.22921715E-12
     5.07200    -0.53567583E-13
     5.07600    -0.10632845E-12
     5.08000    -0.23811630E-12
     5.08400     0.34410195E-12
     5.08800     0.24946466E-12
     5.09200    -0.11659870E-12
     5.09600     0.18816683E-12
     5.10000     0.17801588E-13
     5.10400     0.13639340E-12
     5.10800     0.32746351E-12
     5.11200     0.31603781E-12
     5.11600     0.33721046E-12
     5.12000     0.89353445E-13
     5.12400    -0.11830566E-12
     5.12800     0.20440893E-12
     5.13200    -0.67249434E-12
     5.13600    -0.37928249E-12
     5.14000     0.37553031E-12
     5.14400     0.34712511E-12
     5.14800     0.38288018E-12
     5.15200     0.10015527E-11
     5.15600     0.23959682E-11
     5.16000     0.66385662E-11
     5.16400     0.17211485E-10
     5.16800     0.41861109E-10
     5.17200     0.10125886E-09
     5.17600     0.24355444E-09
     5.18000     0.57574626E-09
     5.18400     0.13429728E-08
     5.18800     0.30857474E-08
     5.19200     0.69938998E-08
     5.19600     0.15634252E-07
     5.20000     0.34473392E-07
     5.20400     0.74972319E-07
     5.20800     0.16081788E-06
     5.21200     0.34024388E-06
     5.21600     0.71001982E-06
     5.22000     0.14614260E-05
     5.22400     0.29669556E-05
     5.22800     0.59412094E-05
     5.23200     0.11734651E-04
     5.23600     0.22861213E-04
     5.24000     0.43930341E-04
     5.24400     0.83266231E-04
     5.24800     0.15567376E-03
     5.25200     0.28708310E-03
     5.25600     0.52221529E-03
     5.26000     0.93701339E-03
     5.26400     0.16584462E-02
     5.26800     0.28954903E-02
     5.27200     0.49867148E-02
     5.27600     0.84720021E-02
     5.28000     0.14198584E-01
     5.28400     0.23474750E-01
     5.28800     0.38288169E-01
     5.29200     0.61609548E-01
     5.29600     0.97805887E-01
     5.30000     0.15319022    
     5.30400     0.23673567    
     5.30800     0.36097974    
     5.31200     0.54313877    
     5.31600     0.80644154    
     5.32000      1.1816736    
     5.32400      1.7089006    
     5.32800      2.4393081    
     5.33200      3.4370636    
     5.33600      4.7810665    
     5.34000      6.5664240    
     5.34400      8.9054620    
     5.34800      11.928070    
     5.35200      15.781188    
     5.35600      20.627283    
     5.36000      26.641695    
     5.36400      34.008860    
     5.36800      42.917458    
     5.37200      53.554692    
     5.37600      66.099964    
     5.38000      80.718321    
     5.38400      97.554055    
     5.38800      116.72488    
     5.39200      138.31705    
     5.39600      162.38164    
     5.40000      188.93217    
     5.40400      217.94370    
     5.40800      249.35301    
     5.41200      283.06007    
     5.41600      318.93020    
     5.42000      356.79696    
     5.42400      396.46541    
     5.42800      437.71581    
     5.43200      480.30759    
     5.43600      523.98374    
     5.44000      568.47572    
     5.44400      613.50901    
     5.44800      658.80925    
     5.45200      704.10897    
     5.45600      749.15484    
     5.46000      793.71490    
     5.46400      837.58570    
     5.46800      880.59870    
     5.47200      922.62572    
     5.47600      963.58280    
     5.48000      1003.4326    
     5.48400      1042.1846    
     5.48800      1079.8938    
     5.49200      1116.6574    
     5.49600      1152.6096    
     5.50000      1187.9154    
     5.50400      1222.7637    
     5.50800      1257.3585    
     5.51200      1291.9121    
     5.51600      1326.6366    
     5.52000      1361.7373    
     5.52400      1397.4073    
     5.52800      1433.8226    
     5.53200      1471.1390    
     5.53600      1509.4904    
     5.54000      1548.9878    
     5.54400      1589.7191    
     5.54800      1631.7498    
     5.55200      1675.1228    
     5.55600      1719.8591    
     5.56000      1765.9577    
     5.56400      1813.3960    
     5.56800      1862.1289    
     5.57200      1912.0898    
     5.57600      1963.1909    
     5.58000      2015.3242    
     5.58400      2068.3637    
     5.58800      2122.1680    
     5.59200      2176.5836    
     5.59600      2231.4484    
     5.60000      2286.5959    
     5.60400      2341.8590    
     5.60800      2397.0735    
     5.61200      2452.0814    
     5.61600      2506.7330    
     5.62000      2560.8890    
     5.62400      2614.4208    
     5.62800      2667.2114    
     5.63200      2719.1544    
     5.63600      2770.1532    
     5.64000      2820.1203    
     5.64400      2868.9763    
     5.64800      2916.6493    
     5.65200      2963.0751    
     5.65600      3008.1977    
     5.66000      3051.9709    
     5.66400      3094.3597    
     5.66800      3135.3426    
     5.67200      3174.9130    
     5.67600      3213.0810    
     5.68000      3249.8734    
     5.68400      3285.3340    
     5.68800      3319.5218    
     5.69200      3352.5090    
     5.69600      3384.3775    
     5.70000      3415.2163    
     5.70400      3445.1167    
     5.70800      3474.1699    
     5.71200      3502.4627    
     5.71600      3530.0754    
     5.72000      3557.0795    
     5.72400      3583.5362    
     5.72800      3609.4958    
     5.73200      3634.9971    
     5.73600      3660.0681    
     5.74000      3684.7261    
     5.74400      3708.9788    
     5.74800      3732.8250    
     5.75200      3756.2553    
     5.75600      3779.2524    
     5.76000      3801.7920    
     5.76400      3823.8423    
     5.76800      3845.3645    
     5.77200      3866.3130    
     5.77600      3886.6355    
     5.78000      3906.2738    
     5.78400      3925.1654    
     5.78800      3943.2443    
     5.79200      3960.4440    
     5.79600      3976.6990    
     5.80000      3991.9475    
     5.80400      4006.1335    
     5.80800      4019.2085    
     5.81200      4031.1329    
     5.81600      4041.8763    
     5.82000      4051.4183    
     5.82400      4059.7474    
     5.82800      4066.8604    
     5.83200      4072.7611    
     5.83600      4077.4590    
     5.84000      4080.9683    
     5.84400      4083.3062    
     5.84800      4084.4920    
     5.85200      4084.5468    
     5.85600      4083.4927    
     5.86000      4081.3532    
     5.86400      4078.1528    
     5.86800      4073.9179    
     5.87200      4068.6769    
     5.87600      4062.4608    
     5.88000      4055.3031    
     5.88400      4047.2400    
     5.88800      4038.3097    
     5.89200      4028.5522    
     5.89600      4018.0079    
     5.90000      4006.7168    
     5.90400      3994.7172    
     5.90800      3982.0453    
     5.91200      3968.7339    
     5.91600      3954.8122    
     5.92000      3940.3056    
     5.92400      3925.2361    
     5.92800      3909.6221    
     5.93200      3893.4794    
     5.93600      3876.8214    
     5.94000      3859.6599    
     5.94400      3842.0051    
     5.94800      3823.8663    
     5.95200      3805.2520    
     5.95600      3786.1697    
     5.96000      3766.6260    
     5.96400      3746.6266    
     5.96800      3726.1760    
     5.97200      3705.2773    
     5.97600      3683.9324    
     5.98000      3662.1417    
     5.98400      3639.9049    
     5.98800      3617.2208    
     5.99200      3594.0882    
     5.99600      3570.5064    
     6.00000      3546.4758    
     6.00400      3521.9988    
     6.00800      3497.0797    
     6.01200      3471.7259    
     6.01600      3445.9473    
     6.02000      3419.7566    
     6.02400      3393.1688    
     6.02800      3366.2012    
     6.03200      3338.8723    
     6.03600      3311.2019    
     6.04000      3283.2101    
     6.04400      3254.9172    
     6.04800      3226.3433    
     6.05200      3197.5081    
     6.05600      3168.4307    
     6.06000      3139.1301    
     6.06400      3109.6246    
     6.06800      3079.9324    
     6.07200      3050.0716    
     6.07600      3020.0602    
     6.08000      2989.9162    
     6.08400      2959.6576    
     6.08800      2929.3022    
     6.09200      2898.8676    
     6.09600      2868.3709    
     6.10000      2837.8284    
     6.10400      2807.2556    
     6.10800      2776.6667    
     6.11200      2746.0747    
     6.11600      2715.4913    
     6.12000      2684.9271    
     6.12400      2654.3912    
     6.12800      2623.8923    
     6.13200      2593.4381    
     6.13600      2563.0357    
     6.14000      2532.6922    
     6.14400      2502.4144    
     6.14800      2472.2092    
     6.15200      2442.0831    
     6.15600      2412.0429    
     6.16000      2382.0950    
     6.16400      2352.2457    
     6.16800      2322.5010    
     6.17200      2292.8664    
     6.17600      2263.3470    
     6.18000      2233.9475    
     6.18400      2204.6722    
     6.18800      2175.5250    
     6.19200      2146.5099    
     6.19600      2117.6304    
     6.20000      2088.8903    
     6.20400      2060.2938    
     6.20800      2031.8450    
     6.21200      2003.5486    
     6.21600      1975.4098    
     6.22000      1947.4339    
     6.22400      1919.6266    
     6.22800      1891.9940    
     6.23200      1864.5420    
     6.23600      1837.2766    
     6.24000      1810.2035    
     6.24400      1783.3282    
     6.24800      1756.6561    
     6.25200      1730.1919    
     6.25600      1703.9403    
     6.26000      1677.9054    
     6.26400      1652.0914    
     6.26800      1626.5020    
     6.27200      1601.1408    
     6.27600      1576.0113    
     6.28000      1551.1168    
     6.28400      1526.4606    
     6.28800      1502.0457    
     6.29200      1477.8748    
     6.29600      1453.9506    
     6.30000      1430.2754    
     6.30400      1406.8511    
     6.30800      1383.6792    
     6.31200      1360.7611    
     6.31600      1338.0977    
     6.32000      1315.6894    
     6.32400      1293.5366    
     6.32800      1271.6392    
     6.33200      1249.9972    
     6.33600      1228.6103    
     6.34000      1207.4781    
     6.34400      1186.6003    
     6.34800      1165.9764    
     6.35200      1145.6060    
     6.35600      1125.4888    
     6.36000      1105.6242    
     6.36400      1086.0117    
     6.36800      1066.6507    
     6.37200      1047.5403    
     6.37600      1028.6797    
     6.38000      1010.0679    
     6.38400      991.70374    
     6.38800      973.58606    
     6.39200      955.71356    
     6.39600      938.08490    
     6.40000      920.69875    
     6.40400      903.55377    
     6.40800      886.64863    
     6.41200      869.98207    
     6.41600      853.55283    
     6.42000      837.35971    
     6.42400      821.40151    
     6.42800      805.67701    
     6.43200      790.18500    
     6.43600      774.92421    
     6.44000      759.89329    
     6.44400      745.09083    
     6.44800      730.51533    
     6.45200      716.16522    
     6.45600      702.03883    
     6.46000      688.13445    
     6.46400      674.45031    
     6.46800      660.98458    
     6.47200      647.73543    
     6.47600      634.70099    
     6.48000      621.87937    
     6.48400      609.26866    
     6.48800      596.86694    
     6.49200      584.67223    
     6.49600      572.68253    
     6.50000      560.89578    
     6.50400      549.30989    
     6.50800      537.92268    
     6.51200      526.73196    
     6.51600      515.73545    
     6.52000      504.93086    
     6.52400      494.31585    
     6.52800      483.88807    
     6.53200      473.64516    
     6.53600      463.58475    
     6.54000      453.70448    
     6.54400      444.00203    
     6.54800      434.47508    
     6.55200      425.12133    
     6.55600      415.93851    
     6.56000      406.92435    
     6.56400      398.07659    
     6.56800      389.39299    
     6.57200      380.87131    
     6.57600      372.50929    
     6.58000      364.30469    
     6.58400      356.25527    
     6.58800      348.35877    
     6.59200      340.61299    
     6.59600      333.01570    
     6.60000      325.56470    
     6.60400      318.25784    
     6.60800      311.09295    
     6.61200      304.06794    
     6.61600      297.18069    
     6.62000      290.42915    
     6.62400      283.81128    
     6.62800      277.32504    
     6.63200      270.96843    
     6.63600      264.73944    
     6.64000      258.63610    
     6.64400      252.65642    
     6.64800      246.79843    
     6.65200      241.06018    
     6.65600      235.43971    
     6.66000      229.93508    
     6.66400      224.54439    
     6.66800      219.26571    
     6.67200      214.09718    
     6.67600      209.03692    
     6.68000      204.08309    
     6.68400      199.23387    
     6.68800      194.48746    
     6.69200      189.84207    
     6.69600      185.29594    
     6.70000      180.84732    
     6.70400      176.49447    
     6.70800      172.23567    
     6.71200      168.06921    
     6.71600      163.99340    
     6.72000      160.00657    
     6.72400      156.10706    
     6.72800      152.29323    
     6.73200      148.56347    
     6.73600      144.91620    
     6.74000      141.34983    
     6.74400      137.86283    
     6.74800      134.45368    
     6.75200      131.12089    
     6.75600      127.86298    
     6.76000      124.67850    
     6.76400      121.56604    
     6.76800      118.52418    
     6.77200      115.55154    
     6.77600      112.64675    
     6.78000      109.80847    
     6.78400      107.03537    
     6.78800      104.32614    
     6.79200      101.67950    
     6.79600      99.094175    
     6.80000      96.568928    
     6.80400      94.102533    
     6.80800      91.693789    
     6.81200      89.341515    
     6.81600      87.044551    
     6.82000      84.801758    
     6.82400      82.612016    
     6.82800      80.474225    
     6.83200      78.387301    
     6.83600      76.350180    
     6.84000      74.361814    
     6.84400      72.421172    
     6.84800      70.527239    
     6.85200      68.679018    
     6.85600      66.875526    
     6.86000      65.115801    
     6.86400      63.398892    
     6.86800      61.723871    
     6.87200      60.089823    
     6.87600      58.495852    
     6.88000      56.941076    
     6.88400      55.424633    
     6.88800      53.945675    
     6.89200      52.503370    
     6.89600      51.096901    
     6.90000      49.725465    
     6.90400      48.388277    
     6.90800      47.084562    
     6.91200      45.813561    
     6.91600      44.574530    
     6.92000      43.366737    
     6.92400      42.189465    
     6.92800      41.042012    
     6.93200      39.923688    
     6.93600      38.833819    
     6.94000      37.771743    
     6.94400      36.736814    
     6.94800      35.728397    
     6.95200      34.745873    
     6.95600      33.788633    
     6.96000      32.856082    
     6.96400      31.947639    
     6.96800      31.062732    
     6.97200      30.200802    
     6.97600      29.361304    
     6.98000      28.543700    
     6.98400      27.747465    
     6.98800      26.972087    
     6.99200      26.217061    
     6.99600      25.481897    
     7.00000      24.766113    
     7.00400      24.069238    
     7.00800      23.390811    
     7.01200      22.730383    
     7.01600      22.087513    
     7.02000      21.461770    
     7.02400      20.852735    
     7.02800      20.259994    
     7.03200      19.683146    
     7.03600      19.121797    
     7.04000      18.575560    
     7.04400      18.044060    
     7.04800      17.526927    
     7.05200      17.023801    
     7.05600      16.534330    
     7.06000      16.058170    
     7.06400      15.594983    
     7.06800      15.144441    
     7.07200      14.706222    
     7.07600      14.280012    
     7.08000      13.865505    
     7.08400      13.462402    
     7.08800      13.070409    
     7.09200      12.689240    
     7.09600      12.318618    
     7.10000      11.958269    
     7.10400      11.607927    
     7.10800      11.267331    
     7.11200      10.936228    
     7.11600      10.614371    
     7.12000      10.301516    
     7.12400      9.9974269    
     7.12800      9.7018739    
     7.13200      9.4146315    
     7.13600      9.1354801    
     7.14000      8.8642056    
     7.14400      8.6005989    
     7.14800      8.3444564    
     7.15200      8.0955791    
     7.15600      7.8537734    
     7.16000      7.6188501    
     7.16400      7.3906248    
     7.16800      7.1689178    
     7.17200      6.9535535    
     7.17600      6.7443610    
     7.18000      6.5411734    
     7.18400      6.3438282    
     7.18800      6.1521667    
     7.19200      5.9660345    
     7.19600      5.7852807    
     7.20000      5.6097587    
     7.20400      5.4393253    
     7.20800      5.2738410    
     7.21200      5.1131701    
     7.21600      4.9571802    
     7.22000      4.8057422    
     7.22400      4.6587306    
     7.22800      4.5160230    
     7.23200      4.3775000    
     7.23600      4.2430454    
     7.24000      4.1125461    
     7.24400      3.9858917    
     7.24800      3.8629747    
     7.25200      3.7436906    
     7.25600      3.6279374    
     7.26000      3.5156158    
     7.26400      3.4066292    
     7.26800      3.3008835    
     7.27200      3.1982871    
     7.27600      3.0987508    
     7.28000      3.0021879    
     7.28400      2.9085138    
     7.28800      2.8176463    
     7.29200      2.7295054    
     7.29600      2.6440131    
     7.30000      2.5610938    
     7.30400      2.4806736    
     7.30800      2.4026806    
     7.31200      2.3270451    
     7.31600      2.2536991    
     7.32000      2.1825764    
     7.32400      2.1136127    
     7.32800      2.0467454    
     7.33200      1.9819137    
     7.33600      1.9190583    
     7.34000      1.8581217    
     7.34400      1.7990480    
     7.34800      1.7417826    
     7.35200      1.6862728    
     7.35600      1.6324670    
     7.36000      1.5803152    
     7.36400      1.5297688    
     7.36800      1.4807805    
     7.37200      1.4333044    
     7.37600      1.3872958    
     7.38000      1.3427112    
     7.38400      1.2995084    
     7.38800      1.2576464    
     7.39200      1.2170854    
     7.39600      1.1777865    
     7.40000      1.1397122    
     7.40400      1.1028259    
     7.40800      1.0670919    
     7.41200      1.0324759    
     7.41600     0.99894422    
     7.42000     0.96646432    
     7.42400     0.93500454    
     7.42800     0.90453413    
     7.43200     0.87502322    
     7.43600     0.84644282    
     7.44000     0.81876473    
     7.44400     0.79196159    
     7.44800     0.76600682    
     7.45200     0.74087462    
     7.45600     0.71653992    
     7.46000     0.69297838    
     7.46400     0.67016638    
     7.46800     0.64808098    
     7.47200     0.62669991    
     7.47600     0.60600156    
     7.48000     0.58596494    
     7.48400     0.56656970    
     7.48800     0.54779607    
     7.49200     0.52962485    
     7.49600     0.51203744    
     7.50000     0.49501575    
     7.50400     0.47854227    
     7.50800     0.46259996    
     7.51200     0.44717232    
     7.51600     0.43224332    
     7.52000     0.41779743    
     7.52400     0.40381956    
     7.52800     0.39029508    
     7.53200     0.37720980    
     7.53600     0.36454996    
     7.54000     0.35230220    
     7.54400     0.34045359    
     7.54800     0.32899155    
     7.55200     0.31790392    
     7.55600     0.30717889    
     7.56000     0.29680500    
     7.56400     0.28677114    
     7.56800     0.27706655    
     7.57200     0.26768079    
     7.57600     0.25860373    
     7.58000     0.24982557    
     7.58400     0.24133678    
     7.58800     0.23312814    
     7.59200     0.22519071    
     7.59600     0.21751582    
     7.60000     0.21009508    
     7.60400     0.20292034    
     7.60800     0.19598370    
     7.61200     0.18927754    
     7.61600     0.18279443    
     7.62000     0.17652719    
     7.62400     0.17046887    
     7.62800     0.16461273    
     7.63200     0.15895222    
     7.63600     0.15348103    
     7.64000     0.14819301    
     7.64400     0.14308223    
     7.64800     0.13814292    
     7.65200     0.13336953    
     7.65600     0.12875663    
     7.66000     0.12429901    
     7.66400     0.11999159    
     7.66800     0.11582947    
     7.67200     0.11180789    
     7.67600     0.10792225    
     7.68000     0.10416810    
     7.68400     0.10054112    
     7.68800     0.97037118E-01
     7.69200     0.93652063E-01
     7.69600     0.90382030E-01
     7.70000     0.87223228E-01
     7.70400     0.84171982E-01
     7.70800     0.81224738E-01
     7.71200     0.78378052E-01
     7.71600     0.75628593E-01
     7.72000     0.72973136E-01
     7.72400     0.70408558E-01
     7.72800     0.67931839E-01
     7.73200     0.65540053E-01
     7.73600     0.63230370E-01
     7.74000     0.61000052E-01
     7.74400     0.58846448E-01
     7.74800     0.56766993E-01
     7.75200     0.54759206E-01
     7.75600     0.52820686E-01
     7.76000     0.50949109E-01
     7.76400     0.49142226E-01
     7.76800     0.47397864E-01
     7.77200     0.45713919E-01
     7.77600     0.44088354E-01
     7.78000     0.42519201E-01
     7.78400     0.41004555E-01
     7.78800     0.39542573E-01
     7.79200     0.38131475E-01
     7.79600     0.36769535E-01
     7.80000     0.35455088E-01
     7.80400     0.34186521E-01
     7.80800     0.32962276E-01
     7.81200     0.31780843E-01
     7.81600     0.30640767E-01
     7.82000     0.29540637E-01
     7.82400     0.28479090E-01
     7.82800     0.27454808E-01
     7.83200     0.26466516E-01
     7.83600     0.25512984E-01
     7.84000     0.24593019E-01
     7.84400     0.23705471E-01
     7.84800     0.22849225E-01
     7.85200     0.22023207E-01
     7.85600     0.21226376E-01
     7.86000     0.20457726E-01
     7.86400     0.19716287E-01
     7.86800     0.19001119E-01
     7.87200     0.18311313E-01
     7.87600     0.17645994E-01
     7.88000     0.17004314E-01
     7.88400     0.16385452E-01
     7.88800     0.15788619E-01
     7.89200     0.15213048E-01
     7.89600     0.14658001E-01
     7.90000     0.14122764E-01
     7.90400     0.13606647E-01
     7.90800     0.13108984E-01
     7.91200     0.12629129E-01
     7.91600     0.12166463E-01
     7.92000     0.11720382E-01
     7.92400     0.11290308E-01
     7.92800     0.10875678E-01
     7.93200     0.10475953E-01
     7.93600     0.10090608E-01
     7.94000     0.97191380E-02
     7.94400     0.93610557E-02
     7.94800     0.90158895E-02
     7.95200     0.86831845E-02
     7.95600     0.83625012E-02
     7.96000     0.80534151E-02
     7.96400     0.77555167E-02
     7.96800     0.74684101E-02
     7.97200     0.71917134E-02
     7.97600     0.69250577E-02
     7.98000     0.66680869E-02
     7.98400     0.64204572E-02
     7.98800     0.61818368E-02
     7.99200     0.59519051E-02
     7.99600     0.57303529E-02
     8.00000     0.55168816E-02
     8.00400     0.53112031E-02
     8.00800     0.51130391E-02
     8.01200     0.49221212E-02
     8.01600     0.47381903E-02
     8.02000     0.45609963E-02
     8.02400     0.43902979E-02
     8.02800     0.42258620E-02
     8.03200     0.40674640E-02
     8.03600     0.39148870E-02
     8.04000     0.37679216E-02
     8.04400     0.36263659E-02
     8.04800     0.34900251E-02
     8.05200     0.33587111E-02
     8.05600     0.32322425E-02
     8.06000     0.31104444E-02
     8.06400     0.29931479E-02
     8.06800     0.28801901E-02
     8.07200     0.27714139E-02
     8.07600     0.26666679E-02
     8.08000     0.25658056E-02
     8.08400     0.24686863E-02
     8.08800     0.23751738E-02
     8.09200     0.22851370E-02
     8.09600     0.21984493E-02
     8.10000     0.21149888E-02
     8.10400     0.20346377E-02
     8.10800     0.19572826E-02
     8.11200     0.18828141E-02
     8.11600     0.18111265E-02
     8.12000     0.17421182E-02
     8.12400     0.16756910E-02
     8.12800     0.16117504E-02
     8.13200     0.15502050E-02
     8.13600     0.14909671E-02
     8.14000     0.14339517E-02
     8.14400     0.13790772E-02
     8.14800     0.13262648E-02
     8.15200     0.12754384E-02
     8.15600     0.12265250E-02
     8.16000     0.11794538E-02
     8.16400     0.11341569E-02
     8.16800     0.10905687E-02
     8.17200     0.10486261E-02
     8.17600     0.10082679E-02
     8.18000     0.96943568E-03
     8.18400     0.93207271E-03
     8.18800     0.89612451E-03
     8.19200     0.86153852E-03
     8.19600     0.82826411E-03
     8.20000     0.79625249E-03
     8.20400     0.76545665E-03
     8.20800     0.73583128E-03
     8.21200     0.70733273E-03
     8.21600     0.67991896E-03
     8.22000     0.65354944E-03
     8.22400     0.62818514E-03
     8.22800     0.60378846E-03
     8.23200     0.58032316E-03
     8.23600     0.55775435E-03
     8.24000     0.53604842E-03
     8.24400     0.51517296E-03
     8.24800     0.49509681E-03
     8.25200     0.47578990E-03
     8.25600     0.45722331E-03
     8.26000     0.43936916E-03
     8.26400     0.42220061E-03
     8.26800     0.40569180E-03
     8.27200     0.38981785E-03
     8.27600     0.37455478E-03
     8.28000     0.35987950E-03
     8.28400     0.34576978E-03
     8.28800     0.33220421E-03
     8.29200     0.31916217E-03
     8.29600     0.30662384E-03
     8.30000     0.29457007E-03
     8.30400     0.28298250E-03
     8.30800     0.27184339E-03
     8.31200     0.26113571E-03
     8.31600     0.25084302E-03
     8.32000     0.24094952E-03
     8.32400     0.23144001E-03
     8.32800     0.22229983E-03
     8.33200     0.21351490E-03
     8.33600     0.20507163E-03
     8.34000     0.19695697E-03
     8.34400     0.18915835E-03
     8.34800     0.18166367E-03
     8.35200     0.17446129E-03
     8.35600     0.16753999E-03
     8.36000     0.16088901E-03
     8.36400     0.15449794E-03
     8.36800     0.14835682E-03
     8.37200     0.14245603E-03
     8.37600     0.13678632E-03
     8.38000     0.13133879E-03
     8.38400     0.12610488E-03
     8.38800     0.12107636E-03
     8.39200     0.11624529E-03
     8.39600     0.11160405E-03
     8.40000     0.10714530E-03
     8.40400     0.10286200E-03
     8.40800     0.98747335E-04
     8.41200     0.94794790E-04
     8.41600     0.90998074E-04
     8.42000     0.87351149E-04
     8.42400     0.83848194E-04
     8.42800     0.80483624E-04
     8.43200     0.77252054E-04
     8.43600     0.74148316E-04
     8.44000     0.71167430E-04
     8.44400     0.68304614E-04
     8.44800     0.65555265E-04
     8.45200     0.62914956E-04
     8.45600     0.60379432E-04
     8.46000     0.57944599E-04
     8.46400     0.55606522E-04
     8.46800     0.53361418E-04
     8.47200     0.51205644E-04
     8.47600     0.49135706E-04
     8.48000     0.47148235E-04
     8.48400     0.45239999E-04
     8.48800     0.43407887E-04
     8.49200     0.41648911E-04
     8.49600     0.39960194E-04
     8.50000     0.38338974E-04
     8.50400     0.36782596E-04
     8.50800     0.35288502E-04
     8.51200     0.33854242E-04
     8.51600     0.32477452E-04
     8.52000     0.31155869E-04
     8.52400     0.29887309E-04
     8.52800     0.28669678E-04
     8.53200     0.27500961E-04
     8.53600     0.26379225E-04
     8.54000     0.25302607E-04
     8.54400     0.24269322E-04
     8.54800     0.23277649E-04
     8.55200     0.22325939E-04
     8.55600     0.21412605E-04
     8.56000     0.20536122E-04
     8.56400     0.19695026E-04
     8.56800     0.18887908E-04
     8.57200     0.18113416E-04
     8.57600     0.17370250E-04
     8.58000     0.16657163E-04
     8.58400     0.15972955E-04
     8.58800     0.15316472E-04
     8.59200     0.14686605E-04
     8.59600     0.14082296E-04
     8.60000     0.13502518E-04
     8.60400     0.12946293E-04
     8.60800     0.12412674E-04
     8.61200     0.11900759E-04
     8.61600     0.11409676E-04
     8.62000     0.10938589E-04
     8.62400     0.10486697E-04
     8.62800     0.10053226E-04
     8.63200     0.96374386E-05
     8.63600     0.92386230E-05
     8.64000     0.88560949E-05
     8.64400     0.84891999E-05
     8.64800     0.81373058E-05
     8.65200     0.77998109E-05
     8.65600     0.74761309E-05
     8.66000     0.71657113E-05
     8.66400     0.68680138E-05
     8.66800     0.65825259E-05
     8.67200     0.63087526E-05
     8.67600     0.60462211E-05
     8.68000     0.57944744E-05
     8.68400     0.55530757E-05
     8.68800     0.53216074E-05
     8.69200     0.50996646E-05
     8.69600     0.48868624E-05
     8.70000     0.46828260E-05
     8.70400     0.44872029E-05
     8.70800     0.42996489E-05
     8.71200     0.41198366E-05
     8.71600     0.39474495E-05
     8.72000     0.37821869E-05
     8.72400     0.36237562E-05
     8.72800     0.34718805E-05
     8.73200     0.33262899E-05
     8.73600     0.31867314E-05
     8.74000     0.30529542E-05
     8.74400     0.29247259E-05
     8.74800     0.28018153E-05
     8.75200     0.26840081E-05
     8.75600     0.25710928E-05
     8.76000     0.24628710E-05
     8.76400     0.23591492E-05
     8.76800     0.22597410E-05
     8.77200     0.21644739E-05
     8.77600     0.20731720E-05
     8.78000     0.19856770E-05
     8.78400     0.19018299E-05
     8.78800     0.18214805E-05
     8.79200     0.17444857E-05
     8.79600     0.16707055E-05
     8.80000     0.16000092E-05
     8.80400     0.15322700E-05
     8.80800     0.14673629E-05
     8.81200     0.14051740E-05
     8.81600     0.13455897E-05
     8.82000     0.12885009E-05
     8.82400     0.12338073E-05
     8.82800     0.11814072E-05
     8.83200     0.11312077E-05
     8.83600     0.10831157E-05
     8.84000     0.10370447E-05
     8.84400     0.99291055E-06
     8.84800     0.95063274E-06
     8.85200     0.91013472E-06
     8.85600     0.87134150E-06
     8.86000     0.83418331E-06
     8.86400     0.79859105E-06
     8.86800     0.76449988E-06
     8.87200     0.73184822E-06
     8.87600     0.70057462E-06
     8.88000     0.67062313E-06
     8.88400     0.64193644E-06
     8.88800     0.61446391E-06
     8.89200     0.58815300E-06
     8.89600     0.56295684E-06
     8.90000     0.53882729E-06
     8.90400     0.51572110E-06
     8.90800     0.49359364E-06
     8.91200     0.47240672E-06
     8.91600     0.45211770E-06
     8.92000     0.43269035E-06
     8.92400     0.41408958E-06
     8.92800     0.39627744E-06
     8.93200     0.37922524E-06
     8.93600     0.36289678E-06
     8.94000     0.34726552E-06
     8.94400     0.33229947E-06
     8.94800     0.31797125E-06
     8.95200     0.30425476E-06
     8.95600     0.29112236E-06
     8.96000     0.27855025E-06
     8.96400     0.26651770E-06
     8.96800     0.25499669E-06
     8.97200     0.24396899E-06
     8.97600     0.23341336E-06
     8.98000     0.22330951E-06
     8.98400     0.21363878E-06
     8.98800     0.20438208E-06
     8.99200     0.19552218E-06
     8.99600     0.18704177E-06
     9.00000     0.17892522E-06
