  -516.561975005580       3.564110041707181E-190 -1.157957409990377E-189
  -515.769094000199      -6.206462674927774E-163 -9.698401923861124E-164
  -514.976212994818      -2.395932270194964E-163  5.942257231821642E-162
  -514.183331989437       3.255915302964984E-161 -1.715717360651276E-162
  -513.390450984057      -1.903601310984155E-161 -1.443630837009797E-160
  -512.597569978676      -5.771235243671723E-160  1.182340050273140E-160
  -511.804688973295       6.067768596025400E-160  2.176803259635480E-159
  -511.011807967914       7.906253323150653E-159 -2.847677103037797E-159
  -510.218926962534      -1.270636571417025E-158 -2.787312107821648E-158
  -509.426045957153      -9.545673097896877E-158  5.472166629602125E-158
  -508.633164951772       2.284248372689744E-157  3.163418012971941E-157
  -507.840283946391       1.007074728906053E-156 -9.236812659210434E-157
  -507.047402941010      -3.610329134873874E-156 -3.047272215989947E-156
  -506.254521935630      -8.629953683639914E-156  1.361284727883424E-155
  -505.461640930249       4.947290031801750E-155  2.229529672406781E-155
  -504.668759924868       4.975248552401228E-155 -1.734405695674515E-154
  -503.875878919487      -5.880343339247394E-154 -8.047080045153375E-155
  -503.082997914107       7.561151793240794E-156  1.936009096756406E-153
  -502.290116908726       6.222481586603303E-153 -8.657940955519140E-154
  -501.497235903345      -5.345939820597238E-153 -1.964061649828629E-152
  -500.704354897964      -6.124599428641808E-152  2.489414982471752E-152
  -499.911473892583       1.035957743262563E-151  1.896836129347026E-151
  -499.118592887203       5.856585920256644E-151 -4.084225763406475E-151
  -498.325711881822      -1.570570222463212E-150 -1.804642270209980E-150
  -497.532830876441      -5.530753955922277E-150  5.992704691604048E-150
  -496.739949871060       2.291781185659383E-149  1.666913703017460E-149
  -495.947068865680       4.809738465526560E-149 -8.821165100267327E-149
  -495.154187860299      -3.410654801485726E-148 -1.244433223244463E-148
  -494.361306854918      -2.312848804936521E-148  1.312936817157149E-147
  -493.568425849537       4.947177121334966E-147 -1.636082683722728E-148
  -492.775544844156      -5.046266159344373E-147 -1.775579024186443E-146
  -491.982663838776      -5.811541959404314E-146  3.642259048177724E-146
  -491.189782833395       1.943753649177470E-145  1.598878199658212E-145
  -490.396901828014       2.910568876257619E-145 -8.559011878386927E-145
  -489.604020822633      -3.144325547246078E-144  2.102066368489617E-145
  -488.811139817252       4.971701508061649E-144  9.339741250553799E-144
  -488.018258811872       2.029219403983615E-143 -2.729444275756950E-143
  -487.225377806491      -1.024506765393367E-142 -1.931833367819868E-143
  -486.432496801110       8.027777523655615E-143  2.934632932893282E-142
  -485.639615795729       6.411670751497149E-142 -5.517727350635633E-142
  -484.846734790349      -2.037206563001623E-141 -9.497221284895823E-142
  -484.053853784968      -2.333197650857058E-142  5.733035865674265E-141
  -483.260972779587       1.345333157357195E-140 -4.445742659012848E-141
  -482.468091774206      -2.031510780895759E-140 -2.741807721959944E-140
  -481.675210768825      -4.956376579692731E-140  6.390863285074922E-140
  -480.882329763445       1.728213746087640E-139  7.990360171271599E-140
  -480.089448758064       1.126948002585721E-139 -4.350796716112966E-139
  -479.296567752683      -1.065849859811950E-138 -1.275844276639019E-139
  -478.503686747302      -7.041756633878145E-140  2.615725457313184E-138
  -477.710805741921       6.558863371988814E-138 -1.829744805666666E-139
  -476.917924736541      -8.743465664177709E-139 -1.702174391215030E-137
  -476.125043731160      -4.607786558394149E-137  2.337087324609027E-138
  -475.332162725779       4.491777645978062E-138  1.306607315916976E-136
  -474.539281720398       3.889533064752802E-136 -4.553036353431914E-138
  -473.746400715018       8.887716267114033E-138 -1.216545057834992E-135
  -472.953519709637      -3.996107280215792E-135 -4.920693362493096E-137
  -472.160638704256       9.622100515589449E-137  1.374554134571019E-134
  -471.367757698875       4.914286854255199E-134 -2.969788637987475E-135
  -470.574876693494      -2.833077310724004E-134 -1.799490629316513E-133
  -469.781995688114      -6.584841256040545E-133  2.041444988954069E-133
  -468.989114682733       1.258341999196457E-132  2.319103748725984E-132
  -468.196233677352       7.413974337150484E-132 -6.850469756726758E-132
  -467.403352671971      -3.301428396295216E-131 -1.919504646420152E-131
  -466.610471666591      -2.592133215446062E-131  1.391625435692235E-130
  -465.817590661210       5.007115723159075E-130 -9.924967980632024E-131
  -465.024709655829      -1.013596182677625E-129 -1.465625729144917E-129
  -464.231828650448      -3.061698369238671E-129  5.167141633966600E-129
  -463.438947645067       1.945039847890462E-128  1.763492486085181E-129
  -462.646066639687      -2.163573712895897E-128 -5.738093987940559E-128
  -461.853185634306      -1.282490388737252E-127  1.352049916555648E-127
  -461.060304628925       5.231665423463874E-127  1.691775257503632E-127
  -460.267423623544      -1.962356211582128E-127 -1.569168375294737E-126
  -459.474542618163      -3.797440399643495E-126  2.326058029919129E-126
  -458.681661612783       1.011248263858899E-125  7.064464289558803E-126
  -457.888780607402       7.126859880260909E-126 -3.300924001355850E-125
  -457.095899602021      -9.043013808829869E-125  1.559674875730524E-125
  -456.303018596640       1.282171409720311E-124  2.128420550219900E-124
  -455.510137591260       4.158568081559113E-124 -5.284985472300451E-124
  -454.717256585879      -1.735455270586026E-123 -5.577566704869195E-124
  -453.924375580498       2.086896955313427E-124  4.948445468800601E-123
  -453.131494575117       1.243801125791033E-122 -5.203616886513287E-123
  -452.338613569736      -2.514253838025044E-122 -2.674791564893695E-122
  -451.545732564356      -4.350489808298298E-122  8.969969574187626E-122
  -450.752851558975       2.682409634491040E-121  2.125671593921568E-122
  -449.959970553594      -2.132117315806654E-121 -6.866465624567077E-121
  -449.167089548213      -1.464303178923411E-120  1.201980162229477E-120
  -448.374208542832       4.319176142871870E-120  2.326224432364282E-120
  -447.581327537452       1.311689664825527E-120 -1.238581013642954E-119
  -446.788446532071      -2.978551480325131E-119  8.474703728023706E-120
  -445.995565526690       4.557630576785245E-119  6.010406009568271E-119
  -445.202684521309       9.682816073012293E-119 -1.521288432650463E-118
  -444.409803515929      -4.130922952826774E-118 -9.796341235710510E-119
  -443.616922510548       7.496598133648926E-119  9.860338452673467E-118
  -442.824041505167       2.147877538774445E-117 -7.997527930058103E-118
  -442.031160499786      -3.035946354818366E-117 -4.369257451454115E-117
  -441.238279494405      -8.423392545583906E-117  9.178560973036647E-117
  -440.445398489025       2.526990753740204E-116  1.548295357469347E-116
  -439.652517483644       2.687549492298957E-116 -6.693507521416231E-116
  -438.859636478263      -1.758380062191077E-115 -4.189263314293473E-116
  -438.066755472882      -4.654753349180716E-116  4.666647448052845E-115
  -437.273874467502       1.264350453251238E-114 -3.728733151785292E-116
  -436.480993462121      -5.727944208445903E-115 -3.508788398338707E-114
  -435.688112456740      -9.930055811637978E-114  3.152208131200678E-114
  -434.895231451359       1.456956228634169E-113  2.823887365061683E-113
  -434.102350445978       7.819792321367632E-113 -6.305762876009872E-113
  -433.309469440598      -2.608721313820591E-112 -1.972018390363954E-112
  -432.516588435217      -3.746772086010017E-112  1.019987136520174E-111
  -431.723707429836       3.646093555160417E-111  2.497094930902388E-114
  -430.930826424455      -4.865046307748203E-111 -1.119497870669507E-110
  -430.137945419075      -2.564258111133344E-110  3.103509393912648E-110
  -429.345064413694       1.274554521115623E-109  2.096834078376876E-110
  -428.552183408313      -1.611508606955440E-109 -3.643872967796350E-109
  -427.759302402932      -5.917431982534167E-109  1.008351951977848E-108
  -426.966421397551       3.209195378802808E-108 -4.113978170351309E-109
  -426.173540392171      -6.068525967354313E-108 -5.792363553888669E-108
  -425.380659386790      -1.431985964639926E-108  2.024994224089325E-107
  -424.587778381409       3.732052212246959E-107 -2.653133998222100E-107
  -423.794897376028      -9.266808092977608E-107 -2.668102078523691E-107
  -423.002016370648       6.769531628030326E-107  1.780144021748840E-106
  -422.209135365267       2.016375418450409E-106 -2.924322685475696E-106
  -421.416254359886      -6.306277543367024E-106 -3.110322232711032E-107
  -420.623373354505       4.689653104205783E-106  9.742180169852987E-106
  -419.830492349124       1.142178124886336E-105 -1.397472883151792E-105
  -419.037611343744      -2.830095390243798E-105 -9.100005444678813E-106
  -418.244730338363       4.136393873797466E-108  4.889322370014715E-105
  -417.451849332982       7.859597133796000E-105 -2.037251370704215E-105
  -416.658968327601      -6.007910452558101E-105 -1.236784287630686E-104
  -415.866087322220      -1.972210638898552E-104  1.358407082268255E-104
  -415.073206316840       2.829367852613038E-104  3.263099400221655E-104
  -414.280325311459       5.679766551993652E-104 -5.783902208152399E-104
  -413.487444306078      -1.196500389128505E-103 -1.044827307517078E-103
  -412.694563300697      -2.024052595300029E-103  2.547327196599749E-103
  -411.901682295317       5.633366607020000E-103  4.087220613096571E-103
  -411.108801289936       8.467519899855990E-103 -1.299035032257717E-102
  -410.315920284555      -3.119682232121292E-102 -1.759680013670996E-102
  -409.523039279174      -3.545774046247631E-102  7.752734596954900E-102
  -408.730158273793       1.970905926716787E-101  6.512700335360076E-102
  -407.937277268413       9.257918665976631E-102 -5.044958359393274E-101
  -407.144396263032      -1.275778243320596E-100 -1.973498813716600E-102
  -406.351515257651       5.593526594528927E-101  3.121162509753442E-100
  -405.558634252270       7.223005861360347E-100 -2.997980826275739E-100
  -404.765753246890      -1.118612785184146E-099 -1.541283476744113E-099
  -403.972872241509      -2.927355376008178E-099  3.501956977742975E-099
  -403.179991236128       9.713351053440836E-099  4.614573485770455E-099
  -402.387110230747       4.725260572813274E-099 -2.447537626521863E-098
  -401.594229225366      -5.690291973065270E-098  3.249030486996541E-099
  -400.801348219986       3.764546865783369E-098  1.234336501844261E-097
  -400.008467214605       2.516549469069176E-097 -1.454875748138673E-097
  -399.215586209224      -4.419503501976703E-097 -4.828898282626575E-097
  -398.422705203843      -8.632181564392983E-097  1.202696741683786E-096
  -397.629824198462       3.077959452275651E-096  1.384242178449540E-096
  -396.836943193082       1.744159618260434E-096 -7.577701828739504E-096
  -396.044062187701      -1.812297873105581E-095 -5.260196724303453E-097
  -395.251181182320       7.387867189540635E-096  4.213688503329289E-095
  -394.458300176939       9.450283182519481E-095 -3.839965870631778E-095
  -393.665419171558      -1.408829131234479E-094 -2.006448621127288E-094
  -392.872538166178      -3.880650723378058E-094  4.467351440681008E-094
  -392.079657160797       1.284257341205689E-093  6.238256328266230E-094
  -391.286776155416       5.729950562438024E-094 -3.376728395328231E-093
  -390.493895150035      -8.043905809857934E-093  1.110006351484519E-093
  -389.701014144655       8.428239865677137E-093  1.692466846042692E-092
  -388.908133139274       2.982662254526511E-092 -3.092714944619384E-092
  -388.115252133893      -8.673723820104980E-092 -3.812812619348582E-092
  -387.322371128512      -1.130393241097707E-092  2.014628187529604E-091
  -386.529490123131       3.953614835511328E-091 -1.217847146137629E-091
  -385.736609117751      -4.878011736809713E-091 -6.536949545871921E-091
  -384.943728112370      -8.870141556753685E-091  1.269347283056665E-090
  -384.150847106989       2.696125968220296E-090  9.002224382970410E-091
  -383.357966101608       3.827472205595736E-091 -5.062504867989972E-090
  -382.565085096228      -8.832930082791025E-090  1.095120163849353E-090
  -381.772204090847       4.115402209947154E-090  1.491719267274418E-089
  -380.979323085466       2.526138509995115E-089 -9.493848864864595E-090
  -380.186442080085      -1.835203079758198E-089 -4.410422722233490E-089
  -379.393561074704      -8.076645532604662E-089  3.191153133876021E-089
  -378.600680069324       5.008795902749422E-089  1.560903762724691E-088
  -377.807799063943       3.177447649958897E-088 -6.585352240184613E-089
  -377.014918058562      -4.556502935422275E-089 -6.776141082202609E-088
  -376.222037053181      -1.506123365473835E-087 -1.362920682043225E-088
  -375.429156047801      -9.099776738300423E-088  3.480221072099175E-087
  -374.636275042420       8.372095384556860E-087  3.704502175585713E-087
  -373.843394037039       1.322455917368143E-086 -2.110498230755008E-086
  -373.050513031658      -5.645709322413561E-086 -4.495893022663677E-086
  -372.257632026277      -1.497630786140193E-085  1.630882262357988E-085
  -371.464751020897       5.169269818553204E-085  4.913108646496341E-085
  -370.671870015516       1.564337124077029E-084 -1.801580624014631E-084
  -369.878989010135      -6.753063486476617E-084 -4.632233631289871E-084
  -369.086108004754      -1.145631640747626E-083  2.602926856831327E-083
  -368.293226999373       9.732165643612378E-083  1.513455444377923E-083
  -367.500345993993      -5.919588978687659E-083 -3.300296118204612E-082
  -366.707464988612      -9.288429837779156E-082  6.021363707099128E-082
  -365.914583983231       3.003095383395294E-081  1.801711846544415E-081
  -365.121702977850       4.017556656510422E-082 -1.050942291332568E-080
  -364.328821972470      -2.615221240999060E-080  1.423865087441449E-080
  -363.535940967089       6.895480743717874E-080  3.893561026893029E-080
  -362.743059961708      -1.032385909983139E-080 -1.973916236593456E-079
  -361.950178956327      -3.793873122713216E-079  2.673365089604548E-079
  -361.157297950946       9.440134384340033E-079  4.121508664942079E-079
  -360.364416945566      -2.333912262517521E-079 -2.163562777875622E-078
  -359.571535940185      -3.661893103210280E-078  2.465279147210046E-078
  -358.778654934804       7.480901557493017E-078  4.410721731282241E-078
  -357.985773929423       2.166756138182077E-078 -1.660228176009781E-077
  -357.192892924042      -3.112639311995354E-077  7.289804381585131E-078
  -356.400011918662       3.183681808124314E-077  5.209802672576028E-077
  -355.607130913281       7.945890358129905E-077 -8.680278386220863E-077
  -354.814249907900      -2.032355436549961E-076 -1.089668977151174E-076
  -354.021368902519      -1.224009669896089E-076  4.455254399830894E-076
  -353.228487897139       9.481780111907720E-076  5.842747649646928E-077
  -352.435606891758      -2.710863879000728E-076 -1.989387895822977E-075
  -351.642725886377      -4.124938878217163E-075  1.414964080408511E-075
  -350.849844880996       4.915382569651842E-075  8.379415660127945E-075
  -350.056963875615       1.631051603441147E-074 -1.494138201715668E-074
  -349.264082870235      -4.222298727670544E-074 -2.902996043232548E-074
  -348.471201864854      -4.191398570523297E-074  1.125563151299116E-073
  -347.678320859473       2.820907461831504E-073  2.547137632489632E-074
  -346.885439854092      -1.307566170572896E-073 -6.552421200397057E-073
  -346.092558848712      -1.374133750107684E-072  7.562863583099809E-073
  -345.299677843331       2.681449679991498E-072  2.473318248810643E-072
  -344.506796837950       3.336107114219558E-072 -7.684292653977687E-072
  -343.713915832569      -1.891317202874252E-071 -1.242370491351913E-072
  -342.921034827188       1.176022862032938E-071  4.054345715860903E-071
  -342.128153821808       7.485047478500675E-071 -5.451272380944996E-071
  -341.335272816427      -1.654721507535981E-070 -1.130498001021080E-070
  -340.542391811046      -1.129721524940129E-070  4.141611841016552E-070
  -339.749510805665       9.127689665604126E-070 -5.037824965828394E-071
  -338.956629800285      -6.918145899348008E-070 -1.818007976395837E-069
  -338.163748794904      -3.287167531058615E-069  2.548522664667734E-069
  -337.370867789523       7.284351495020029E-069  5.264694005100685E-069
  -336.577986784142       6.702541177753395E-069 -1.854920900836440E-068
  -335.785105778761      -4.401659315691537E-068 -3.016552940368295E-069
  -334.992224773381       2.160380233035416E-068  9.847540024039417E-068
  -334.199343768000       2.049410240719459E-067 -1.157035182914270E-067
  -333.406462762619      -4.145052024725361E-067 -3.766519137915130E-067
  -332.613581757238      -5.143777711766485E-067  1.251437439229051E-066
  -331.820700751857       3.297659742632760E-066  2.628985083703600E-068
  -331.027819746477      -3.228949176736605E-066 -7.370507773503479E-066
  -330.234938741096      -1.248495162347395E-065  1.495679104431380E-065
  -329.442057735715       4.551601357400083E-065  8.816439286965390E-066
  -328.649176730334      -3.713045998793372E-065 -1.007591820039712E-064
  -327.856295724954      -1.426647619066429E-064  1.927691325289633E-064
  -327.063414719573       5.117992818450305E-064  1.350652735439404E-065
  -326.270533714192      -5.910289556301178E-064 -8.521440913372139E-064
  -325.477652708811      -6.222875140231587E-064  1.881279935805201E-063
  -324.684771703430       3.370688500830211E-063 -1.140365953854530E-063
  -323.891890698050      -4.914677615040477E-063 -3.439765852796694E-063
  -323.099009692669      -1.397149186568875E-065  9.511970539826447E-063
  -322.306128687288       1.200091110893148E-062 -7.700179226534297E-063
  -321.513247681907      -1.810230869566279E-062 -9.349017937689155E-063
  -320.720366676527      -2.852253652042730E-064  2.804701447648755E-062
  -319.927485671146       3.478465687361601E-062 -1.444565280769117E-062
  -319.134604665765      -3.339990537849816E-062 -3.717374365096544E-062
  -318.341723660384      -3.556815877499850E-062  5.600717695198459E-062
  -317.548842655003       8.361217951415843E-062  3.106567697061771E-062
  -316.755961649623       2.490096292519183E-062 -1.202384937963377E-061
  -315.963080644242      -1.738750429959687E-061 -1.830761831441283E-062
  -315.170199638861      -1.290973364022004E-062  2.594166605397092E-061
  -314.377318633480       4.052373612386936E-061  1.175701465955680E-062
  -313.584437628099       2.131700017694541E-062 -6.677136918418951E-061
  -312.791556622719      -1.163899281820395E-060 -5.467166270550251E-062
  -311.998675617338      -1.341790792516722E-061  2.147118127284675E-060
  -311.205794611957       4.186137202106124E-060  2.810150435354394E-061
  -310.412913606576       4.326553352794778E-061 -8.594608976175314E-060
  -309.620032601196      -1.844796594947276E-059 -5.373241594718308E-062
  -308.827151595815       3.397030816035517E-060  4.086988608160022E-059
  -308.034270590434       9.155525148368383E-059 -1.982651538255647E-059
  -307.241389585053      -8.317617901557553E-059 -2.011265446908991E-058
  -306.448508579672      -4.137185803023172E-058  2.962513060433328E-058
  -305.655627574292       9.281369627194147E-058  7.354340571000626E-058
  -304.862746568911       9.143676355634853E-058 -2.555788495931448E-057
  -304.069865563530      -6.068203630430312E-057  1.520999016823721E-058
  -303.276984558149       5.460404481983551E-057  1.194730385190453E-056
  -302.484103552769       1.786946104637003E-056 -2.069615334712164E-056
  -301.691222547388      -5.263131457542032E-056 -1.433503338648117E-056
  -300.898341542007       1.934637947948127E-056  1.023798051853859E-055
  -300.105460536626       1.535047856222388E-055 -1.133855434550284E-055
  -299.312579531245      -2.957726897355608E-055 -1.603885547909571E-055
  -298.519698525865      -4.455776697402923E-056  5.724011032781028E-055
  -297.726817520484       9.065635045810016E-055 -2.985969043553330E-055
  -296.933936515103      -9.885274421216185E-055 -1.202745805940453E-054
  -296.141055509722      -1.289890483612931E-054  2.151829996885191E-054
  -295.348174504342       3.919860860796385E-054  8.898172031352219E-055
  -294.555293498961      -4.486090110980909E-055 -6.421936300305691E-054
  -293.762412493580      -9.750117459819949E-054  3.471899678802882E-054
  -292.969531488199       9.426841054974271E-054  1.384951598320426E-053
  -292.176650482818       1.824681311641050E-053 -2.037417120668634E-053
  -291.383769477438      -3.961837237640758E-053 -2.145505768201573E-053
  -290.590888472057      -1.977468997291608E-053  7.218606900957957E-053
  -289.798007466676       1.250894907550722E-052  5.061443929411185E-054
  -289.005126461295      -3.907487687474445E-053 -2.067056844172027E-052
  -288.212245455914      -3.239297909493682E-052  1.430535476291994E-052
  -287.419364450534       3.588445068136661E-052  4.749403883730933E-052
  -286.626483445153       6.349360776027709E-052 -7.675653808571666E-052
  -285.833602439772      -1.483654531543121E-051 -7.329159936803294E-052
  -285.040721434391      -6.200166034536091E-052  2.651368471261677E-051
  -284.247840429011       4.432089534529476E-051  3.285427552772362E-053
  -283.454959423630      -1.445221916379079E-051 -6.988512067428106E-051
  -282.662078418249      -1.048200268370854E-050  4.431226907735295E-051
  -281.869197412868       9.824401106217436E-051  1.510728016646457E-050
  -281.076316407487       2.119231629572819E-050 -1.897892542088027E-050
  -280.283435402107      -3.406480503685743E-050 -2.939970797961114E-050
  -279.490554396726      -4.109933943347880E-050  5.878696682352255E-050
  -278.697673391345       9.979210951966779E-050  5.907214851821902E-050
  -277.904792385964       8.890176822541340E-050 -1.694607465232535E-049
  -277.111911380583      -2.916332246858961E-049 -1.418143000426806E-049
  -276.319030375203      -2.405323951944387E-049  5.138234742260289E-049
  -275.526149369822       9.343376024933449E-049  4.312292706288310E-049
  -274.733268364441       8.070673221585415E-049 -1.764847158720773E-048
  -273.940387359060      -3.479768391742398E-048 -1.550413586556458E-048
  -273.147506353680      -2.990376541135157E-048  7.181904981455086E-048
  -272.354625348299       1.550557732060437E-047  5.598612306917599E-048
  -271.561744342918       9.514631851283190E-048 -3.480897604173026E-047
  -270.768863337537      -8.017988049967698E-047 -1.196680256075833E-047
  -269.975982332156       2.856432002036236E-048  1.853283609209542E-046
  -269.183101326776       4.159945740789196E-046 -9.643464112944516E-047
  -268.390220321395      -4.618333380601059E-046 -8.650246135384620E-046
  -267.597339316014      -1.543399699120566E-045  1.595012959076069E-045
  -266.804458310633       4.488224031056854E-045  1.965621965436303E-045
  -266.011577305253       1.930313000778008E-046 -1.045182219295498E-044
  -265.218696299872      -1.966190180618383E-044  8.441511887591499E-045
  -264.425815294491       3.139494362444611E-044  2.761141989363679E-044
  -263.632934289110       2.060024779799581E-044 -7.499949006946365E-044
  -262.840053283729      -1.353855624069233E-043  2.519907691936067E-044
  -262.047172278349       1.359750882773224E-043  1.886258436473931E-043
  -261.254291272968       1.889707163967443E-043 -3.250022423648192E-043
  -260.461410267587      -5.800034200330840E-043 -7.970936617563121E-044
  -259.668529262206       1.906028498992310E-043  8.640159687370636E-043
  -258.875648256826       1.130075833718091E-042 -6.609837438049639E-043
  -258.082767251445      -1.369409249702532E-042 -1.338955749638571E-042
  -257.289886246064      -1.468468246967795E-042  2.382409651418325E-042
  -256.497005240683       3.840278829670211E-042  1.510543530557724E-042
  -255.704124235302       1.458482742632943E-042 -6.025190702754834E-042
  -254.911243229922      -9.479929281929897E-042 -1.284682586305921E-042
  -254.118362224541      -8.959658883949048E-043  1.523898085447023E-041
  -253.325481219160       2.529817536553738E-041  2.024051121828647E-044
  -252.532600213779      -2.110266747612454E-042 -4.358079349845849E-041
  -251.739719208398      -7.792212790489401E-041  7.658763801118075E-042
  -250.946838203018       2.271697640844873E-041  1.440811781279955E-040
  -250.153957197637       2.735282649996611E-040 -6.429619881652622E-041
  -249.361076192256      -1.790439764269389E-040 -5.273134163997087E-040
  -248.568195186875      -1.016386995861468E-039  4.911941047304523E-040
  -247.775314181495       1.317918809758415E-039  1.916356620127620E-039
  -246.982433176114       3.420385794938993E-039 -3.422785420797817E-039
  -246.189552170733      -8.501493227901900E-039 -5.453457715573611E-039
  -245.396671165352      -6.716249425219229E-039  1.991702262424275E-038
  -244.603790159971       4.329344795995439E-038  2.249290598066924E-039
  -243.810909154591      -2.148093140281463E-038 -8.549293060347970E-038
  -243.018028149210      -1.486592743476439E-037  9.409846015412512E-038
  -242.225147143829       2.684892999566882E-037  2.144344769299119E-037
  -241.432266138448       2.145678560474241E-037 -6.195945087048230E-037
  -240.639385133067      -1.222943153402964E-036  1.044514164790090E-038
  -239.846504127687       7.568328663998434E-037  2.102669694280828E-036
  -239.053623122306       3.143470484159697E-036 -2.501040913575746E-036
  -238.260742116925      -5.949880688676460E-036 -3.954023790886680E-036
  -237.467861111544      -3.628720287301030E-036  1.212353330346804E-035
  -236.674980106164       2.249128561657191E-035  2.576310658922374E-037
  -235.882099100783      -1.015277664520589E-035 -3.910119219648640E-035
  -235.089218095402      -6.436840920721808E-035  3.603590467144607E-035
  -234.296337090021       9.518993424583861E-035  9.933698577258171E-035
  -233.503456084640       1.367992954854047E-034 -2.242731919774637E-034
  -232.710575079260      -4.942161117229582E-034 -1.394201143866085E-034
  -231.917694073879       2.035411061326737E-035  1.024682707525527E-033
  -231.124813068498       1.956436967761849E-033 -7.011580399551030E-034
  -230.331932063117      -2.751469787775501E-033 -3.242345429199210E-033
  -229.539051057737      -3.930750650546986E-033  7.769372990890878E-033
  -228.746170052356       1.767158336704286E-032  5.089563531346097E-034
  -227.953289046975      -1.537283080838861E-032 -3.173725606090889E-032
  -227.160408041594      -3.880127893763278E-032  5.643476502385127E-032
  -226.367527036213       1.282591355986176E-031  6.685172915413412E-033
  -225.574646030833      -1.156430721444751E-031 -1.998646784940463E-031
  -224.781765025452      -1.725643360059187E-031  3.561202304907641E-031
  -223.988884020071       6.362940695157748E-031 -9.812290926701584E-032
  -223.196003014690      -6.808644743648602E-031 -7.217448426436772E-031
  -222.403122009309      -3.203944499270984E-031  1.412785167364445E-030
  -221.610241003929       1.889798419562705E-030 -6.812004036700592E-031
  -220.817359998548      -2.053043680570097E-030 -1.689832286892954E-030
  -220.024478993167      -6.535418411250495E-031  3.321133356066969E-030
  -219.231597987786       4.051488376881183E-030 -1.039137939802207E-030
  -218.438716982406      -3.039117522059936E-030 -4.060493840886831E-030
  -217.645835977025      -3.413744264921905E-030  5.062996674440881E-030
  -216.852954971644       7.025798244997705E-030  2.285366578747496E-030
  -216.060073966263       8.107596463523379E-031 -9.054515054489778E-030
  -215.267192960882      -1.145925702231995E-029  1.006897210985499E-030
  -214.474311955502       3.360106793793931E-030  1.473973386147762E-029
  -213.681430950121       1.967553983028721E-029 -6.740885917415471E-030
  -212.888549944740      -1.219715554939145E-029 -2.753652061587009E-029
  -212.095668939359      -4.045163766375062E-029  2.195849430905150E-029
  -211.302787933979       4.091606182963357E-029  6.192748274385959E-029
  -210.509906928598       9.719524684897852E-029 -8.003553966342241E-029
  -209.717025923217      -1.638669039985211E-028 -1.518239809058491E-028
  -208.924144917836      -2.231315953163995E-028  3.454818145676498E-028
  -208.131263912455       7.301274064256968E-028  2.690101973275658E-028
  -207.338382907075       1.207241680676553E-028 -1.491518669009252E-027
  -206.545501901694      -2.804284661817124E-027  7.041370678767144E-028
  -205.752620896313       3.257075995330028E-027  4.489962885511175E-027
  -204.959739890932       5.089286627312137E-027 -9.120043051683772E-027
  -204.166858885551      -1.908223273344706E-026 -5.076064676418682E-028
  -203.373977880171       1.599760045816605E-026  2.947665006329717E-026
  -202.581096874790       2.776994699498174E-026 -4.883341625105558E-026
  -201.788215869409      -8.899831789805069E-026  5.492922883128922E-027
  -200.995334864028       8.097996566794707E-026  1.063137839686372E-025
  -200.202453858648       6.159573425824739E-026 -1.786782426890074E-025
  -199.409572853267      -2.453137501614371E-025  6.073931386586723E-026
  -198.616691847886       2.288254927706907E-025  2.251572160134019E-025
  -197.823810842505       1.001457057416487E-025 -3.769913930385033E-025
  -197.030929837124      -4.464731751937292E-025  9.880255170882052E-026
  -196.238048831744       3.161239266412417E-025  4.157212459383692E-025
  -195.445167826363       2.997512149562039E-025 -5.048745496412555E-025
  -194.652286820982      -6.436239667537753E-025 -1.293511848396969E-025
  -193.859405815601       6.926489953210507E-026  7.338473993163195E-025
  -193.066524810221       7.885582344164405E-025 -2.843117887382253E-025
  -192.273643804840      -5.195015075046194E-025 -8.218111324771660E-025
  -191.480762799459      -8.420476483975539E-025  7.918368134694427E-025
  -190.687881794078       1.129905375027289E-024  8.476596170273562E-025
  -189.895000788697       8.217084801581051E-025 -1.573534847019679E-024
  -189.102119783317      -2.173233205009947E-024 -7.229331091779673E-025
  -188.309238777936      -4.711918080548983E-025  2.985549590184600E-024
  -187.516357772555       4.057989943135774E-024 -7.197580367477097E-026
  -186.723476767174      -1.121419491872097E-024 -5.395666042476160E-024
  -185.930595761794      -6.905241403803013E-024  2.970105553094661E-024
  -185.137714756413       5.952326963174476E-024  8.324753041252514E-024
  -184.344833751032       9.169967884475632E-024 -1.035169249114707E-023
  -183.551952745651      -1.626566893583317E-023 -8.744986011347677E-024
  -182.759071740270      -6.252174408039094E-024  2.348252107633216E-023
  -181.966190734890       3.145247715073332E-023  9.830239052803925E-025
  -181.173309729509      -7.494737268874675E-024 -3.940684523153583E-023
  -180.380428724128      -4.660159890360442E-023  1.926279078762199E-023
  -179.587547718747       3.415364185591184E-023  5.259061622915636E-023
  -178.794666713366       5.742556833479176E-023 -5.200663824479229E-023
  -178.001785707986      -7.300034830898550E-023 -6.174083670229916E-023
  -177.208904702605      -6.676845858378352E-023  9.799420066804162E-023
  -176.416023697224       1.288842280963518E-022  7.439107448330921E-023
  -175.623142691843       8.736743484003466E-023 -1.690801620457849E-022
  -174.830261686463      -2.243366396155088E-022 -1.098814476066164E-022
  -174.037380681082      -1.486111757356996E-022  3.043714184212589E-022
  -173.244499675701       4.261205469538502E-022  2.146066789342676E-022
  -172.451618670320       3.263459241547985E-022 -6.204168089456368E-022
  -171.658737664939      -9.459521849176874E-022 -5.140912896713622E-022
  -170.865856659559      -8.239422491064565E-022  1.518760436577861E-021
  -170.072975654178       2.573753217624153E-021  1.313147869862485E-021
  -169.280094648797       2.006537720621525E-021 -4.586912472963999E-021
  -168.487213643416      -8.490511715033476E-021 -2.726417017058363E-021
  -167.694332638036      -2.588295119572794E-021  1.595595260779335E-020
  -166.901451632655       2.945752312437011E-020 -1.199107119230511E-021
  -166.108570627274      -1.550158149113944E-020 -5.116306197202033E-020
  -165.315689621893      -7.877235014935666E-020  5.356110283650593E-020
  -164.522808616512       1.336706416113837E-019  9.676379172309676E-020
  -163.729927611132       6.628251396628954E-020 -2.673557667746855E-019
  -162.937046605751      -4.338374188415533E-019  7.344089166341150E-020
  -162.144165600370       3.754132233671788E-019  5.545509687799891E-019
  -161.351284594989       5.003630964990181E-019 -8.299434532915852E-019
  -160.558403589608      -1.325215607512426E-018 -1.524955393180820E-019
  -159.765522584228       5.136788717770649E-019  1.673974250496786E-018
  -158.972641578847       1.705637355755592E-018 -1.392637907431748E-018
  -158.179760573466      -2.299612055948313E-018 -1.356583833170625E-018
  -157.386879568085      -6.892715797534284E-019  3.070370284159682E-018
  -156.593998562705       3.635607268045699E-018 -1.637497417052066E-019
  -155.801117557324      -1.078046520553149E-018 -4.031960409706666E-018
  -155.008236551943      -4.368461443440543E-018  1.987433258048032E-018
  -154.215355546562       2.894623161595085E-018  4.789486944156810E-018
  -153.422474541181       5.461825546471175E-018 -3.860604558496796E-018
  -152.629593535801      -4.996102739664595E-018 -6.593702880516413E-018
  -151.836712530420      -8.487105732890970E-018  6.472225168825462E-018
  -151.043831525039       8.566620223288381E-018  1.163294614253987E-017
  -150.250950519658       1.687669421034949E-017 -1.177787343979431E-017
  -149.458069514277      -1.708940768026069E-017 -2.570644917576635E-017
  -148.665188508897      -4.073593695476196E-017  2.657930439692466E-017
  -147.872307503516       4.482600885657662E-017  6.642305354427853E-017
  -147.079426498135       1.098090770314737E-016 -8.206219597042434E-017
  -146.286545492754      -1.608306723293413E-016 -1.801151265477719E-016
  -145.493664487374      -2.834048908888868E-016  3.285598673435230E-016
  -144.700783481993       6.769689363197061E-016  4.029137589473709E-016
  -143.907902476612       4.474339127588820E-016 -1.360287308520613E-015
  -143.115021471231      -2.579983031128060E-015 -1.470440572550793E-016
  -142.322140465850       1.100159322375104E-015  4.462943617171896E-015
  -141.529259460470       6.732391965990730E-015 -4.343307872201818E-015
  -140.736378455089      -1.092908749406113E-014 -8.135456699373065E-015
  -139.943497449708      -5.831078391594724E-015  2.177363965872686E-014
  -139.150616444327       3.592501456192436E-014 -4.706992516176188E-015
  -138.357735438947      -2.858480940345860E-014 -4.884305248564972E-014
  -137.564854433566      -5.143617658926514E-014  6.896486663261783E-014
  -136.771973428185       1.238781102988149E-013  3.088744409996377E-014
  -135.979092422804      -2.663141274627031E-014 -1.837703106987471E-013
  -135.186211417423      -2.306971393520833E-013  1.324309826909493E-013
  -134.393330412043       2.922547315856762E-013  2.386934446417887E-013
  -133.600449406662       1.737465990470198E-013 -5.038119008942938E-013
  -132.807568401281      -7.530495351231966E-013  7.964199896453647E-015
  -132.014687395900       3.631185766100771E-013  1.005564333020154E-012
  -131.221806390520       1.188552716010876E-012 -9.617579564672902E-013
  -130.428925385139      -1.875604515212254E-012 -1.159426655371691E-012
  -129.636044379758      -6.631457469895784E-013  3.135496726522979E-012
  -128.843163374377       4.629974975821640E-012 -7.009664578492938E-013
  -128.050282368996      -3.442266968070500E-012 -5.922866406207110E-012
  -127.257401363616      -6.023340331078541E-012  7.958448798473565E-012
  -126.464520358235       1.401441929973976E-011  3.283576337007010E-012
  -125.671639352854      -4.216085909814351E-012 -1.997710910215659E-011
  -124.878758347473      -2.229931606836217E-011  1.744497688211160E-011
  -124.085877342092       3.457942903174596E-011  1.618370301423611E-011
  -123.292996336712      -1.943965711480101E-012 -4.982601696118956E-011
  -122.500115331331      -5.471251209918915E-011  3.106567545116613E-011
  -121.707234325950       6.394777919527695E-011  4.224024005690224E-011
  -120.914353320569       1.146915134596711E-011 -8.949359634076769E-011
  -120.121472315189      -9.814457915260370E-011  3.114005317792787E-011
  -119.328591309808       7.493285342905193E-011  8.649420627367118E-011
  -118.535710304427       5.794466069626739E-011 -1.103363408695916E-010
  -117.742829299046      -1.324952128930209E-010 -1.967970760281692E-011
  -116.949948293665       2.129552322356497E-011  1.416336346493710E-010
  -116.157067288285       1.411445072242856E-010 -6.067459906533863E-011
  -115.364186282904      -9.741702000631062E-011 -1.352928427365494E-010
  -114.571305277523      -1.277006805236463E-010  1.331743781831469E-010
  -113.778424272142       1.715883613951032E-010  1.207539096241458E-010
  -112.985543266762       1.155066847347817E-010 -2.180959594084349E-010
  -112.192662261381      -2.805290004045267E-010 -1.115177067430546E-010
  -111.399781256000      -1.059627571882350E-010  3.706890893366518E-010
  -110.606900250619       5.071007721372341E-010  9.094651389246053E-011
  -109.814019245238       4.678741867355438E-011 -7.188888103588159E-010
  -109.021138239858      -1.049113361285967E-009  7.323890829266106E-011
  -108.228257234477       3.743287475951369E-010  1.550230533599579E-009
  -107.435376229096       2.249458632036231E-009 -1.075142974990389E-009
  -106.642495223715      -2.574316040828696E-009 -3.033784816295855E-009
  -105.849614218334      -3.381510202263849E-009  5.442660849536780E-009
  -105.056733212954       1.010066486215076E-008  1.940017574160590E-009
  -104.263852207573      -3.702982183129354E-009 -1.582736361040409E-008
  -103.470971202192      -1.915157112496818E-008  1.607761123086823E-008
  -102.678090196811       3.467630095071411E-008  1.312754877695662E-008
  -101.885209191431      -9.505551892827186E-009 -5.172208350885667E-008
  -101.092328186050      -5.200678014327147E-008  4.829383309868675E-008
  -100.299447180669       8.821947908825815E-008  2.191094527203075E-008
  -99.5065661752882      -3.655784601834225E-008 -1.042504494073816E-007
  -98.7136851699074      -7.836988047127638E-008  1.007914553558224E-007
  -97.9208041645266       1.400934752002464E-007  1.477616796753757E-008
  -97.1279231591459      -6.173860561732380E-008 -1.358283046107143E-007
  -96.3350421537651      -9.146002999035063E-008  1.222463448009796E-007
  -95.5421611483843       1.497024223825310E-007  2.638591661444567E-008
  -94.7492801430035      -3.768349734531769E-008 -1.434948559851233E-007
  -93.9563991376227      -1.138058757955247E-007  8.659093737842477E-008
  -93.1635181322419       1.158820164902013E-007  7.331496770326365E-008
  -92.3706371268612       3.174561782493415E-008 -1.278391094199538E-007
  -91.5777561214804      -1.274246423126465E-007  5.708025765213089E-009
  -90.7848751160996       3.755776603825043E-008  1.194227108473867E-007
  -89.9919941107188       1.071539267764307E-007 -6.448908644181296E-008
  -89.1991131053380      -8.804573996964172E-008 -9.224171171062712E-008
  -88.4062320999573      -7.483686455812242E-008  1.097534051162779E-007
  -87.6133510945765       1.305593737389534E-007  5.395817990509290E-008
  -86.8204700891957       2.787151554424249E-008 -1.504049584661470E-007
  -86.0275890838149      -1.678480126872136E-007  5.397877934580729E-009
  -85.2347080784341       4.728334958003580E-008  1.798379653225035E-007
  -84.4418270730533       1.819327912653420E-007 -9.762691207798529E-008
  -83.6489460676726      -1.536868643474865E-007 -1.692720890359196E-007
  -82.8560650622918      -1.382933219162801E-007  2.098539680729403E-007
  -82.0631840569110       2.586641351161687E-007  8.854940399483069E-008
  -81.2703030515302       2.354939344025783E-008 -2.930069770974190E-007
  -80.4774220461494      -3.085124828796024E-007  5.010882500827753E-008
  -79.6845410407687       1.249892000262787E-007  3.048084046462047E-007
  -78.8916600353879       2.850532353670147E-007 -1.952456684085228E-007
  -78.0987790300071      -2.580811115912655E-007 -2.542365524124129E-007
  -77.3058980246263      -2.172747722769178E-007  3.139045793106987E-007
  -76.5130170192455       3.656307012523878E-007  1.776649971283861E-007
  -75.7201360138647       1.368474045841125E-007 -4.178013691309639E-007
  -74.9272550084840      -4.759966050249379E-007 -9.397020145223527E-008
  -74.1343740031032      -4.558686581407588E-008  5.466680156283243E-007
  -73.3414929977224       6.372626726317876E-007 -1.519908837693417E-008
  -72.5486119923416      -1.006661710470582E-007 -7.562627660515594E-007
  -71.7557309869608      -9.123261662822361E-007  2.321257167253674E-007
  -70.9628499815800       4.459358542893533E-007  1.110715773179567E-006
  -70.1699689761993       1.343235148728254E-006 -8.016675881168659E-007
  -69.3770879708185      -1.388599291535874E-006 -1.565060087058373E-006
  -68.5842069654377      -1.650945622213400E-006  2.316994239122132E-006
  -67.7913259600569       3.663057528042292E-006  1.334102419400638E-006
  -66.9984449546761       1.720098560283847E-007 -5.323943640962288E-006
  -66.2055639492953      -6.780952747111190E-006  2.340644600290454E-006
  -65.4126829439146       6.359545766893898E-006  6.934632086847150E-006
  -64.6198019385338       4.402567232287112E-006 -1.104112463429805E-005
  -63.8269209331530      -1.425167928029965E-005  1.439381227416779E-006
  -63.0340399277722       9.240668100278540E-006  1.348457322931463E-005
  -62.2411589223914       7.843528916653662E-006 -1.574261022995519E-005
  -61.4482779170106      -1.780307017666420E-005  7.144005172014292E-007
  -60.6553969116299       8.517399764151063E-006  1.473951550122217E-005
  -59.8625159062491       8.620494676964559E-006 -1.277520536905109E-005
  -59.0696349008683      -1.309578561794805E-005 -2.407492040216758E-006
  -58.2767538954875       1.980501134099675E-006  1.090158620420623E-005
  -57.4838728901067       7.943615836262268E-006 -4.179162417670351E-006
  -56.6909918847260      -4.764141312693167E-006 -5.347788380970440E-006
  -55.8981108793452      -3.505171903166441E-006  4.492366459230502E-006
  -55.1052298739644       3.913812702809637E-006  2.369670644044091E-006
  -54.3123488685836       1.751002319431190E-006 -3.317881639820738E-006
  -53.5194678632028      -2.815371880717462E-006 -1.469021142010225E-006
  -52.7265868578220      -1.400059472321343E-006  2.426743176180874E-006
  -51.9337058524413       2.137635029707188E-006  1.474697528109170E-006
  -51.1408248470605       1.663984239778054E-006 -1.925494241783428E-006
  -50.3479438416797      -1.769961171076046E-006 -1.968875602119275E-006
  -49.5550628362989      -2.416734208234377E-006  1.656772008451979E-006
  -48.7621818309181       1.581573509170278E-006  3.065615562041792E-006
  -47.9693008255373       4.017108934829546E-006 -1.559661326948564E-006
  -47.1764198201566      -1.651367539991010E-006 -5.438201131009413E-006
  -46.3835388147758      -7.587318368696730E-006  2.021342980158942E-006
  -45.5906578093950       3.060630617516273E-006  1.082019138871862E-005
  -44.7977768040142       1.550458021736794E-005 -5.596676401778652E-006
  -44.0048957986334      -1.115272604795306E-005 -2.170218945955908E-005
  -43.2120147932526      -2.845522276287088E-005  2.203266641592722E-005
  -42.4191337878719       4.073620371819284E-005  3.273500057530450E-005
  -41.6262527824911       2.872802427084613E-005 -6.818888184427290E-005
  -40.8333717771103      -1.010625094721892E-004 -8.790694331620360E-006
  -40.0404907717295       3.301526144519901E-005  1.299976762802501E-004
  -39.2476097663487       1.412337281079736E-004 -9.607590259555150E-005
  -38.4547287609680      -1.706290705246837E-004 -1.221526080205023E-004
  -37.6618477555872      -6.757946413815616E-005  2.402787542272870E-004
  -36.8689667502064       2.884882516292361E-004 -1.768162679609702E-005
  -36.0760857448256      -1.216949657724243E-004 -3.046149304836799E-004
  -35.2832047394448      -2.858438961088114E-004  2.310776360722355E-004
  -34.4903237340640       3.356276600556451E-004  2.349081614281985E-004
  -33.6974427286833       1.560137872057508E-004 -4.298254762089934E-004
  -32.9045617233025      -5.115200372933865E-004 -5.136612115039125E-005
  -32.1116807179217       8.065848657509762E-005  5.790993347075650E-004
  -31.3187997125409       6.281138526773680E-004 -2.456739093152846E-004
  -30.5259187071601      -4.518551457732228E-004 -6.476732400226610E-004
  -29.7330377017793      -6.167597592446922E-004  7.064438241669754E-004
  -28.9401566963986       1.009067645670805E-003  5.012640197894015E-004
  -28.1472756910178       2.541645994765776E-004 -1.340722959550715E-003
  -27.3543946856370      -1.648916945306018E-003  1.764504242004607E-004
  -26.5615136802562       8.253463128806521E-004  1.834110565986838E-003
  -25.7686326748754       1.750488577469177E-003 -1.670892361112498E-003
  -24.9757516694946      -2.588152942488578E-003 -1.240879608536909E-003
  -24.1828706641139      -2.186553047921186E-004  3.327135076899973E-003
  -23.3899896587331       3.565521624574261E-003 -1.226485923416932E-003
  -22.5971086533523      -2.776377794707767E-003 -3.056755284548420E-003
  -21.8042276479715      -1.805012136904171E-003  3.973911529142320E-003
  -21.0113466425907       4.445610354609443E-003  1.228618001126653E-004
  -20.2184656372100      -1.512370583220735E-003 -4.105862562569698E-003
  -19.4255846318292      -3.177380624375778E-003  2.708465214632090E-003
  -18.6327036264484       3.321696360391688E-003  2.025925345446747E-003
  -17.8398226210676       9.617204952754798E-004 -3.441519749286717E-003
  -17.0469416156868      -3.265938346170542E-003 -1.417033184037060E-004
  -16.2540606103060       4.155802012423621E-004  2.984879772201173E-003
  -15.4611796049253       2.727815697419882E-003 -7.667435625503974E-004
  -14.6682985995445      -9.889168105007334E-004 -2.565150232019333E-003
  -13.8754175941637      -2.531998618234891E-003  1.153011505934404E-003
  -13.0825365887829       1.320315138471702E-003  2.653091139596706E-003
  -12.2896555834021       2.962097018623998E-003 -1.553792126345302E-003
  -11.4967745780213      -1.941789528992780E-003 -3.516121703863560E-003
  -10.7038935726406      -4.405306959245938E-003  2.641937899542991E-003
  -9.91101256725978       3.966063538069919E-003  5.746059403019715E-003
  -9.11813156187900       7.611464846851059E-003 -6.540959918192707E-003
  -8.32525055649822      -1.157104489266078E-002 -9.762377884830295E-003
  -7.53236955111743      -1.086147091681344E-002  2.109371032456770E-002
  -6.73948854573665       3.757048791754113E-002  6.678987944380247E-003
  -5.94660754035587      -1.262549708950419E-002 -6.080776859111015E-002
  -5.15372653497509      -7.887366448247640E-002  6.258184437134529E-002
  -4.36084552959430       0.150307188612678       5.442484370060659E-002
  -3.56796452421352      -6.973284234264179E-002 -0.233966603413277     
  -2.77508351883274      -0.188895386473956       0.297295340814675     
  -1.98220251345196       0.460971262781223      -0.101256549806060     
  -1.18932150807117      -0.502166220073208      -0.287846393481556     
 -0.396440502690391       0.218222348774907       0.604637327085856     
  0.396440502690391       0.218222348774907      -0.604637327085856     
   1.18932150807117      -0.502166220073208       0.287846393481556     
   1.98220251345196       0.460971262781223       0.101256549806060     
   2.77508351883274      -0.188895386473956      -0.297295340814675     
   3.56796452421352      -6.973284234264179E-002  0.233966603413277     
   4.36084552959430       0.150307188612678      -5.442484370060659E-002
   5.15372653497509      -7.887366448247640E-002 -6.258184437134529E-002
   5.94660754035587      -1.262549708950419E-002  6.080776859111015E-002
   6.73948854573665       3.757048791754113E-002 -6.678987944380247E-003
   7.53236955111743      -1.086147091681344E-002 -2.109371032456770E-002
   8.32525055649822      -1.157104489266078E-002  9.762377884830295E-003
   9.11813156187900       7.611464846851059E-003  6.540959918192707E-003
   9.91101256725978       3.966063538069919E-003 -5.746059403019715E-003
   10.7038935726406      -4.405306959245938E-003 -2.641937899542991E-003
   11.4967745780213      -1.941789528992780E-003  3.516121703863560E-003
   12.2896555834021       2.962097018623998E-003  1.553792126345302E-003
   13.0825365887829       1.320315138471702E-003 -2.653091139596706E-003
   13.8754175941637      -2.531998618234891E-003 -1.153011505934404E-003
   14.6682985995445      -9.889168105007334E-004  2.565150232019333E-003
   15.4611796049253       2.727815697419882E-003  7.667435625503974E-004
   16.2540606103060       4.155802012423621E-004 -2.984879772201173E-003
   17.0469416156868      -3.265938346170542E-003  1.417033184037060E-004
   17.8398226210676       9.617204952754798E-004  3.441519749286717E-003
   18.6327036264484       3.321696360391688E-003 -2.025925345446747E-003
   19.4255846318292      -3.177380624375778E-003 -2.708465214632090E-003
   20.2184656372100      -1.512370583220735E-003  4.105862562569698E-003
   21.0113466425907       4.445610354609443E-003 -1.228618001126653E-004
   21.8042276479715      -1.805012136904171E-003 -3.973911529142320E-003
   22.5971086533523      -2.776377794707767E-003  3.056755284548420E-003
   23.3899896587331       3.565521624574261E-003  1.226485923416932E-003
   24.1828706641139      -2.186553047921186E-004 -3.327135076899973E-003
   24.9757516694946      -2.588152942488578E-003  1.240879608536909E-003
   25.7686326748754       1.750488577469177E-003  1.670892361112498E-003
   26.5615136802562       8.253463128806521E-004 -1.834110565986838E-003
   27.3543946856370      -1.648916945306018E-003 -1.764504242004607E-004
   28.1472756910178       2.541645994765776E-004  1.340722959550715E-003
   28.9401566963986       1.009067645670805E-003 -5.012640197894015E-004
   29.7330377017793      -6.167597592446922E-004 -7.064438241669754E-004
   30.5259187071601      -4.518551457732228E-004  6.476732400226610E-004
   31.3187997125409       6.281138526773680E-004  2.456739093152846E-004
   32.1116807179217       8.065848657509762E-005 -5.790993347075650E-004
   32.9045617233025      -5.115200372933865E-004  5.136612115039125E-005
   33.6974427286833       1.560137872057508E-004  4.298254762089934E-004
   34.4903237340640       3.356276600556451E-004 -2.349081614281985E-004
   35.2832047394448      -2.858438961088114E-004 -2.310776360722355E-004
   36.0760857448256      -1.216949657724243E-004  3.046149304836799E-004
   36.8689667502064       2.884882516292361E-004  1.768162679609702E-005
   37.6618477555872      -6.757946413815616E-005 -2.402787542272870E-004
   38.4547287609680      -1.706290705246837E-004  1.221526080205023E-004
   39.2476097663487       1.412337281079736E-004  9.607590259555150E-005
   40.0404907717295       3.301526144519901E-005 -1.299976762802501E-004
   40.8333717771103      -1.010625094721892E-004  8.790694331620360E-006
   41.6262527824911       2.872802427084613E-005  6.818888184427290E-005
   42.4191337878719       4.073620371819284E-005 -3.273500057530450E-005
   43.2120147932526      -2.845522276287088E-005 -2.203266641592722E-005
   44.0048957986334      -1.115272604795306E-005  2.170218945955908E-005
   44.7977768040142       1.550458021736794E-005  5.596676401778652E-006
   45.5906578093950       3.060630617516273E-006 -1.082019138871862E-005
   46.3835388147758      -7.587318368696730E-006 -2.021342980158942E-006
   47.1764198201566      -1.651367539991010E-006  5.438201131009413E-006
   47.9693008255373       4.017108934829546E-006  1.559661326948564E-006
   48.7621818309181       1.581573509170278E-006 -3.065615562041792E-006
   49.5550628362989      -2.416734208234377E-006 -1.656772008451979E-006
   50.3479438416797      -1.769961171076046E-006  1.968875602119275E-006
   51.1408248470605       1.663984239778054E-006  1.925494241783428E-006
   51.9337058524412       2.137635029707188E-006 -1.474697528109170E-006
   52.7265868578220      -1.400059472321343E-006 -2.426743176180874E-006
   53.5194678632028      -2.815371880717462E-006  1.469021142010225E-006
   54.3123488685836       1.751002319431190E-006  3.317881639820738E-006
   55.1052298739644       3.913812702809637E-006 -2.369670644044091E-006
   55.8981108793452      -3.505171903166441E-006 -4.492366459230502E-006
   56.6909918847259      -4.764141312693167E-006  5.347788380970440E-006
   57.4838728901067       7.943615836262268E-006  4.179162417670351E-006
   58.2767538954875       1.980501134099675E-006 -1.090158620420623E-005
   59.0696349008683      -1.309578561794805E-005  2.407492040216758E-006
   59.8625159062491       8.620494676964559E-006  1.277520536905109E-005
   60.6553969116299       8.517399764151063E-006 -1.473951550122217E-005
   61.4482779170106      -1.780307017666420E-005 -7.144005172014292E-007
   62.2411589223914       7.843528916653662E-006  1.574261022995519E-005
   63.0340399277722       9.240668100278540E-006 -1.348457322931463E-005
   63.8269209331530      -1.425167928029965E-005 -1.439381227416779E-006
   64.6198019385338       4.402567232287112E-006  1.104112463429805E-005
   65.4126829439146       6.359545766893898E-006 -6.934632086847150E-006
   66.2055639492953      -6.780952747111190E-006 -2.340644600290454E-006
   66.9984449546761       1.720098560283847E-007  5.323943640962288E-006
   67.7913259600569       3.663057528042292E-006 -1.334102419400638E-006
   68.5842069654377      -1.650945622213400E-006 -2.316994239122132E-006
   69.3770879708185      -1.388599291535874E-006  1.565060087058373E-006
   70.1699689761992       1.343235148728254E-006  8.016675881168659E-007
   70.9628499815800       4.459358542893533E-007 -1.110715773179567E-006
   71.7557309869608      -9.123261662822361E-007 -2.321257167253674E-007
   72.5486119923416      -1.006661710470582E-007  7.562627660515594E-007
   73.3414929977224       6.372626726317876E-007  1.519908837693417E-008
   74.1343740031032      -4.558686581407588E-008 -5.466680156283243E-007
   74.9272550084840      -4.759966050249379E-007  9.397020145223527E-008
   75.7201360138647       1.368474045841125E-007  4.178013691309639E-007
   76.5130170192455       3.656307012523878E-007 -1.776649971283861E-007
   77.3058980246263      -2.172747722769178E-007 -3.139045793106987E-007
   78.0987790300071      -2.580811115912655E-007  2.542365524124129E-007
   78.8916600353879       2.850532353670147E-007  1.952456684085228E-007
   79.6845410407687       1.249892000262787E-007 -3.048084046462047E-007
   80.4774220461494      -3.085124828796024E-007 -5.010882500827753E-008
   81.2703030515302       2.354939344025783E-008  2.930069770974190E-007
   82.0631840569110       2.586641351161687E-007 -8.854940399483069E-008
   82.8560650622918      -1.382933219162801E-007 -2.098539680729403E-007
   83.6489460676726      -1.536868643474865E-007  1.692720890359196E-007
   84.4418270730533       1.819327912653420E-007  9.762691207798529E-008
   85.2347080784341       4.728334958003580E-008 -1.798379653225035E-007
   86.0275890838149      -1.678480126872136E-007 -5.397877934580729E-009
   86.8204700891957       2.787151554424249E-008  1.504049584661470E-007
   87.6133510945765       1.305593737389534E-007 -5.395817990509290E-008
   88.4062320999573      -7.483686455812242E-008 -1.097534051162779E-007
   89.1991131053380      -8.804573996964172E-008  9.224171171062712E-008
   89.9919941107188       1.071539267764307E-007  6.448908644181296E-008
   90.7848751160996       3.755776603825043E-008 -1.194227108473867E-007
   91.5777561214804      -1.274246423126465E-007 -5.708025765213089E-009
   92.3706371268612       3.174561782493415E-008  1.278391094199538E-007
   93.1635181322419       1.158820164902013E-007 -7.331496770326365E-008
   93.9563991376227      -1.138058757955247E-007 -8.659093737842477E-008
   94.7492801430035      -3.768349734531769E-008  1.434948559851233E-007
   95.5421611483843       1.497024223825310E-007 -2.638591661444567E-008
   96.3350421537651      -9.146002999035063E-008 -1.222463448009796E-007
   97.1279231591459      -6.173860561732380E-008  1.358283046107143E-007
   97.9208041645266       1.400934752002464E-007 -1.477616796753757E-008
   98.7136851699074      -7.836988047127638E-008 -1.007914553558224E-007
   99.5065661752882      -3.655784601834225E-008  1.042504494073816E-007
   100.299447180669       8.821947908825815E-008 -2.191094527203075E-008
   101.092328186050      -5.200678014327147E-008 -4.829383309868675E-008
   101.885209191431      -9.505551892827186E-009  5.172208350885667E-008
   102.678090196811       3.467630095071411E-008 -1.312754877695662E-008
   103.470971202192      -1.915157112496818E-008 -1.607761123086823E-008
   104.263852207573      -3.702982183129354E-009  1.582736361040409E-008
   105.056733212954       1.010066486215076E-008 -1.940017574160590E-009
   105.849614218334      -3.381510202263849E-009 -5.442660849536780E-009
   106.642495223715      -2.574316040828696E-009  3.033784816295855E-009
   107.435376229096       2.249458632036231E-009  1.075142974990389E-009
   108.228257234477       3.743287475951369E-010 -1.550230533599579E-009
   109.021138239858      -1.049113361285967E-009 -7.323890829266106E-011
   109.814019245238       4.678741867355438E-011  7.188888103588159E-010
   110.606900250619       5.071007721372341E-010 -9.094651389246053E-011
   111.399781256000      -1.059627571882350E-010 -3.706890893366518E-010
   112.192662261381      -2.805290004045267E-010  1.115177067430546E-010
   112.985543266762       1.155066847347817E-010  2.180959594084349E-010
   113.778424272142       1.715883613951032E-010 -1.207539096241458E-010
   114.571305277523      -1.277006805236463E-010 -1.331743781831469E-010
   115.364186282904      -9.741702000631062E-011  1.352928427365494E-010
   116.157067288285       1.411445072242856E-010  6.067459906533863E-011
   116.949948293665       2.129552322356497E-011 -1.416336346493710E-010
   117.742829299046      -1.324952128930209E-010  1.967970760281692E-011
   118.535710304427       5.794466069626739E-011  1.103363408695916E-010
   119.328591309808       7.493285342905193E-011 -8.649420627367118E-011
   120.121472315189      -9.814457915260370E-011 -3.114005317792787E-011
   120.914353320569       1.146915134596711E-011  8.949359634076769E-011
   121.707234325950       6.394777919527695E-011 -4.224024005690224E-011
   122.500115331331      -5.471251209918915E-011 -3.106567545116613E-011
   123.292996336712      -1.943965711480101E-012  4.982601696118956E-011
   124.085877342092       3.457942903174596E-011 -1.618370301423611E-011
   124.878758347473      -2.229931606836217E-011 -1.744497688211160E-011
   125.671639352854      -4.216085909814351E-012  1.997710910215659E-011
   126.464520358235       1.401441929973976E-011 -3.283576337007010E-012
   127.257401363616      -6.023340331078541E-012 -7.958448798473565E-012
   128.050282368996      -3.442266968070500E-012  5.922866406207110E-012
   128.843163374377       4.629974975821640E-012  7.009664578492938E-013
   129.636044379758      -6.631457469895784E-013 -3.135496726522979E-012
   130.428925385139      -1.875604515212254E-012  1.159426655371691E-012
   131.221806390520       1.188552716010876E-012  9.617579564672902E-013
   132.014687395900       3.631185766100771E-013 -1.005564333020154E-012
   132.807568401281      -7.530495351231966E-013 -7.964199896453647E-015
   133.600449406662       1.737465990470198E-013  5.038119008942938E-013
   134.393330412043       2.922547315856762E-013 -2.386934446417887E-013
   135.186211417423      -2.306971393520833E-013 -1.324309826909493E-013
   135.979092422804      -2.663141274627031E-014  1.837703106987471E-013
   136.771973428185       1.238781102988149E-013 -3.088744409996377E-014
   137.564854433566      -5.143617658926514E-014 -6.896486663261783E-014
   138.357735438947      -2.858480940345860E-014  4.884305248564972E-014
   139.150616444327       3.592501456192436E-014  4.706992516176188E-015
   139.943497449708      -5.831078391594724E-015 -2.177363965872686E-014
   140.736378455089      -1.092908749406113E-014  8.135456699373065E-015
   141.529259460470       6.732391965990730E-015  4.343307872201818E-015
   142.322140465850       1.100159322375104E-015 -4.462943617171896E-015
   143.115021471231      -2.579983031128060E-015  1.470440572550793E-016
   143.907902476612       4.474339127588820E-016  1.360287308520613E-015
   144.700783481993       6.769689363197061E-016 -4.029137589473709E-016
   145.493664487374      -2.834048908888868E-016 -3.285598673435230E-016
   146.286545492754      -1.608306723293413E-016  1.801151265477719E-016
   147.079426498135       1.098090770314737E-016  8.206219597042434E-017
   147.872307503516       4.482600885657662E-017 -6.642305354427853E-017
   148.665188508897      -4.073593695476196E-017 -2.657930439692466E-017
   149.458069514277      -1.708940768026069E-017  2.570644917576635E-017
   150.250950519658       1.687669421034949E-017  1.177787343979431E-017
   151.043831525039       8.566620223288381E-018 -1.163294614253987E-017
   151.836712530420      -8.487105732890970E-018 -6.472225168825462E-018
   152.629593535801      -4.996102739664595E-018  6.593702880516413E-018
   153.422474541181       5.461825546471175E-018  3.860604558496796E-018
   154.215355546562       2.894623161595085E-018 -4.789486944156810E-018
   155.008236551943      -4.368461443440543E-018 -1.987433258048032E-018
   155.801117557324      -1.078046520553149E-018  4.031960409706666E-018
   156.593998562705       3.635607268045699E-018  1.637497417052066E-019
   157.386879568085      -6.892715797534284E-019 -3.070370284159682E-018
   158.179760573466      -2.299612055948313E-018  1.356583833170625E-018
   158.972641578847       1.705637355755592E-018  1.392637907431748E-018
   159.765522584228       5.136788717770649E-019 -1.673974250496786E-018
   160.558403589608      -1.325215607512426E-018  1.524955393180820E-019
   161.351284594989       5.003630964990181E-019  8.299434532915852E-019
   162.144165600370       3.754132233671788E-019 -5.545509687799891E-019
   162.937046605751      -4.338374188415533E-019 -7.344089166341150E-020
   163.729927611132       6.628251396628954E-020  2.673557667746855E-019
   164.522808616512       1.336706416113837E-019 -9.676379172309676E-020
   165.315689621893      -7.877235014935666E-020 -5.356110283650593E-020
   166.108570627274      -1.550158149113944E-020  5.116306197202033E-020
   166.901451632655       2.945752312437011E-020  1.199107119230511E-021
   167.694332638036      -2.588295119572794E-021 -1.595595260779335E-020
   168.487213643416      -8.490511715033476E-021  2.726417017058363E-021
   169.280094648797       2.006537720621525E-021  4.586912472963999E-021
   170.072975654178       2.573753217624153E-021 -1.313147869862485E-021
   170.865856659559      -8.239422491064565E-022 -1.518760436577861E-021
   171.658737664939      -9.459521849176874E-022  5.140912896713622E-022
   172.451618670320       3.263459241547985E-022  6.204168089456368E-022
   173.244499675701       4.261205469538502E-022 -2.146066789342676E-022
   174.037380681082      -1.486111757356996E-022 -3.043714184212589E-022
   174.830261686463      -2.243366396155088E-022  1.098814476066164E-022
   175.623142691843       8.736743484003466E-023  1.690801620457849E-022
   176.416023697224       1.288842280963518E-022 -7.439107448330921E-023
   177.208904702605      -6.676845858378352E-023 -9.799420066804162E-023
   178.001785707986      -7.300034830898550E-023  6.174083670229916E-023
   178.794666713366       5.742556833479176E-023  5.200663824479229E-023
   179.587547718747       3.415364185591184E-023 -5.259061622915636E-023
   180.380428724128      -4.660159890360442E-023 -1.926279078762199E-023
   181.173309729509      -7.494737268874675E-024  3.940684523153583E-023
   181.966190734890       3.145247715073332E-023 -9.830239052803925E-025
   182.759071740270      -6.252174408039094E-024 -2.348252107633216E-023
   183.551952745651      -1.626566893583317E-023  8.744986011347677E-024
   184.344833751032       9.169967884475632E-024  1.035169249114707E-023
   185.137714756413       5.952326963174476E-024 -8.324753041252514E-024
   185.930595761794      -6.905241403803013E-024 -2.970105553094661E-024
   186.723476767174      -1.121419491872097E-024  5.395666042476160E-024
   187.516357772555       4.057989943135774E-024  7.197580367477097E-026
   188.309238777936      -4.711918080548983E-025 -2.985549590184600E-024
   189.102119783317      -2.173233205009947E-024  7.229331091779673E-025
   189.895000788697       8.217084801581051E-025  1.573534847019679E-024
   190.687881794078       1.129905375027289E-024 -8.476596170273562E-025
   191.480762799459      -8.420476483975539E-025 -7.918368134694427E-025
   192.273643804840      -5.195015075046194E-025  8.218111324771660E-025
   193.066524810221       7.885582344164405E-025  2.843117887382253E-025
   193.859405815601       6.926489953210507E-026 -7.338473993163195E-025
   194.652286820982      -6.436239667537753E-025  1.293511848396969E-025
   195.445167826363       2.997512149562039E-025  5.048745496412555E-025
   196.238048831744       3.161239266412417E-025 -4.157212459383692E-025
   197.030929837124      -4.464731751937292E-025 -9.880255170882052E-026
   197.823810842505       1.001457057416487E-025  3.769913930385033E-025
   198.616691847886       2.288254927706907E-025 -2.251572160134019E-025
   199.409572853267      -2.453137501614371E-025 -6.073931386586723E-026
   200.202453858648       6.159573425824739E-026  1.786782426890074E-025
   200.995334864028       8.097996566794707E-026 -1.063137839686372E-025
   201.788215869409      -8.899831789805069E-026 -5.492922883128922E-027
   202.581096874790       2.776994699498174E-026  4.883341625105558E-026
   203.373977880171       1.599760045816605E-026 -2.947665006329717E-026
   204.166858885551      -1.908223273344706E-026  5.076064676418682E-028
   204.959739890932       5.089286627312137E-027  9.120043051683772E-027
   205.752620896313       3.257075995330028E-027 -4.489962885511175E-027
   206.545501901694      -2.804284661817124E-027 -7.041370678767144E-028
   207.338382907075       1.207241680676553E-028  1.491518669009252E-027
   208.131263912455       7.301274064256968E-028 -2.690101973275658E-028
   208.924144917836      -2.231315953163995E-028 -3.454818145676498E-028
   209.717025923217      -1.638669039985211E-028  1.518239809058491E-028
   210.509906928598       9.719524684897852E-029  8.003553966342241E-029
   211.302787933979       4.091606182963357E-029 -6.192748274385959E-029
   212.095668939359      -4.045163766375062E-029 -2.195849430905150E-029
   212.888549944740      -1.219715554939145E-029  2.753652061587009E-029
   213.681430950121       1.967553983028721E-029  6.740885917415471E-030
   214.474311955502       3.360106793793931E-030 -1.473973386147762E-029
   215.267192960882      -1.145925702231995E-029 -1.006897210985499E-030
   216.060073966263       8.107596463523379E-031  9.054515054489778E-030
   216.852954971644       7.025798244997705E-030 -2.285366578747496E-030
   217.645835977025      -3.413744264921905E-030 -5.062996674440881E-030
   218.438716982406      -3.039117522059936E-030  4.060493840886831E-030
   219.231597987786       4.051488376881183E-030  1.039137939802207E-030
   220.024478993167      -6.535418411250495E-031 -3.321133356066969E-030
   220.817359998548      -2.053043680570097E-030  1.689832286892954E-030
   221.610241003929       1.889798419562705E-030  6.812004036700592E-031
   222.403122009309      -3.203944499270984E-031 -1.412785167364445E-030
   223.196003014690      -6.808644743648602E-031  7.217448426436772E-031
   223.988884020071       6.362940695157748E-031  9.812290926701584E-032
   224.781765025452      -1.725643360059187E-031 -3.561202304907641E-031
   225.574646030833      -1.156430721444751E-031  1.998646784940463E-031
   226.367527036213       1.282591355986176E-031 -6.685172915413412E-033
   227.160408041594      -3.880127893763278E-032 -5.643476502385127E-032
   227.953289046975      -1.537283080838861E-032  3.173725606090889E-032
   228.746170052356       1.767158336704286E-032 -5.089563531346097E-034
   229.539051057737      -3.930750650546986E-033 -7.769372990890878E-033
   230.331932063117      -2.751469787775501E-033  3.242345429199210E-033
   231.124813068498       1.956436967761849E-033  7.011580399551030E-034
   231.917694073879       2.035411061326737E-035 -1.024682707525527E-033
   232.710575079260      -4.942161117229582E-034  1.394201143866085E-034
   233.503456084640       1.367992954854047E-034  2.242731919774637E-034
   234.296337090021       9.518993424583861E-035 -9.933698577258171E-035
   235.089218095402      -6.436840920721808E-035 -3.603590467144607E-035
   235.882099100783      -1.015277664520589E-035  3.910119219648640E-035
   236.674980106164       2.249128561657191E-035 -2.576310658922374E-037
   237.467861111544      -3.628720287301030E-036 -1.212353330346804E-035
   238.260742116925      -5.949880688676460E-036  3.954023790886680E-036
   239.053623122306       3.143470484159697E-036  2.501040913575746E-036
   239.846504127687       7.568328663998434E-037 -2.102669694280828E-036
   240.639385133067      -1.222943153402964E-036 -1.044514164790090E-038
   241.432266138448       2.145678560474241E-037  6.195945087048230E-037
   242.225147143829       2.684892999566882E-037 -2.144344769299119E-037
   243.018028149210      -1.486592743476439E-037 -9.409846015412512E-038
   243.810909154591      -2.148093140281463E-038  8.549293060347970E-038
   244.603790159971       4.329344795995439E-038 -2.249290598066924E-039
   245.396671165352      -6.716249425219229E-039 -1.991702262424275E-038
   246.189552170733      -8.501493227901900E-039  5.453457715573611E-039
   246.982433176114       3.420385794938993E-039  3.422785420797817E-039
   247.775314181495       1.317918809758415E-039 -1.916356620127620E-039
   248.568195186875      -1.016386995861468E-039 -4.911941047304523E-040
   249.361076192256      -1.790439764269389E-040  5.273134163997087E-040
   250.153957197637       2.735282649996611E-040  6.429619881652622E-041
   250.946838203018       2.271697640844873E-041 -1.440811781279955E-040
   251.739719208398      -7.792212790489401E-041 -7.658763801118075E-042
   252.532600213779      -2.110266747612454E-042  4.358079349845849E-041
   253.325481219160       2.529817536553738E-041 -2.024051121828647E-044
   254.118362224541      -8.959658883949048E-043 -1.523898085447023E-041
   254.911243229922      -9.479929281929897E-042  1.284682586305921E-042
   255.704124235302       1.458482742632943E-042  6.025190702754834E-042
   256.497005240683       3.840278829670211E-042 -1.510543530557724E-042
   257.289886246064      -1.468468246967795E-042 -2.382409651418325E-042
   258.082767251445      -1.369409249702532E-042  1.338955749638571E-042
   258.875648256826       1.130075833718091E-042  6.609837438049639E-043
   259.668529262206       1.906028498992310E-043 -8.640159687370636E-043
   260.461410267587      -5.800034200330840E-043  7.970936617563121E-044
   261.254291272968       1.889707163967443E-043  3.250022423648192E-043
   262.047172278349       1.359750882773224E-043 -1.886258436473931E-043
   262.840053283729      -1.353855624069233E-043 -2.519907691936067E-044
   263.632934289110       2.060024779799581E-044  7.499949006946365E-044
   264.425815294491       3.139494362444611E-044 -2.761141989363679E-044
   265.218696299872      -1.966190180618383E-044 -8.441511887591499E-045
   266.011577305253       1.930313000778008E-046  1.045182219295498E-044
   266.804458310633       4.488224031056854E-045 -1.965621965436303E-045
   267.597339316014      -1.543399699120566E-045 -1.595012959076069E-045
   268.390220321395      -4.618333380601059E-046  8.650246135384620E-046
   269.183101326776       4.159945740789196E-046  9.643464112944516E-047
   269.975982332156       2.856432002036236E-048 -1.853283609209542E-046
   270.768863337537      -8.017988049967698E-047  1.196680256075833E-047
   271.561744342918       9.514631851283190E-048  3.480897604173026E-047
   272.354625348299       1.550557732060437E-047 -5.598612306917599E-048
   273.147506353680      -2.990376541135157E-048 -7.181904981455086E-048
   273.940387359060      -3.479768391742398E-048  1.550413586556458E-048
   274.733268364441       8.070673221585415E-049  1.764847158720773E-048
   275.526149369822       9.343376024933449E-049 -4.312292706288310E-049
   276.319030375203      -2.405323951944387E-049 -5.138234742260289E-049
   277.111911380583      -2.916332246858961E-049  1.418143000426806E-049
   277.904792385964       8.890176822541340E-050  1.694607465232535E-049
   278.697673391345       9.979210951966779E-050 -5.907214851821902E-050
   279.490554396726      -4.109933943347880E-050 -5.878696682352255E-050
   280.283435402107      -3.406480503685743E-050  2.939970797961114E-050
   281.076316407487       2.119231629572819E-050  1.897892542088027E-050
   281.869197412868       9.824401106217436E-051 -1.510728016646457E-050
   282.662078418249      -1.048200268370854E-050 -4.431226907735295E-051
   283.454959423630      -1.445221916379079E-051  6.988512067428106E-051
   284.247840429011       4.432089534529476E-051 -3.285427552772362E-053
   285.040721434391      -6.200166034536091E-052 -2.651368471261677E-051
   285.833602439772      -1.483654531543121E-051  7.329159936803294E-052
   286.626483445153       6.349360776027709E-052  7.675653808571666E-052
   287.419364450534       3.588445068136661E-052 -4.749403883730933E-052
   288.212245455914      -3.239297909493682E-052 -1.430535476291994E-052
   289.005126461295      -3.907487687474445E-053  2.067056844172027E-052
   289.798007466676       1.250894907550722E-052 -5.061443929411185E-054
   290.590888472057      -1.977468997291608E-053 -7.218606900957957E-053
   291.383769477438      -3.961837237640758E-053  2.145505768201573E-053
   292.176650482818       1.824681311641050E-053  2.037417120668634E-053
   292.969531488199       9.426841054974271E-054 -1.384951598320426E-053
   293.762412493580      -9.750117459819949E-054 -3.471899678802882E-054
   294.555293498961      -4.486090110980909E-055  6.421936300305691E-054
   295.348174504342       3.919860860796385E-054 -8.898172031352219E-055
   296.141055509722      -1.289890483612931E-054 -2.151829996885191E-054
   296.933936515103      -9.885274421216185E-055  1.202745805940453E-054
   297.726817520484       9.065635045810016E-055  2.985969043553330E-055
   298.519698525865      -4.455776697402923E-056 -5.724011032781028E-055
   299.312579531245      -2.957726897355608E-055  1.603885547909571E-055
   300.105460536626       1.535047856222388E-055  1.133855434550284E-055
   300.898341542007       1.934637947948127E-056 -1.023798051853859E-055
   301.691222547388      -5.263131457542032E-056  1.433503338648117E-056
   302.484103552769       1.786946104637003E-056  2.069615334712164E-056
   303.276984558149       5.460404481983551E-057 -1.194730385190453E-056
   304.069865563530      -6.068203630430312E-057 -1.520999016823721E-058
   304.862746568911       9.143676355634853E-058  2.555788495931448E-057
   305.655627574292       9.281369627194147E-058 -7.354340571000626E-058
   306.448508579672      -4.137185803023172E-058 -2.962513060433328E-058
   307.241389585053      -8.317617901557553E-059  2.011265446908991E-058
   308.034270590434       9.155525148368383E-059  1.982651538255647E-059
   308.827151595815       3.397030816035517E-060 -4.086988608160022E-059
   309.620032601196      -1.844796594947276E-059  5.373241594718308E-062
   310.412913606576       4.326553352794778E-061  8.594608976175314E-060
   311.205794611957       4.186137202106124E-060 -2.810150435354394E-061
   311.998675617338      -1.341790792516722E-061 -2.147118127284675E-060
   312.791556622719      -1.163899281820395E-060  5.467166270550251E-062
   313.584437628099       2.131700017694541E-062  6.677136918418951E-061
   314.377318633480       4.052373612386936E-061 -1.175701465955680E-062
   315.170199638861      -1.290973364022004E-062 -2.594166605397092E-061
   315.963080644242      -1.738750429959687E-061  1.830761831441283E-062
   316.755961649623       2.490096292519183E-062  1.202384937963377E-061
   317.548842655003       8.361217951415843E-062 -3.106567697061771E-062
   318.341723660384      -3.556815877499850E-062 -5.600717695198459E-062
   319.134604665765      -3.339990537849816E-062  3.717374365096544E-062
   319.927485671146       3.478465687361601E-062  1.444565280769117E-062
   320.720366676527      -2.852253652042730E-064 -2.804701447648755E-062
   321.513247681907      -1.810230869566279E-062  9.349017937689155E-063
   322.306128687288       1.200091110893148E-062  7.700179226534297E-063
   323.099009692669      -1.397149186568875E-065 -9.511970539826447E-063
   323.891890698050      -4.914677615040477E-063  3.439765852796694E-063
   324.684771703430       3.370688500830211E-063  1.140365953854530E-063
   325.477652708811      -6.222875140231587E-064 -1.881279935805201E-063
   326.270533714192      -5.910289556301178E-064  8.521440913372139E-064
   327.063414719573       5.117992818450305E-064 -1.350652735439404E-065
   327.856295724954      -1.426647619066429E-064 -1.927691325289633E-064
   328.649176730334      -3.713045998793372E-065  1.007591820039712E-064
   329.442057735715       4.551601357400083E-065 -8.816439286965390E-066
   330.234938741096      -1.248495162347395E-065 -1.495679104431380E-065
   331.027819746477      -3.228949176736605E-066  7.370507773503479E-066
   331.820700751857       3.297659742632760E-066 -2.628985083703600E-068
   332.613581757238      -5.143777711766485E-067 -1.251437439229051E-066
   333.406462762619      -4.145052024725361E-067  3.766519137915130E-067
   334.199343768000       2.049410240719459E-067  1.157035182914270E-067
   334.992224773381       2.160380233035416E-068 -9.847540024039417E-068
   335.785105778761      -4.401659315691537E-068  3.016552940368295E-069
   336.577986784142       6.702541177753395E-069  1.854920900836440E-068
   337.370867789523       7.284351495020029E-069 -5.264694005100685E-069
   338.163748794904      -3.287167531058615E-069 -2.548522664667734E-069
   338.956629800285      -6.918145899348008E-070  1.818007976395837E-069
   339.749510805665       9.127689665604126E-070  5.037824965828394E-071
   340.542391811046      -1.129721524940129E-070 -4.141611841016552E-070
   341.335272816427      -1.654721507535981E-070  1.130498001021080E-070
   342.128153821808       7.485047478500675E-071  5.451272380944996E-071
   342.921034827188       1.176022862032938E-071 -4.054345715860903E-071
   343.713915832569      -1.891317202874252E-071  1.242370491351913E-072
   344.506796837950       3.336107114219558E-072  7.684292653977687E-072
   345.299677843331       2.681449679991498E-072 -2.473318248810643E-072
   346.092558848712      -1.374133750107684E-072 -7.562863583099809E-073
   346.885439854092      -1.307566170572896E-073  6.552421200397057E-073
   347.678320859473       2.820907461831504E-073 -2.547137632489632E-074
   348.471201864854      -4.191398570523297E-074 -1.125563151299116E-073
   349.264082870235      -4.222298727670544E-074  2.902996043232548E-074
   350.056963875615       1.631051603441147E-074  1.494138201715668E-074
   350.849844880996       4.915382569651842E-075 -8.379415660127945E-075
   351.642725886377      -4.124938878217163E-075 -1.414964080408511E-075
   352.435606891758      -2.710863879000728E-076  1.989387895822977E-075
   353.228487897139       9.481780111907720E-076 -5.842747649646928E-077
   354.021368902519      -1.224009669896089E-076 -4.455254399830894E-076
   354.814249907900      -2.032355436549961E-076  1.089668977151174E-076
   355.607130913281       7.945890358129905E-077  8.680278386220863E-077
   356.400011918662       3.183681808124314E-077 -5.209802672576028E-077
   357.192892924042      -3.112639311995354E-077 -7.289804381585131E-078
   357.985773929423       2.166756138182077E-078  1.660228176009781E-077
   358.778654934804       7.480901557493017E-078 -4.410721731282241E-078
   359.571535940185      -3.661893103210280E-078 -2.465279147210046E-078
   360.364416945566      -2.333912262517521E-079  2.163562777875622E-078
   361.157297950946       9.440134384340033E-079 -4.121508664942079E-079
   361.950178956327      -3.793873122713216E-079 -2.673365089604548E-079
   362.743059961708      -1.032385909983139E-080  1.973916236593456E-079
   363.535940967089       6.895480743717874E-080 -3.893561026893029E-080
   364.328821972470      -2.615221240999060E-080 -1.423865087441449E-080
   365.121702977850       4.017556656510422E-082  1.050942291332568E-080
   365.914583983231       3.003095383395294E-081 -1.801711846544415E-081
   366.707464988612      -9.288429837779156E-082 -6.021363707099128E-082
   367.500345993993      -5.919588978687659E-083  3.300296118204612E-082
   368.293226999373       9.732165643612378E-083 -1.513455444377923E-083
   369.086108004754      -1.145631640747626E-083 -2.602926856831327E-083
   369.878989010135      -6.753063486476617E-084  4.632233631289871E-084
   370.671870015516       1.564337124077029E-084  1.801580624014631E-084
   371.464751020897       5.169269818553204E-085 -4.913108646496341E-085
   372.257632026277      -1.497630786140193E-085 -1.630882262357988E-085
   373.050513031658      -5.645709322413561E-086  4.495893022663677E-086
   373.843394037039       1.322455917368143E-086  2.110498230755008E-086
   374.636275042420       8.372095384556860E-087 -3.704502175585713E-087
   375.429156047801      -9.099776738300423E-088 -3.480221072099175E-087
   376.222037053181      -1.506123365473835E-087  1.362920682043225E-088
   377.014918058562      -4.556502935422275E-089  6.776141082202609E-088
   377.807799063943       3.177447649958897E-088  6.585352240184613E-089
   378.600680069324       5.008795902749422E-089 -1.560903762724691E-088
   379.393561074704      -8.076645532604662E-089 -3.191153133876021E-089
   380.186442080085      -1.835203079758198E-089  4.410422722233490E-089
   380.979323085466       2.526138509995115E-089  9.493848864864595E-090
   381.772204090847       4.115402209947154E-090 -1.491719267274418E-089
   382.565085096228      -8.832930082791025E-090 -1.095120163849353E-090
   383.357966101608       3.827472205595736E-091  5.062504867989972E-090
   384.150847106989       2.696125968220296E-090 -9.002224382970410E-091
   384.943728112370      -8.870141556753685E-091 -1.269347283056665E-090
   385.736609117751      -4.878011736809713E-091  6.536949545871921E-091
   386.529490123131       3.953614835511328E-091  1.217847146137629E-091
   387.322371128512      -1.130393241097707E-092 -2.014628187529604E-091
   388.115252133893      -8.673723820104980E-092  3.812812619348582E-092
   388.908133139274       2.982662254526511E-092  3.092714944619384E-092
   389.701014144655       8.428239865677137E-093 -1.692466846042692E-092
   390.493895150035      -8.043905809857934E-093 -1.110006351484519E-093
   391.286776155416       5.729950562438024E-094  3.376728395328231E-093
   392.079657160797       1.284257341205689E-093 -6.238256328266230E-094
   392.872538166178      -3.880650723378058E-094 -4.467351440681008E-094
   393.665419171558      -1.408829131234479E-094  2.006448621127288E-094
   394.458300176939       9.450283182519481E-095  3.839965870631778E-095
   395.251181182320       7.387867189540635E-096 -4.213688503329289E-095
   396.044062187701      -1.812297873105581E-095  5.260196724303453E-097
   396.836943193082       1.744159618260434E-096  7.577701828739504E-096
   397.629824198462       3.077959452275651E-096 -1.384242178449540E-096
   398.422705203843      -8.632181564392983E-097 -1.202696741683786E-096
   399.215586209224      -4.419503501976703E-097  4.828898282626575E-097
   400.008467214605       2.516549469069176E-097  1.454875748138673E-097
   400.801348219986       3.764546865783369E-098 -1.234336501844261E-097
   401.594229225366      -5.690291973065270E-098 -3.249030486996541E-099
   402.387110230747       4.725260572813274E-099  2.447537626521863E-098
   403.179991236128       9.713351053440836E-099 -4.614573485770455E-099
   403.972872241509      -2.927355376008178E-099 -3.501956977742975E-099
   404.765753246890      -1.118612785184146E-099  1.541283476744113E-099
   405.558634252270       7.223005861360347E-100  2.997980826275739E-100
   406.351515257651       5.593526594528927E-101 -3.121162509753442E-100
   407.144396263032      -1.275778243320596E-100  1.973498813716600E-102
   407.937277268413       9.257918665976631E-102  5.044958359393274E-101
   408.730158273793       1.970905926716787E-101 -6.512700335360076E-102
   409.523039279174      -3.545774046247631E-102 -7.752734596954900E-102
   410.315920284555      -3.119682232121292E-102  1.759680013670996E-102
   411.108801289936       8.467519899855990E-103  1.299035032257717E-102
   411.901682295317       5.633366607020000E-103 -4.087220613096571E-103
   412.694563300697      -2.024052595300029E-103 -2.547327196599749E-103
   413.487444306078      -1.196500389128505E-103  1.044827307517078E-103
   414.280325311459       5.679766551993652E-104  5.783902208152399E-104
   415.073206316840       2.829367852613038E-104 -3.263099400221655E-104
   415.866087322220      -1.972210638898552E-104 -1.358407082268255E-104
   416.658968327601      -6.007910452558101E-105  1.236784287630686E-104
   417.451849332982       7.859597133796000E-105  2.037251370704215E-105
   418.244730338363       4.136393873797466E-108 -4.889322370014715E-105
   419.037611343744      -2.830095390243798E-105  9.100005444678813E-106
   419.830492349124       1.142178124886336E-105  1.397472883151792E-105
   420.623373354505       4.689653104205783E-106 -9.742180169852987E-106
   421.416254359886      -6.306277543367024E-106  3.110322232711032E-107
   422.209135365267       2.016375418450409E-106  2.924322685475696E-106
   423.002016370648       6.769531628030326E-107 -1.780144021748840E-106
   423.794897376028      -9.266808092977608E-107  2.668102078523691E-107
   424.587778381409       3.732052212246959E-107  2.653133998222100E-107
   425.380659386790      -1.431985964639926E-108 -2.024994224089325E-107
   426.173540392171      -6.068525967354313E-108  5.792363553888669E-108
   426.966421397551       3.209195378802808E-108  4.113978170351309E-109
   427.759302402932      -5.917431982534167E-109 -1.008351951977848E-108
   428.552183408313      -1.611508606955440E-109  3.643872967796350E-109
   429.345064413694       1.274554521115623E-109 -2.096834078376876E-110
   430.137945419075      -2.564258111133344E-110 -3.103509393912648E-110
   430.930826424455      -4.865046307748203E-111  1.119497870669507E-110
   431.723707429836       3.646093555160417E-111 -2.497094930902388E-114
   432.516588435217      -3.746772086010017E-112 -1.019987136520174E-111
   433.309469440598      -2.608721313820591E-112  1.972018390363954E-112
   434.102350445978       7.819792321367632E-113  6.305762876009872E-113
   434.895231451359       1.456956228634169E-113 -2.823887365061683E-113
   435.688112456740      -9.930055811637978E-114 -3.152208131200678E-114
   436.480993462121      -5.727944208445903E-115  3.508788398338707E-114
   437.273874467502       1.264350453251238E-114  3.728733151785292E-116
   438.066755472882      -4.654753349180716E-116 -4.666647448052845E-115
   438.859636478263      -1.758380062191077E-115  4.189263314293473E-116
   439.652517483644       2.687549492298957E-116  6.693507521416231E-116
   440.445398489025       2.526990753740204E-116 -1.548295357469347E-116
   441.238279494405      -8.423392545583906E-117 -9.178560973036647E-117
   442.031160499786      -3.035946354818366E-117  4.369257451454115E-117
   442.824041505167       2.147877538774445E-117  7.997527930058103E-118
   443.616922510548       7.496598133648926E-119 -9.860338452673467E-118
   444.409803515929      -4.130922952826774E-118  9.796341235710510E-119
   445.202684521309       9.682816073012293E-119  1.521288432650463E-118
   445.995565526690       4.557630576785245E-119 -6.010406009568271E-119
   446.788446532071      -2.978551480325131E-119 -8.474703728023706E-120
   447.581327537452       1.311689664825527E-120  1.238581013642954E-119
   448.374208542832       4.319176142871870E-120 -2.326224432364282E-120
   449.167089548213      -1.464303178923411E-120 -1.201980162229477E-120
   449.959970553594      -2.132117315806654E-121  6.866465624567077E-121
   450.752851558975       2.682409634491040E-121 -2.125671593921568E-122
   451.545732564356      -4.350489808298298E-122 -8.969969574187626E-122
   452.338613569736      -2.514253838025044E-122  2.674791564893695E-122
   453.131494575117       1.243801125791033E-122  5.203616886513287E-123
   453.924375580498       2.086896955313427E-124 -4.948445468800601E-123
   454.717256585879      -1.735455270586026E-123  5.577566704869195E-124
   455.510137591260       4.158568081559113E-124  5.284985472300451E-124
   456.303018596640       1.282171409720311E-124 -2.128420550219900E-124
   457.095899602021      -9.043013808829869E-125 -1.559674875730524E-125
   457.888780607402       7.126859880260909E-126  3.300924001355850E-125
   458.681661612783       1.011248263858899E-125 -7.064464289558803E-126
   459.474542618163      -3.797440399643495E-126 -2.326058029919129E-126
   460.267423623544      -1.962356211582128E-127  1.569168375294737E-126
   461.060304628925       5.231665423463874E-127 -1.691775257503632E-127
   461.853185634306      -1.282490388737252E-127 -1.352049916555648E-127
   462.646066639687      -2.163573712895897E-128  5.738093987940559E-128
   463.438947645067       1.945039847890462E-128 -1.763492486085181E-129
   464.231828650448      -3.061698369238671E-129 -5.167141633966600E-129
   465.024709655829      -1.013596182677625E-129  1.465625729144917E-129
   465.817590661210       5.007115723159075E-130  9.924967980632024E-131
   466.610471666591      -2.592133215446062E-131 -1.391625435692235E-130
   467.403352671971      -3.301428396295216E-131  1.919504646420152E-131
   468.196233677352       7.413974337150484E-132  6.850469756726758E-132
   468.989114682733       1.258341999196457E-132 -2.319103748725984E-132
   469.781995688114      -6.584841256040545E-133 -2.041444988954069E-133
   470.574876693494      -2.833077310724004E-134  1.799490629316513E-133
   471.367757698875       4.914286854255199E-134  2.969788637987475E-135
   472.160638704256       9.622100515589449E-137 -1.374554134571019E-134
   472.953519709637      -3.996107280215792E-135  4.920693362493096E-137
   473.746400715018       8.887716267114033E-138  1.216545057834992E-135
   474.539281720398       3.889533064752802E-136  4.553036353431914E-138
   475.332162725779       4.491777645978062E-138 -1.306607315916976E-136
   476.125043731160      -4.607786558394149E-137 -2.337087324609027E-138
   476.917924736541      -8.743465664177709E-139  1.702174391215030E-137
   477.710805741921       6.558863371988814E-138  1.829744805666666E-139
   478.503686747302      -7.041756633878145E-140 -2.615725457313184E-138
   479.296567752683      -1.065849859811950E-138  1.275844276639019E-139
   480.089448758064       1.126948002585721E-139  4.350796716112966E-139
   480.882329763445       1.728213746087640E-139 -7.990360171271599E-140
   481.675210768825      -4.956376579692731E-140 -6.390863285074922E-140
   482.468091774206      -2.031510780895759E-140  2.741807721959944E-140
   483.260972779587       1.345333157357195E-140  4.445742659012848E-141
   484.053853784968      -2.333197650857058E-142 -5.733035865674265E-141
   484.846734790349      -2.037206563001623E-141  9.497221284895823E-142
   485.639615795729       6.411670751497149E-142  5.517727350635633E-142
   486.432496801110       8.027777523655615E-143 -2.934632932893282E-142
   487.225377806491      -1.024506765393367E-142  1.931833367819868E-143
   488.018258811872       2.029219403983615E-143  2.729444275756950E-143
   488.811139817252       4.971701508061649E-144 -9.339741250553799E-144
   489.604020822633      -3.144325547246078E-144 -2.102066368489617E-145
   490.396901828014       2.910568876257619E-145  8.559011878386927E-145
   491.189782833395       1.943753649177470E-145 -1.598878199658212E-145
   491.982663838776      -5.811541959404314E-146 -3.642259048177724E-146
   492.775544844156      -5.046266159344373E-147  1.775579024186443E-146
   493.568425849537       4.947177121334966E-147  1.636082683722728E-148
   494.361306854918      -2.312848804936521E-148 -1.312936817157149E-147
   495.154187860299      -3.410654801485726E-148  1.244433223244463E-148
   495.947068865680       4.809738465526560E-149  8.821165100267327E-149
   496.739949871060       2.291781185659383E-149 -1.666913703017460E-149
   497.532830876441      -5.530753955922277E-150 -5.992704691604048E-150
   498.325711881822      -1.570570222463212E-150  1.804642270209980E-150
   499.118592887203       5.856585920256644E-151  4.084225763406475E-151
   499.911473892583       1.035957743262563E-151 -1.896836129347026E-151
   500.704354897964      -6.124599428641808E-152 -2.489414982471752E-152
   501.497235903345      -5.345939820597238E-153  1.964061649828629E-152
   502.290116908726       6.222481586603303E-153  8.657940955519140E-154
   503.082997914107       7.561151793240794E-156 -1.936009096756406E-153
   503.875878919487      -5.880343339247394E-154  8.047080045153375E-155
   504.668759924868       4.975248552401228E-155  1.734405695674515E-154
   505.461640930249       4.947290031801750E-155 -2.229529672406781E-155
   506.254521935630      -8.629953683639914E-156 -1.361284727883424E-155
   507.047402941010      -3.610329134873874E-156  3.047272215989947E-156
   507.840283946391       1.007074728906053E-156  9.236812659210434E-157
   508.633164951772       2.284248372689744E-157 -3.163418012971941E-157
   509.426045957153      -9.545673097896877E-158 -5.472166629602125E-158
   510.218926962534      -1.270636571417025E-158  2.787312107821648E-158
   511.011807967914       7.906253323150653E-159  2.847677103037797E-159
   511.804688973295       6.067768596025400E-160 -2.176803259635480E-159
   512.597569978676      -5.771235243671723E-160 -1.182340050273140E-160
   513.390450984057      -1.903601310984155E-161  1.443630837009797E-160
   514.183331989437       3.255915302964984E-161  1.715717360651276E-162
   514.976212994818      -2.395932270194964E-163 -5.942257231821642E-162
   515.769094000199      -6.206462674927774E-163  9.698401923861124E-164
   516.561975005580       3.564110041707181E-190  1.157957409990377E-189
