   -0.899884786E+00   -0.333944511E+00    0.304688457E-14
   -0.899884786E+00   -0.333944511E+00    0.304688457E-14
   -0.183077179E+01    0.133724287E+00   -0.465771309E-13
    0.170805974E+00   -0.752787851E+00    0.107539138E-13
   -0.849636718E-12    0.268416540E-12   -0.122449974E+00
    0.671370475E-02   -0.136874041E+01   -0.179023297E-13
   -0.969070533E+00   -0.139433641E+00    0.129410299E-12
   -0.741315443E-13    0.152895846E-12   -0.282073204E+00
   -0.186925667E+00    0.285730478E+00   -0.494421130E-13
    0.201235997E+01   -0.672859946E-01    0.117478478E-12
   -0.178143424E-11    0.434841859E-12   -0.137084861E+00
    0.924674082E+00    0.160138024E+00   -0.334695463E-13
   -0.151145656E+00    0.303294501E+00   -0.396708744E-13
    0.721755174E-12   -0.200516163E-12    0.137242936E+00
    0.999857862E+00    0.506168807E-01    0.800759426E-13
   -0.316229527E+00    0.712406261E+00   -0.812021417E-13
    0.122526664E-11   -0.496980345E-12    0.344731893E+00
    0.126349135E+01    0.645210840E+00    0.396584914E-13
   -0.618592900E+00    0.335847402E+00   -0.617150940E-13
    0.253193729E-11   -0.743596199E-12    0.612133071E+00
   -0.398886539E+00   -0.375957574E+00    0.116731939E-13
   -0.444097297E+00   -0.224137934E+00   -0.241528437E-13
    0.600780231E-13   -0.347916373E-13   -0.238466589E+00
   -0.596152364E+00    0.551995242E+00    0.112255198E-13
    0.398716460E+00   -0.225101613E+00   -0.385862124E-13
   -0.155996134E-11    0.499599046E-12   -0.230913602E+00
   -0.209751185E-01   -0.335124409E-01   -0.759805328E-14
   -0.267908737E-01    0.436834826E-01   -0.433247437E-14
    0.364735623E-12   -0.149202249E-12    0.939190594E-01
    0.706769298E-02   -0.114470694E-01    0.706785764E-14
    0.567233974E-01    0.459271789E-01   -0.861798791E-14
   -0.375072814E-12    0.142247599E-12   -0.118313020E+00
   -0.390503451E-01   -0.122172351E-01    0.101346388E-14
   -0.710514763E-02    0.244295212E-01   -0.921052399E-16
   -0.210999979E-12    0.106254801E-12   -0.494937160E-01
   -0.128608562E+00    0.188692828E-02   -0.758240321E-15
    0.240203725E-01   -0.488631221E-01    0.219399075E-14
    0.367632704E-12   -0.121306732E-12    0.529027173E-01
   -0.434313315E-03   -0.274279520E-01    0.503294430E-14
   -0.129594243E+00   -0.797819062E-02   -0.146694798E-14
   -0.420168817E-12    0.142137634E-12   -0.621347133E-01
