    0.359491036E-14    0.505140715E-14   -0.231450414E+00
    0.359491036E-14    0.505140715E-14   -0.231450414E+00
   -0.252319517E-12    0.168972746E-13   -0.213672479E+00
    0.110289060E-12   -0.211273411E-13    0.558272120E-01
   -0.118729216E+01    0.232644608E+00    0.840237565E-14
   -0.678538195E-13    0.191444944E-13    0.179747137E+00
    0.784451240E-12   -0.182892183E-12    0.992761945E+00
   -0.128841978E-01    0.362524898E-01   -0.573163295E-13
   -0.352300863E-12    0.662509995E-13   -0.788225695E+00
    0.743795690E-12   -0.181721115E-12    0.135955402E+01
   -0.254323254E+01    0.312391849E+00    0.125604034E-12
   -0.739137535E-13    0.889933540E-13   -0.115617605E+00
   -0.266388477E-12    0.671388070E-13   -0.556190855E+00
    0.103142384E+01   -0.188844809E+00    0.128364131E-13
    0.435502606E-12   -0.930936980E-13    0.372859623E+00
   -0.527837195E-12    0.122740354E-12   -0.565188590E+00
    0.159141991E+01   -0.343652937E+00   -0.504543790E-13
    0.176537579E-12   -0.556470195E-13    0.118356525E+00
   -0.398069912E-12    0.917252790E-13   -0.637651515E+00
    0.365357360E+01   -0.765815890E+00   -0.142042793E-12
    0.150586327E-12   -0.309068298E-13    0.484722396E+00
   -0.178445376E-12    0.349641773E-13   -0.119979609E+00
   -0.187254917E-01    0.122477263E+00    0.151069514E-13
    0.204651284E-13   -0.165111792E-13   -0.500307515E-01
   -0.227584172E-12    0.567412070E-13   -0.264896462E+00
   -0.220265750E+01    0.480504075E+00    0.816510940E-13
   -0.292863290E-13    0.654608050E-14   -0.496144369E-01
   -0.170120625E-13    0.291632746E-14   -0.514083620E-01
    0.473564501E+00   -0.145868633E+00    0.184161213E-13
   -0.916549395E-15   -0.751328940E-14    0.806478050E-03
   -0.299832992E-13    0.107309825E-13   -0.366183961E-01
   -0.456037941E+00    0.111967858E+00    0.419933521E-15
    0.140634345E-14   -0.362088960E-16    0.329379027E-02
   -0.403096496E-14    0.364757044E-15   -0.271471849E-01
   -0.268888888E+00    0.669982060E-01    0.690267940E-14
   -0.116388477E-13   -0.113506721E-14   -0.572011215E-02
    0.257634699E-13   -0.273285216E-14    0.427500316E-01
    0.576804500E+00   -0.167993193E+00   -0.445175608E-13
    0.373169568E-14   -0.214025939E-14    0.332277444E-01
   -0.579664960E-14    0.115159951E-14   -0.959818320E-01
   -0.607200260E+00    0.153108703E+00    0.249914605E-13
