 -4.866343443753592E-012
  3.873317692244080E-010
 -1.992858061358026E-010
  -127.665594829355     
  1.991220920173698E-011
 -3.005934913662637E-011
   17.7483564967493     
 -4.010853626763062E-012
  0.237552736737658     
  -17.6103690927154     
 -4.768119176590200E-012
 -4.481546885699586E-012
   6.48181376984555     
 -3.410875688042024E-012
   14.4935744600940     
  -4.94302059647856     
   6.24240767362307     
   10.1942773974297     
  -7.66092225124574     
  -4.37185150329782     
  -9.40827134195169     
 -0.325004636058391     
   4.29276571169425     
  -9.56839179533280     
   7.11301869402252     
  -4.64825325609578     
  0.862315871938733     
 -0.311652106998420     
 -0.192612103953132     
  0.354586320370399     
