     4.00000    -0.10083808E-12
     4.00400    -0.95890472E-13
     4.00800    -0.98235264E-13
     4.01200    -0.98907280E-13
     4.01600    -0.85311827E-13
     4.02000    -0.80503107E-13
     4.02400    -0.86772014E-13
     4.02800    -0.91640882E-13
     4.03200    -0.74766226E-13
     4.03600    -0.79090093E-13
     4.04000    -0.83558212E-13
     4.04400    -0.76247095E-13
     4.04800    -0.68745794E-13
     4.05200    -0.66026863E-13
     4.05600    -0.69417312E-13
     4.06000    -0.71674920E-13
     4.06400    -0.65068234E-13
     4.06800    -0.61102455E-13
     4.07200    -0.69234639E-13
     4.07600    -0.65609280E-13
     4.08000    -0.54273239E-13
     4.08400    -0.55295643E-13
     4.08800    -0.62556046E-13
     4.09200    -0.49703058E-13
     4.09600    -0.50746527E-13
     4.10000    -0.63703200E-13
     4.10400    -0.59047802E-13
     4.10800    -0.48178891E-13
     4.11200    -0.60958198E-13
     4.11600    -0.54773363E-13
     4.12000    -0.53103599E-13
     4.12400    -0.56699489E-13
     4.12800    -0.57758541E-13
     4.13200    -0.44528462E-13
     4.13600    -0.53184927E-13
     4.14000    -0.60077165E-13
     4.14400    -0.57176949E-13
     4.14800    -0.60930556E-13
     4.15200    -0.53435873E-13
     4.15600    -0.43815114E-13
     4.16000    -0.49177379E-13
     4.16400    -0.55052934E-13
     4.16800    -0.57292535E-13
     4.17200    -0.51278573E-13
     4.17600    -0.49887624E-13
     4.18000    -0.50968482E-13
     4.18400    -0.51494872E-13
     4.18800    -0.54771798E-13
     4.19200    -0.51023952E-13
     4.19600    -0.48851139E-13
     4.20000    -0.48382348E-13
     4.20400    -0.49629943E-13
     4.20800    -0.46578389E-13
     4.21200    -0.48208070E-13
     4.21600    -0.48364184E-13
     4.22000    -0.46640916E-13
     4.22400    -0.45557166E-13
     4.22800    -0.47661771E-13
     4.23200    -0.45266565E-13
     4.23600    -0.49440460E-13
     4.24000    -0.41736684E-13
     4.24400    -0.44860001E-13
     4.24800    -0.52125607E-13
     4.25200    -0.45653133E-13
     4.25600    -0.42797548E-13
     4.26000    -0.49625972E-13
     4.26400    -0.53297097E-13
     4.26800    -0.43099452E-13
     4.27200    -0.41425783E-13
     4.27600    -0.44212205E-13
     4.28000    -0.48130348E-13
     4.28400    -0.51807192E-13
     4.28800    -0.44963511E-13
     4.29200    -0.42568913E-13
     4.29600    -0.40396401E-13
     4.30000    -0.45131481E-13
     4.30400    -0.46622095E-13
     4.30800    -0.46795788E-13
     4.31200    -0.38211720E-13
     4.31600    -0.45749588E-13
     4.32000    -0.51907608E-13
     4.32400    -0.41246211E-13
     4.32800    -0.35907270E-13
     4.33200    -0.39157751E-13
     4.33600    -0.40157962E-13
     4.34000    -0.41086464E-13
     4.34400    -0.40057399E-13
     4.34800    -0.46701117E-13
     4.35200    -0.36589249E-13
     4.35600    -0.43961996E-13
     4.36000    -0.36216105E-13
     4.36400    -0.39645709E-13
     4.36800    -0.41476863E-13
     4.37200    -0.36861574E-13
     4.37600    -0.45068176E-13
     4.38000    -0.39800162E-13
     4.38400    -0.41160328E-13
     4.38800    -0.37975614E-13
     4.39200    -0.41740376E-13
     4.39600    -0.30929930E-13
     4.40000    -0.31630470E-13
     4.40400    -0.36360637E-13
     4.40800    -0.36869625E-13
     4.41200    -0.39272517E-13
     4.41600    -0.30168070E-13
     4.42000    -0.30784327E-13
     4.42400    -0.35780333E-13
     4.42800    -0.31960518E-13
     4.43200    -0.39109908E-13
     4.43600    -0.30404401E-13
     4.44000    -0.28874490E-13
     4.44400    -0.32407748E-13
     4.44800    -0.35861847E-13
     4.45200    -0.36618749E-13
     4.45600    -0.36390502E-13
     4.46000    -0.36346058E-13
     4.46400    -0.35640267E-13
     4.46800    -0.30942456E-13
     4.47200    -0.37776804E-13
     4.47600    -0.36832207E-13
     4.48000    -0.35791225E-13
     4.48400    -0.37110289E-13
     4.48800    -0.29620828E-13
     4.49200    -0.28083548E-13
     4.49600    -0.34005446E-13
     4.50000    -0.45054109E-13
     4.50400    -0.36830648E-13
     4.50800    -0.25213662E-13
     4.51200    -0.26036475E-13
     4.51600    -0.31092023E-13
     4.52000    -0.44062375E-13
     4.52400    -0.37802849E-13
     4.52800    -0.22314406E-13
     4.53200    -0.30790174E-13
     4.53600    -0.33138933E-13
     4.54000    -0.37826839E-13
     4.54400    -0.35552887E-13
     4.54800    -0.35495933E-13
     4.55200    -0.39169336E-13
     4.55600    -0.30340703E-13
     4.56000    -0.38409650E-13
     4.56400    -0.36449208E-13
     4.56800    -0.40769293E-13
     4.57200    -0.37489260E-13
     4.57600    -0.38019968E-13
     4.58000    -0.47474538E-13
     4.58400    -0.36424952E-13
     4.58800    -0.32503771E-13
     4.59200    -0.43537446E-13
     4.59600    -0.51489015E-13
     4.60000    -0.49215592E-13
     4.60400    -0.39526058E-13
     4.60800    -0.37446872E-13
     4.61200    -0.32420943E-13
     4.61600    -0.41067081E-13
     4.62000    -0.48780474E-13
     4.62400    -0.50605920E-13
     4.62800    -0.44282301E-13
     4.63200    -0.47167734E-13
     4.63600    -0.49143556E-13
     4.64000    -0.34950771E-13
     4.64400    -0.42651628E-13
     4.64800    -0.49676251E-13
     4.65200    -0.47030734E-13
     4.65600    -0.54324935E-13
     4.66000    -0.53925141E-13
     4.66400    -0.48228570E-13
     4.66800    -0.58005810E-13
     4.67200    -0.51037610E-13
     4.67600    -0.44957990E-13
     4.68000    -0.46662252E-13
     4.68400    -0.48488304E-13
     4.68800    -0.61265806E-13
     4.69200    -0.62358157E-13
     4.69600    -0.61937789E-13
     4.70000    -0.57233006E-13
     4.70400    -0.51887502E-13
     4.70800    -0.52270039E-13
     4.71200    -0.60409215E-13
     4.71600    -0.62843410E-13
     4.72000    -0.62625303E-13
     4.72400    -0.56316525E-13
     4.72800    -0.54306340E-13
     4.73200    -0.56521392E-13
     4.73600    -0.66487409E-13
     4.74000    -0.69416698E-13
     4.74400    -0.63235296E-13
     4.74800    -0.45634116E-13
     4.75200    -0.27172682E-13
     4.75600     0.12712051E-13
     4.76000     0.13674355E-12
     4.76400     0.42589412E-12
     4.76800     0.10934001E-11
     4.77200     0.26159229E-11
     4.77600     0.60659852E-11
     4.78000     0.13755649E-10
     4.78400     0.30692304E-10
     4.78800     0.67468550E-10
     4.79200     0.14625575E-09
     4.79600     0.31283129E-09
     4.80000     0.66025652E-09
     4.80400     0.13752232E-08
     4.80800     0.28270149E-08
     4.81200     0.57358483E-08
     4.81600     0.11486934E-07
     4.82000     0.22707435E-07
     4.82400     0.44310703E-07
     4.82800     0.85358402E-07
     4.83200     0.16233128E-06
     4.83600     0.30478841E-06
     4.84000     0.56501253E-06
     4.84400     0.10342014E-05
     4.84800     0.18692387E-05
     4.85200     0.33362852E-05
     4.85600     0.58806823E-05
     4.86000     0.10237334E-04
     4.86400     0.17602338E-04
     4.86800     0.29895719E-04
     4.87200     0.50157381E-04
     4.87600     0.83134486E-04
     4.88000     0.13613902E-03
     4.88400     0.22027991E-03
     4.88800     0.35220458E-03
     4.89200     0.55652066E-03
     4.89600     0.86910712E-03
     4.90000     0.13415655E-02
     4.90400     0.20470999E-02
     4.90800     0.30881484E-02
     4.91200     0.46061042E-02
     4.91600     0.67934691E-02
     4.92000     0.99087456E-02
     4.92400     0.14294308E-01
     4.92800     0.20397375E-01
     4.93200     0.28794040E-01
     4.93600     0.40216074E-01
     4.94000     0.55579951E-01
     4.94400     0.76017193E-01
     4.94800     0.10290476    
     4.95200     0.13789387    
     4.95600     0.18293514    
     4.96000     0.24029783    
     4.96400     0.31258056    
     4.96800     0.40271086    
     4.97200     0.51393097    
     4.97600     0.64976774    
     4.98000     0.81398471    
     4.98400      1.0105154    
     4.98800      1.2433780    
     4.99200      1.5165715    
     4.99600      1.8339576    
     5.00000      2.1991286    
     5.00400      2.6152698    
     5.00800      3.0850182    
     5.01200      3.6103274    
     5.01600      4.1923424    
     5.02000      4.8312941    
     5.02400      5.5264171    
     5.02800      6.2758988    
     5.03200      7.0768625    
     5.03600      7.9253884    
     5.04000      8.8165728    
     5.04400      9.7446246    
     5.04800      10.702996    
     5.05200      11.684546    
     5.05600      12.681720    
     5.06000      13.686757    
     5.06400      14.691895    
     5.06800      15.689582    
     5.07200      16.672677    
     5.07600      17.634631    
     5.08000      18.569658    
     5.08400      19.472860    
     5.08800      20.340337    
     5.09200      21.169251    
     5.09600      21.957866    
     5.10000      22.705540    
     5.10400      23.412703    
     5.10800      24.080787    
     5.11200      24.712144    
     5.11600      25.309940    
     5.12000      25.878027    
     5.12400      26.420813    
     5.12800      26.943120    
     5.13200      27.450037    
     5.13600      27.946784    
     5.14000      28.438573    
     5.14400      28.930488    
     5.14800      29.427364    
     5.15200      29.933692    
     5.15600      30.453538    
     5.16000      30.990471    
     5.16400      31.547518    
     5.16800      32.127131    
     5.17200      32.731172    
     5.17600      33.360912    
     5.18000      34.017044    
     5.18400      34.699711    
     5.18800      35.408537    
     5.19200      36.142666    
     5.19600      36.900812    
     5.20000      37.681301    
     5.20400      38.482118    
     5.20800      39.300953    
     5.21200      40.135243    
     5.21600      40.982205    
     5.22000      41.838877    
     5.22400      42.702142    
     5.22800      43.568762    
     5.23200      44.435401    
     5.23600      45.298650    
     5.24000      46.155062    
     5.24400      47.001176    
     5.24800      47.833550    
     5.25200      48.648803    
     5.25600      49.443655    
     5.26000      50.214967    
     5.26400      50.959796    
     5.26800      51.675435    
     5.27200      52.359466    
     5.27600      53.009805    
     5.28000      53.624737    
     5.28400      54.202957    
     5.28800      54.743588    
     5.29200      55.246205    
     5.29600      55.710833    
     5.30000      56.137942    
     5.30400      56.528433    
     5.30800      56.883608    
     5.31200      57.205130    
     5.31600      57.494978    
     5.32000      57.755395    
     5.32400      57.988828    
     5.32800      58.197865    
     5.33200      58.385175    
     5.33600      58.553446    
     5.34000      58.705322    
     5.34400      58.843350    
     5.34800      58.969931    
     5.35200      59.087269    
     5.35600      59.197342    
     5.36000      59.301868    
     5.36400      59.402281    
     5.36800      59.499722    
     5.37200      59.595031    
     5.37600      59.688748    
     5.38000      59.781122    
     5.38400      59.872122    
     5.38800      59.961466    
     5.39200      60.048636    
     5.39600      60.132912    
     5.40000      60.213402    
     5.40400      60.289073    
     5.40800      60.358787    
     5.41200      60.421331    
     5.41600      60.475449    
     5.42000      60.519875    
     5.42400      60.553356    
     5.42800      60.574676    
     5.43200      60.582683    
     5.43600      60.576299    
     5.44000      60.554539    
     5.44400      60.516522    
     5.44800      60.461476    
     5.45200      60.388749    
     5.45600      60.297810    
     5.46000      60.188250    
     5.46400      60.059786    
     5.46800      59.912257    
     5.47200      59.745624    
     5.47600      59.559968    
     5.48000      59.355486    
     5.48400      59.132489    
     5.48800      58.891393    
     5.49200      58.632717    
     5.49600      58.357079    
     5.50000      58.065179    
     5.50400      57.757801    
     5.50800      57.435796    
     5.51200      57.100071    
     5.51600      56.751581    
     5.52000      56.391314    
     5.52400      56.020277    
     5.52800      55.639481    
     5.53200      55.249931    
     5.53600      54.852609    
     5.54000      54.448465    
     5.54400      54.038402    
     5.54800      53.623266    
     5.55200      53.203839    
     5.55600      52.780830    
     5.56000      52.354870    
     5.56400      51.926508    
     5.56800      51.496209    
     5.57200      51.064356    
     5.57600      50.631246    
     5.58000      50.197101    
     5.58400      49.762067    
     5.58800      49.326222    
     5.59200      48.889582    
     5.59600      48.452109    
     5.60000      48.013723    
     5.60400      47.574304    
     5.60800      47.133706    
     5.61200      46.691765    
     5.61600      46.248308    
     5.62000      45.803157    
     5.62400      45.356144    
     5.62800      44.907110    
     5.63200      44.455917    
     5.63600      44.002449    
     5.64000      43.546619    
     5.64400      43.088371    
     5.64800      42.627681    
     5.65200      42.164559    
     5.65600      41.699050    
     5.66000      41.231232    
     5.66400      40.761217    
     5.66800      40.289148    
     5.67200      39.815197    
     5.67600      39.339562    
     5.68000      38.862464    
     5.68400      38.384147    
     5.68800      37.904871    
     5.69200      37.424912    
     5.69600      36.944557    
     5.70000      36.464100    
     5.70400      35.983844    
     5.70800      35.504092    
     5.71200      35.025149    
     5.71600      34.547314    
     5.72000      34.070886    
     5.72400      33.596152    
     5.72800      33.123391    
     5.73200      32.652871    
     5.73600      32.184845    
     5.74000      31.719550    
     5.74400      31.257210    
     5.74800      30.798026    
     5.75200      30.342185    
     5.75600      29.889851    
     5.76000      29.441171    
     5.76400      28.996269    
     5.76800      28.555253    
     5.77200      28.118209    
     5.77600      27.685206    
     5.78000      27.256297    
     5.78400      26.831517    
     5.78800      26.410886    
     5.79200      25.994414    
     5.79600      25.582095    
     5.80000      25.173917    
     5.80400      24.769859    
     5.80800      24.369893    
     5.81200      23.973987    
     5.81600      23.582106    
     5.82000      23.194213    
     5.82400      22.810273    
     5.82800      22.430249    
     5.83200      22.054109    
     5.83600      21.681825    
     5.84000      21.313369    
     5.84400      20.948723    
     5.84800      20.587870    
     5.85200      20.230801    
     5.85600      19.877509    
     5.86000      19.527996    
     5.86400      19.182267    
     5.86800      18.840331    
     5.87200      18.502203    
     5.87600      18.167901    
     5.88000      17.837445    
     5.88400      17.510859    
     5.88800      17.188167    
     5.89200      16.869396    
     5.89600      16.554573    
     5.90000      16.243722    
     5.90400      15.936871    
     5.90800      15.634042    
     5.91200      15.335260    
     5.91600      15.040542    
     5.92000      14.749908    
     5.92400      14.463371    
     5.92800      14.180942    
     5.93200      13.902628    
     5.93600      13.628434    
     5.94000      13.358358    
     5.94400      13.092398    
     5.94800      12.830543    
     5.95200      12.572783    
     5.95600      12.319101    
     5.96000      12.069478    
     5.96400      11.823890    
     5.96800      11.582309    
     5.97200      11.344706    
     5.97600      11.111048    
     5.98000      10.881298    
     5.98400      10.655417    
     5.98800      10.433365    
     5.99200      10.215098    
     5.99600      10.000573    
     6.00000      9.7897425    
     6.00400      9.5825606    
     6.00800      9.3789794    
     6.01200      9.1789508    
     6.01600      8.9824263    
     6.02000      8.7893575    
     6.02400      8.5996965    
     6.02800      8.4133956    
     6.03200      8.2304076    
     6.03600      8.0506863    
     6.04000      7.8741862    
     6.04400      7.7008628    
     6.04800      7.5306727    
     6.05200      7.3635734    
     6.05600      7.1995236    
     6.06000      7.0384827    
     6.06400      6.8804116    
     6.06800      6.7252718    
     6.07200      6.5730258    
     6.07600      6.4236370    
     6.08000      6.2770693    
     6.08400      6.1332874    
     6.08800      5.9922565    
     6.09200      5.8539424    
     6.09600      5.7183110    
     6.10000      5.5853285    
     6.10400      5.4549614    
     6.10800      5.3271762    
     6.11200      5.2019395    
     6.11600      5.0792178    
     6.12000      4.9589774    
     6.12400      4.8411846    
     6.12800      4.7258055    
     6.13200      4.6128061    
     6.13600      4.5021520    
     6.14000      4.3938087    
     6.14400      4.2877414    
     6.14800      4.1839154    
     6.15200      4.0822954    
     6.15600      3.9828462    
     6.16000      3.8855325    
     6.16400      3.7903187    
     6.16800      3.6971694    
     6.17200      3.6060489    
     6.17600      3.5169218    
     6.18000      3.4297526    
     6.18400      3.3445060    
     6.18800      3.2611469    
     6.19200      3.1796402    
     6.19600      3.0999512    
     6.20000      3.0220454    
     6.20400      2.9458889    
     6.20800      2.8714478    
     6.21200      2.7986888    
     6.21600      2.7275789    
     6.22000      2.6580858    
     6.22400      2.5901775    
     6.22800      2.5238224    
     6.23200      2.4589896    
     6.23600      2.3956487    
     6.24000      2.3337699    
     6.24400      2.2733237    
     6.24800      2.2142815    
     6.25200      2.1566149    
     6.25600      2.1002963    
     6.26000      2.0452986    
     6.26400      1.9915951    
     6.26800      1.9391596    
     6.27200      1.8879667    
     6.27600      1.8379911    
     6.28000      1.7892083    
     6.28400      1.7415940    
     6.28800      1.6951245    
     6.29200      1.6497765    
     6.29600      1.6055270    
     6.30000      1.5623534    
     6.30400      1.5202338    
     6.30800      1.4791461    
     6.31200      1.4390691    
     6.31600      1.3999815    
     6.32000      1.3618626    
     6.32400      1.3246919    
     6.32800      1.2884492    
     6.33200      1.2531146    
     6.33600      1.2186687    
     6.34000      1.1850920    
     6.34400      1.1523655    
     6.34800      1.1204706    
     6.35200      1.0893889    
     6.35600      1.0591020    
     6.36000      1.0295922    
     6.36400      1.0008419    
     6.36800     0.97283379    
     6.37200     0.94555076    
     6.37600     0.91897610    
     6.38000     0.89309334    
     6.38400     0.86788632    
     6.38800     0.84333915    
     6.39200     0.81943623    
     6.39600     0.79616226    
     6.40000     0.77350222    
     6.40400     0.75144140    
     6.40800     0.72996537    
     6.41200     0.70905998    
     6.41600     0.68871140    
     6.42000     0.66890607    
     6.42400     0.64963071    
     6.42800     0.63087236    
     6.43200     0.61261829    
     6.43600     0.59485610    
     6.44000     0.57757364    
     6.44400     0.56075905    
     6.44800     0.54440071    
     6.45200     0.52848729    
     6.45600     0.51300772    
     6.46000     0.49795117    
     6.46400     0.48330707    
     6.46800     0.46906509    
     6.47200     0.45521513    
     6.47600     0.44174735    
     6.48000     0.42865211    
     6.48400     0.41592001    
     6.48800     0.40354185    
     6.49200     0.39150867    
     6.49600     0.37981167    
     6.50000     0.36844230    
     6.50400     0.35739218    
     6.50800     0.34665312    
     6.51200     0.33621712    
     6.51600     0.32607636    
     6.52000     0.31622322    
     6.52400     0.30665020    
     6.52800     0.29735003    
     6.53200     0.28831556    
     6.53600     0.27953983    
     6.54000     0.27101601    
     6.54400     0.26273746    
     6.54800     0.25469767    
     6.55200     0.24689028    
     6.55600     0.23930909    
     6.56000     0.23194802    
     6.56400     0.22480115    
     6.56800     0.21786270    
     6.57200     0.21112702    
     6.57600     0.20458858    
     6.58000     0.19824202    
     6.58400     0.19208208    
     6.58800     0.18610363    
     6.59200     0.18030167    
     6.59600     0.17467132    
     6.60000     0.16920783    
     6.60400     0.16390656    
     6.60800     0.15876300    
     6.61200     0.15377273    
     6.61600     0.14893146    
     6.62000     0.14423502    
     6.62400     0.13967932    
     6.62800     0.13526039    
     6.63200     0.13097438    
     6.63600     0.12681751    
     6.64000     0.12278613    
     6.64400     0.11887667    
     6.64800     0.11508564    
     6.65200     0.11140968    
     6.65600     0.10784549    
     6.66000     0.10438988    
     6.66400     0.10103972    
     6.66800     0.97791979E-01
     6.67200     0.94643718E-01
     6.67600     0.91592062E-01
     6.68000     0.88634218E-01
     6.68400     0.85767470E-01
     6.68800     0.82989176E-01
     6.69200     0.80296763E-01
     6.69600     0.77687730E-01
     6.70000     0.75159645E-01
     6.70400     0.72710139E-01
     6.70800     0.70336910E-01
     6.71200     0.68037718E-01
     6.71600     0.65810385E-01
     6.72000     0.63652791E-01
     6.72400     0.61562873E-01
     6.72800     0.59538629E-01
     6.73200     0.57578106E-01
     6.73600     0.55679409E-01
     6.74000     0.53840694E-01
     6.74400     0.52060167E-01
     6.74800     0.50336083E-01
     6.75200     0.48666748E-01
     6.75600     0.47050513E-01
     6.76000     0.45485775E-01
     6.76400     0.43970977E-01
     6.76800     0.42504604E-01
     6.77200     0.41085185E-01
     6.77600     0.39711289E-01
     6.78000     0.38381528E-01
     6.78400     0.37094551E-01
     6.78800     0.35849046E-01
     6.79200     0.34643740E-01
     6.79600     0.33477394E-01
     6.80000     0.32348809E-01
     6.80400     0.31256815E-01
     6.80800     0.30200281E-01
     6.81200     0.29178107E-01
     6.81600     0.28189223E-01
     6.82000     0.27232595E-01
     6.82400     0.26307216E-01
     6.82800     0.25412109E-01
     6.83200     0.24546327E-01
     6.83600     0.23708951E-01
     6.84000     0.22899089E-01
     6.84400     0.22115875E-01
     6.84800     0.21358470E-01
     6.85200     0.20626060E-01
     6.85600     0.19917856E-01
     6.86000     0.19233090E-01
     6.86400     0.18571020E-01
     6.86800     0.17930925E-01
     6.87200     0.17312108E-01
     6.87600     0.16713890E-01
     6.88000     0.16135614E-01
     6.88400     0.15576644E-01
     6.88800     0.15036361E-01
     6.89200     0.14514168E-01
     6.89600     0.14009484E-01
     6.90000     0.13521745E-01
     6.90400     0.13050407E-01
     6.90800     0.12594941E-01
     6.91200     0.12154834E-01
     6.91600     0.11729589E-01
     6.92000     0.11318725E-01
     6.92400     0.10921775E-01
     6.92800     0.10538287E-01
     6.93200     0.10167822E-01
     6.93600     0.98099560E-02
     6.94000     0.94642768E-02
     6.94400     0.91303858E-02
     6.94800     0.88078965E-02
     6.95200     0.84964345E-02
     6.95600     0.81956371E-02
     6.96000     0.79051531E-02
     6.96400     0.76246419E-02
     6.96800     0.73537739E-02
     6.97200     0.70922299E-02
     6.97600     0.68397006E-02
     6.98000     0.65958866E-02
     6.98400     0.63604978E-02
     6.98800     0.61332536E-02
     6.99200     0.59138821E-02
     6.99600     0.57021201E-02
     7.00000     0.54977128E-02
     7.00400     0.53004138E-02
     7.00800     0.51099842E-02
     7.01200     0.49261931E-02
     7.01600     0.47488169E-02
     7.02000     0.45776393E-02
     7.02400     0.44124509E-02
     7.02800     0.42530493E-02
     7.03200     0.40992383E-02
     7.03600     0.39508286E-02
     7.04000     0.38076366E-02
     7.04400     0.36694849E-02
     7.04800     0.35362019E-02
     7.05200     0.34076218E-02
     7.05600     0.32835838E-02
     7.06000     0.31639329E-02
     7.06400     0.30485188E-02
     7.06800     0.29371964E-02
     7.07200     0.28298253E-02
     7.07600     0.27262697E-02
     7.08000     0.26263984E-02
     7.08400     0.25300846E-02
     7.08800     0.24372055E-02
     7.09200     0.23476425E-02
     7.09600     0.22612811E-02
     7.10000     0.21780103E-02
     7.10400     0.20977230E-02
     7.10800     0.20203157E-02
     7.11200     0.19456884E-02
     7.11600     0.18737442E-02
     7.12000     0.18043896E-02
     7.12400     0.17375344E-02
     7.12800     0.16730913E-02
     7.13200     0.16109758E-02
     7.13600     0.15511064E-02
     7.14000     0.14934044E-02
     7.14400     0.14377937E-02
     7.14800     0.13842006E-02
     7.15200     0.13325543E-02
     7.15600     0.12827859E-02
     7.16000     0.12348294E-02
     7.16400     0.11886205E-02
     7.16800     0.11440976E-02
     7.17200     0.11012007E-02
     7.17600     0.10598723E-02
     7.18000     0.10200566E-02
     7.18400     0.98169975E-03
     7.18800     0.94474986E-03
     7.19200     0.90915674E-03
     7.19600     0.87487195E-03
     7.20000     0.84184871E-03
     7.20400     0.81004188E-03
     7.20800     0.77940787E-03
     7.21200     0.74990460E-03
     7.21600     0.72149147E-03
     7.22000     0.69412926E-03
     7.22400     0.66778015E-03
     7.22800     0.64240763E-03
     7.23200     0.61797645E-03
     7.23600     0.59445261E-03
     7.24000     0.57180329E-03
     7.24400     0.54999685E-03
     7.24800     0.52900272E-03
     7.25200     0.50879143E-03
     7.25600     0.48933456E-03
     7.26000     0.47060466E-03
     7.26400     0.45257527E-03
     7.26800     0.43522086E-03
     7.27200     0.41851682E-03
     7.27600     0.40243939E-03
     7.28000     0.38696566E-03
     7.28400     0.37207354E-03
     7.28800     0.35774172E-03
     7.29200     0.34394964E-03
     7.29600     0.33067750E-03
     7.30000     0.31790618E-03
     7.30400     0.30561726E-03
     7.30800     0.29379297E-03
     7.31200     0.28241617E-03
     7.31600     0.27147034E-03
     7.32000     0.26093957E-03
     7.32400     0.25080850E-03
     7.32800     0.24106232E-03
     7.33200     0.23168678E-03
     7.33600     0.22266811E-03
     7.34000     0.21399305E-03
     7.34400     0.20564884E-03
     7.34800     0.19762315E-03
     7.35200     0.18990411E-03
     7.35600     0.18248028E-03
     7.36000     0.17534063E-03
     7.36400     0.16847455E-03
     7.36800     0.16187179E-03
     7.37200     0.15552248E-03
     7.37600     0.14941713E-03
     7.38000     0.14354657E-03
     7.38400     0.13790198E-03
     7.38800     0.13247485E-03
     7.39200     0.12725701E-03
     7.39600     0.12224055E-03
     7.40000     0.11741789E-03
     7.40400     0.11278169E-03
     7.40800     0.10832492E-03
     7.41200     0.10404077E-03
     7.41600     0.99922712E-04
     7.42000     0.95964445E-04
     7.42400     0.92159903E-04
     7.42800     0.88503246E-04
     7.43200     0.84988849E-04
     7.43600     0.81611296E-04
     7.44000     0.78365374E-04
     7.44400     0.75246062E-04
     7.44800     0.72248526E-04
     7.45200     0.69368114E-04
     7.45600     0.66600345E-04
     7.46000     0.63940907E-04
     7.46400     0.61385650E-04
     7.46800     0.58930578E-04
     7.47200     0.56571844E-04
     7.47600     0.54305748E-04
     7.48000     0.52128725E-04
     7.48400     0.50037349E-04
     7.48800     0.48028317E-04
     7.49200     0.46098456E-04
     7.49600     0.44244709E-04
     7.50000     0.42464136E-04
     7.50400     0.40753906E-04
     7.50800     0.39111298E-04
     7.51200     0.37533692E-04
     7.51600     0.36018567E-04
     7.52000     0.34563498E-04
     7.52400     0.33166153E-04
     7.52800     0.31824288E-04
     7.53200     0.30535742E-04
     7.53600     0.29298441E-04
     7.54000     0.28110385E-04
     7.54400     0.26969654E-04
     7.54800     0.25874398E-04
     7.55200     0.24822842E-04
     7.55600     0.23813274E-04
     7.56000     0.22844050E-04
     7.56400     0.21913590E-04
     7.56800     0.21020373E-04
     7.57200     0.20162936E-04
     7.57600     0.19339874E-04
     7.58000     0.18549834E-04
     7.58400     0.17791517E-04
     7.58800     0.17063672E-04
     7.59200     0.16365098E-04
     7.59600     0.15694640E-04
     7.60000     0.15051187E-04
     7.60400     0.14433671E-04
     7.60800     0.13841067E-04
     7.61200     0.13272387E-04
     7.61600     0.12726684E-04
     7.62000     0.12203045E-04
     7.62400     0.11700595E-04
     7.62800     0.11218493E-04
     7.63200     0.10755928E-04
     7.63600     0.10312124E-04
     7.64000     0.98863320E-05
     7.64400     0.94778354E-05
     7.64800     0.90859436E-05
     7.65200     0.87099937E-05
     7.65600     0.83493486E-05
     7.66000     0.80033962E-05
     7.66400     0.76715484E-05
     7.66800     0.73532403E-05
     7.67200     0.70479290E-05
     7.67600     0.67550930E-05
     7.68000     0.64742315E-05
     7.68400     0.62048633E-05
     7.68800     0.59465262E-05
     7.69200     0.56987761E-05
     7.69600     0.54611866E-05
     7.70000     0.52333482E-05
     7.70400     0.50148674E-05
     7.70800     0.48053664E-05
     7.71200     0.46044825E-05
     7.71600     0.44118671E-05
     7.72000     0.42271856E-05
     7.72400     0.40501168E-05
     7.72800     0.38803520E-05
     7.73200     0.37175949E-05
     7.73600     0.35615612E-05
     7.74000     0.34119776E-05
     7.74400     0.32685819E-05
     7.74800     0.31311224E-05
     7.75200     0.29993573E-05
     7.75600     0.28730546E-05
     7.76000     0.27519914E-05
     7.76400     0.26359540E-05
     7.76800     0.25247371E-05
     7.77200     0.24181436E-05
     7.77600     0.23159845E-05
     7.78000     0.22180781E-05
     7.78400     0.21242504E-05
     7.78800     0.20343339E-05
     7.79200     0.19481683E-05
     7.79600     0.18655997E-05
     7.80000     0.17864800E-05
     7.80400     0.17106677E-05
     7.80800     0.16380264E-05
     7.81200     0.15684258E-05
     7.81600     0.15017404E-05
     7.82000     0.14378500E-05
     7.82400     0.13766394E-05
     7.82800     0.13179977E-05
     7.83200     0.12618189E-05
     7.83600     0.12080011E-05
     7.84000     0.11564465E-05
     7.84400     0.11070614E-05
     7.84800     0.10597560E-05
     7.85200     0.10144439E-05
     7.85600     0.97104234E-06
     7.86000     0.92947208E-06
     7.86400     0.88965696E-06
     7.86800     0.85152396E-06
     7.87200     0.81500308E-06
     7.87600     0.78002717E-06
     7.88000     0.74653185E-06
     7.88400     0.71445533E-06
     7.88800     0.68373841E-06
     7.89200     0.65432433E-06
     7.89600     0.62615859E-06
     7.90000     0.59918901E-06
     7.90400     0.57336552E-06
     7.90800     0.54864012E-06
     7.91200     0.52496678E-06
     7.91600     0.50230140E-06
     7.92000     0.48060164E-06
     7.92400     0.45982698E-06
     7.92800     0.43993854E-06
     7.93200     0.42089905E-06
     7.93600     0.40267276E-06
     7.94000     0.38522547E-06
     7.94400     0.36852431E-06
     7.94800     0.35253786E-06
     7.95200     0.33723593E-06
     7.95600     0.32258964E-06
     7.96000     0.30857125E-06
     7.96400     0.29515428E-06
     7.96800     0.28231322E-06
     7.97200     0.27002373E-06
     7.97600     0.25826242E-06
     7.98000     0.24700691E-06
     7.98400     0.23623574E-06
     7.98800     0.22592836E-06
     7.99200     0.21606506E-06
     7.99600     0.20662696E-06
     8.00000     0.19759600E-06
     8.00400     0.18895484E-06
     8.00800     0.18068687E-06
     8.01200     0.17277620E-06
     8.01600     0.16520759E-06
     8.02000     0.15796644E-06
     8.02400     0.15103879E-06
     8.02800     0.14441122E-06
     8.03200     0.13807092E-06
     8.03600     0.13200559E-06
     8.04000     0.12620347E-06
     8.04400     0.12065329E-06
     8.04800     0.11534424E-06
     8.05200     0.11026597E-06
     8.05600     0.10540861E-06
     8.06000     0.10076265E-06
     8.06400     0.96319016E-07
     8.06800     0.92069009E-07
     8.07200     0.88004295E-07
     8.07600     0.84116901E-07
     8.08000     0.80399205E-07
     8.08400     0.76843861E-07
     8.08800     0.73443902E-07
     8.09200     0.70192594E-07
     8.09600     0.67083541E-07
     8.10000     0.64110594E-07
     8.10400     0.61267853E-07
     8.10800     0.58549710E-07
     8.11200     0.55950749E-07
     8.11600     0.53465823E-07
     8.12000     0.51089990E-07
     8.12400     0.48818516E-07
     8.12800     0.46646868E-07
     8.13200     0.44570724E-07
     8.13600     0.42585930E-07
     8.14000     0.40688521E-07
     8.14400     0.38874689E-07
     8.14800     0.37140792E-07
     8.15200     0.35483367E-07
     8.15600     0.33899070E-07
     8.16000     0.32384705E-07
     8.16400     0.30937255E-07
     8.16800     0.29553759E-07
     8.17200     0.28231453E-07
     8.17600     0.26967644E-07
     8.18000     0.25759798E-07
     8.18400     0.24605433E-07
     8.18800     0.23502243E-07
     8.19200     0.22447963E-07
     8.19600     0.21440465E-07
     8.20000     0.20477684E-07
     8.20400     0.19557662E-07
     8.20800     0.18678531E-07
     8.21200     0.17838474E-07
     8.21600     0.17035821E-07
     8.22000     0.16268861E-07
     8.22400     0.15536085E-07
     8.22800     0.14835932E-07
     8.23200     0.14167011E-07
     8.23600     0.13527924E-07
     8.24000     0.12917363E-07
     8.24400     0.12334051E-07
     8.24800     0.11776823E-07
     8.25200     0.11244480E-07
     8.25600     0.10735966E-07
     8.26000     0.10250187E-07
     8.26400     0.97861684E-08
     8.26800     0.93429283E-08
     8.27200     0.89195646E-08
     8.27600     0.85151676E-08
     8.28000     0.81289287E-08
     8.28400     0.77600276E-08
     8.28800     0.74076859E-08
     8.29200     0.70711776E-08
     8.29600     0.67498039E-08
     8.30000     0.64428813E-08
     8.30400     0.61497798E-08
     8.30800     0.58698648E-08
     8.31200     0.56025582E-08
     8.31600     0.53473114E-08
     8.32000     0.51035656E-08
     8.32400     0.48708268E-08
     8.32800     0.46485850E-08
     8.33200     0.44363949E-08
     8.33600     0.42337784E-08
     8.34000     0.40403279E-08
     8.34400     0.38556257E-08
     8.34800     0.36792933E-08
     8.35200     0.35109329E-08
     8.35600     0.33502109E-08
     8.36000     0.31967532E-08
     8.36400     0.30502745E-08
     8.36800     0.29104375E-08
     8.37200     0.27769516E-08
     8.37600     0.26495174E-08
     8.38000     0.25278763E-08
     8.38400     0.24117754E-08
     8.38800     0.23009375E-08
     8.39200     0.21951632E-08
     8.39600     0.20941800E-08
     8.40000     0.19978192E-08
     8.40400     0.19058359E-08
     8.40800     0.18180471E-08
     8.41200     0.17342851E-08
     8.41600     0.16543189E-08
     8.42000     0.15780242E-08
     8.42400     0.15051964E-08
     8.42800     0.14357109E-08
     8.43200     0.13693993E-08
     8.43600     0.13061175E-08
     8.44000     0.12457278E-08
     8.44400     0.11881129E-08
     8.44800     0.11331291E-08
     8.45200     0.10806781E-08
     8.45600     0.10306213E-08
     8.46000     0.98287559E-09
     8.46400     0.93730867E-09
     8.46800     0.89382363E-09
     8.47200     0.85236092E-09
     8.47600     0.81278332E-09
     8.48000     0.77504734E-09
     8.48400     0.73903992E-09
     8.48800     0.70468001E-09
     8.49200     0.67191449E-09
     8.49600     0.64064739E-09
     8.50000     0.61083452E-09
     8.50400     0.58238967E-09
     8.50800     0.55525576E-09
     8.51200     0.52938160E-09
     8.51600     0.50468123E-09
     8.52000     0.48115251E-09
     8.52400     0.45869549E-09
     8.52800     0.43727555E-09
     8.53200     0.41685331E-09
     8.53600     0.39737169E-09
     8.54000     0.37878805E-09
     8.54400     0.36107227E-09
     8.54800     0.34417705E-09
     8.55200     0.32807186E-09
     8.55600     0.31270886E-09
     8.56000     0.29805409E-09
     8.56400     0.28408091E-09
     8.56800     0.27076107E-09
     8.57200     0.25805497E-09
     8.57600     0.24594408E-09
     8.58000     0.23439331E-09
     8.58400     0.22338064E-09
     8.58800     0.21288907E-09
     8.59200     0.20287958E-09
     8.59600     0.19333664E-09
     8.60000     0.18424034E-09
     8.60400     0.17556310E-09
     8.60800     0.16729268E-09
     8.61200     0.15941706E-09
     8.61600     0.15189650E-09
     8.62000     0.14473450E-09
     8.62400     0.13791244E-09
     8.62800     0.13139631E-09
     8.63200     0.12519814E-09
     8.63600     0.11928646E-09
     8.64000     0.11364452E-09
     8.64400     0.10827252E-09
     8.64800     0.10314846E-09
     8.65200     0.98272439E-10
     8.65600     0.93612700E-10
     8.66000     0.89183512E-10
     8.66400     0.84963000E-10
     8.66800     0.80932280E-10
     8.67200     0.77093124E-10
     8.67600     0.73432362E-10
     8.68000     0.69952285E-10
     8.68400     0.66630173E-10
     8.68800     0.63465689E-10
     8.69200     0.60451447E-10
     8.69600     0.57580391E-10
     8.70000     0.54839614E-10
     8.70400     0.52226877E-10
     8.70800     0.49749310E-10
     8.71200     0.47376021E-10
     8.71600     0.45123612E-10
     8.72000     0.42964998E-10
     8.72400     0.40921813E-10
     8.72800     0.38967900E-10
     8.73200     0.37115699E-10
     8.73600     0.35336870E-10
     8.74000     0.33653290E-10
     8.74400     0.32045683E-10
     8.74800     0.30503059E-10
     8.75200     0.29063170E-10
     8.75600     0.27664456E-10
     8.76000     0.26335301E-10
     8.76400     0.25088541E-10
     8.76800     0.23873975E-10
     8.77200     0.22739343E-10
     8.77600     0.21651827E-10
     8.78000     0.20604585E-10
     8.78400     0.19618932E-10
     8.78800     0.18680783E-10
     8.79200     0.17783934E-10
     8.79600     0.16930878E-10
     8.80000     0.16110780E-10
     8.80400     0.15342568E-10
     8.80800     0.14598423E-10
     8.81200     0.13900717E-10
     8.81600     0.13228234E-10
     8.82000     0.12587986E-10
     8.82400     0.11992442E-10
     8.82800     0.11407084E-10
     8.83200     0.10852230E-10
     8.83600     0.10339201E-10
     8.84000     0.98406823E-11
     8.84400     0.93541795E-11
     8.84800     0.89083284E-11
     8.85200     0.84855357E-11
     8.85600     0.80595394E-11
     8.86000     0.76754151E-11
     8.86400     0.73118189E-11
     8.86800     0.69481133E-11
     8.87200     0.66133283E-11
     8.87600     0.62994297E-11
     8.88000     0.59935688E-11
     8.88400     0.57006685E-11
     8.88800     0.54248537E-11
     8.89200     0.51652298E-11
     8.89600     0.49053857E-11
     8.90000     0.46726833E-11
     8.90400     0.44447166E-11
     8.90800     0.42240054E-11
     8.91200     0.40309128E-11
     8.91600     0.38301181E-11
     8.92000     0.36420553E-11
     8.92400     0.34681204E-11
     8.92800     0.32941272E-11
     8.93200     0.31355554E-11
     8.93600     0.29781674E-11
     8.94000     0.28420532E-11
     8.94400     0.27047716E-11
     8.94800     0.25623099E-11
     8.95200     0.24490042E-11
     8.95600     0.23276607E-11
     8.96000     0.21991319E-11
     8.96400     0.21057871E-11
     8.96800     0.19998253E-11
     8.97200     0.18949865E-11
     8.97600     0.18112057E-11
     8.98000     0.17208333E-11
     8.98400     0.16358825E-11
     8.98800     0.15545194E-11
     8.99200     0.14799593E-11
     8.99600     0.14052943E-11
     9.00000     0.13333707E-11
