  -516.561975005580       1.623661271332648E-189  2.130107281910871E-189
  -515.769094000199       1.879589276505864E-162 -7.725484836103926E-163
  -514.976212994818      -3.871798655567703E-162 -2.762002391829534E-161
  -514.183331989437      -2.172600958845026E-160 -2.093500598101844E-161
  -513.390450984057      -4.184408443054894E-160  1.296920355592326E-159
  -512.597569978676       6.571575509847859E-159  3.641745905926268E-159
  -511.804688973295       2.387707128603629E-158 -2.973797659320689E-158
  -511.011807967914      -1.234761128509791E-157 -1.333396712209179E-157
  -510.218926962534      -6.674079437011967E-157  4.775278135903142E-157
  -509.426045957153       1.731929804240245E-156  3.074705997739950E-156
  -508.633164951772       1.324399243145879E-155 -5.885161618308144E-156
  -507.840283946391      -1.852437811565354E-155 -5.388910162313179E-155
  -507.047402941010      -2.086578429624842E-154  5.238905717436215E-155
  -506.254521935630       1.225451747611727E-154  7.730754165445165E-154
  -505.461640930249       2.752032367536686E-153 -1.646106632570005E-154
  -504.668759924868       4.762349484875988E-154 -9.438481857787945E-153
  -503.875878919487      -3.121878639116582E-152 -5.553328654455939E-153
  -503.082997914107      -3.281223662883673E-152  9.948124510527788E-152
  -502.290116908726       3.042356468109613E-151  1.577060656793868E-151
  -501.497235903345       6.788389806577278E-151 -8.857082765629800E-151
  -500.704354897964      -2.415581037455621E-150 -2.715101678487842E-150
  -499.911473892583      -1.027406459310559E-149  5.964825582067241E-150
  -499.118592887203       1.218585540548771E-149  3.715045779785498E-149
  -498.325711881822       1.291025227049425E-148 -1.342265695043207E-149
  -497.532830876441       4.785814963782514E-149 -4.324986406864798E-148
  -496.739949871060      -1.398262956810645E-147 -4.642747872696769E-148
  -495.947068865680      -2.518247895355012E-147  4.359627117944267E-147
  -495.154187860299       1.307410428344121E-146  1.138545983167040E-146
  -494.361306854918       4.684963087637860E-146 -3.751139398657465E-146
  -493.568425849537      -1.019780031232361E-145 -1.815740154043519E-145
  -492.775544844156      -6.740967523682437E-145  2.579774845364380E-145
  -491.982663838776       5.844152520715131E-145  2.419723928479529E-144
  -491.189782833395       8.443608436203472E-144 -1.066754046188950E-144
  -490.396901828014      -8.650250925146863E-145 -2.873006450707715E-143
  -489.604020822633      -9.547190578078846E-143 -4.977848095309247E-144
  -488.811139817252      -3.863058858897730E-143  3.100496873232145E-142
  -488.018258811872       9.841848561261481E-142  1.882514038611611E-142
  -487.225377806491       7.825219256696641E-142 -3.053566931290138E-141
  -486.432496801110      -9.260222133544725E-141 -2.997957541946160E-141
  -485.639615795729      -1.092544857005439E-140  2.744948692715519E-140
  -484.846734790349       7.953080753535691E-140  3.846218780345609E-140
  -484.053853784968       1.318566554265860E-139 -2.251629068428345E-139
  -483.260972779587      -6.223663019542092E-139 -4.420789295782108E-139
  -482.468091774206      -1.452894084771493E-138  1.676489517590324E-138
  -481.675210768825       4.386652184293496E-138  4.686913137580946E-138
  -480.882329763445       1.485392927810399E-137 -1.108589656417180E-137
  -480.089448758064      -2.679187346495592E-137 -4.627944411478007E-137
  -479.296567752683      -1.418306172475600E-136  6.078981935480618E-137
  -478.503686747302       1.245421430837491E-136  4.277536279361495E-136
  -477.710805741921       1.270073799997118E-135 -2.069634168986949E-136
  -476.917924736541      -1.518928208373561E-136 -3.713669248318954E-135
  -476.125043731160      -1.069538150517158E-134 -8.318979029186336E-136
  -475.332162725779      -5.937537230920526E-135  3.034138659776047E-134
  -474.539281720398       8.477946381095902E-134  2.673958488478014E-134
  -473.746400715018       1.025522890218985E-133 -2.332752083346030E-133
  -472.953519709637      -6.318336344171641E-133 -3.610102622085040E-133
  -472.160638704256      -1.202485444422538E-132  1.683595777429521E-132
  -471.367757698875       4.409645636710392E-132  3.848369131462584E-132
  -470.574876693494       1.193728446063758E-131 -1.133896162718081E-131
  -469.781995688114      -2.857557899216446E-131 -3.608374904555548E-131
  -468.989114682733      -1.066655129347455E-130  7.040160717267484E-131
  -468.196233677352       1.689384774873677E-130  3.090845277931187E-130
  -467.403352671971       8.794075690746034E-130 -3.926188301465770E-130
  -466.610471666591      -8.756688855692078E-130 -2.459634197066277E-129
  -465.817590661210      -6.768254648734734E-129  1.844617544667385E-129
  -465.024709655829       3.555885407607894E-129  1.833377849913707E-128
  -464.231828650448       4.890334536365717E-128 -5.801082523200713E-129
  -463.438947645067      -5.810473084577089E-129 -1.284625320245190E-127
  -462.646066639687      -3.322699043269835E-127 -9.090230290279419E-129
  -461.853185634306      -8.477308888284992E-128  8.458076851555455E-127
  -461.060304628925       2.117115487996164E-126  3.696271989088652E-127
  -460.267423623544       1.311523986891531E-126 -5.204030623768570E-126
  -459.474542618163      -1.253865937446804E-125 -4.197600630930351E-126
  -458.681661612783      -1.258971619770004E-125  2.953788541239821E-125
  -457.888780607402       6.780168908052775E-125  3.604107583934932E-125
  -457.095899602021       9.947434765647614E-125 -1.509347170148761E-124
  -456.303018596640      -3.236384432140761E-124 -2.662140073481644E-124
  -455.510137591260      -6.928531371752954E-124  6.612902724056097E-124
  -454.717256585879       1.263531430067808E-123  1.755285578565833E-123
  -453.924375580498       4.325296829652593E-123 -2.171279399747504E-123
  -453.131494575117      -3.019649215083835E-123 -1.034155819876545E-122
  -452.338613569736      -2.388559659368757E-122  1.901626569777650E-123
  -451.545732564356      -7.922465011911111E-123  5.290201720591256E-122
  -450.752851558975       1.109506376963594E-121  4.678658205939733E-122
  -449.959970553594       1.703531166190282E-121 -2.151869310389887E-121
  -449.167089548213      -3.659671362247544E-121 -5.198002387442298E-121
  -448.374208542832      -1.428074488295485E-120  4.609103775139232E-121
  -447.581327537452       5.363364290565167E-123  3.617346880318314E-120
  -446.788446532071       8.478637136587268E-120  2.757323243665150E-120
  -445.995565526690       1.326415365149668E-119 -1.814744968897552E-119
  -445.202684521309      -3.397103724549077E-119 -4.695353677149337E-119
  -444.409803515929      -1.448729752514952E-118  4.811564754364121E-119
  -443.616922510548       1.091859540591156E-119  4.099958954353686E-118
  -442.824041505167       1.085986180438622E-117  2.796688669737813E-118
  -442.031160499786       1.524259769712775E-117 -2.712287598098251E-117
  -441.238279494405      -6.383440551714576E-117 -5.951222252838340E-117
  -440.445398489025      -2.026266142213835E-116  1.403533061600127E-116
  -439.652517483644       2.820966789442697E-116  6.381776382979849E-116
  -438.859636478263       1.907873096219023E-115 -4.912725292558092E-116
  -438.066755472882      -6.199933274302259E-116 -5.487141366118752E-115
  -437.273874467502      -1.529649684554024E-114 -6.198717043445057E-117
  -436.480993462121      -4.177045919040858E-115  4.150616486737616E-114
  -435.688112456740       1.098656151296336E-113  1.993796943427272E-114
  -434.895231451359       7.111913117830958E-114 -2.839670796323379E-113
  -434.102350445978      -7.169313454441156E-113 -2.231006712339833E-113
  -433.309469440598      -6.493091811133980E-113  1.768155379615664E-112
  -432.516588435217       4.259895065706972E-112  1.797366630710923E-112
  -431.723707429836       4.796686537864951E-112 -1.002545524582765E-111
  -430.930826424455      -2.304490830961643E-111 -1.243878161123395E-111
  -430.137945419075      -3.148650781580664E-111  5.171546096090300E-111
  -429.345064413694       1.131930140455894E-110  7.799709569619949E-111
  -428.552183408313       1.893188099206061E-110 -2.412146235287312E-110
  -427.759302402932      -4.989981946907191E-110 -4.504972194070238E-110
  -426.966421397551      -1.050944372578308E-109  9.974305815165571E-110
  -426.173540392171       1.912173213777086E-109  2.402659976658140E-109
  -425.380659386790       5.378793784898466E-109 -3.472414087055897E-109
  -424.587778381409      -5.837616532553562E-109 -1.177551447947618E-108
  -423.794897376028      -2.515811941448197E-108  8.640997472129869E-109
  -423.002016370648       9.667595446540613E-109  5.229040475143049E-108
  -422.209135365267       1.052371442108364E-107 -1.481688910864804E-109
  -421.416254359886       3.644694060355307E-108 -2.035985898747107E-107
  -420.623373354505      -3.742170581102484E-107 -1.547658066249273E-107
  -419.830492349124      -4.682157233247061E-107  6.398194877123605E-107
  -419.037611343744       9.735272935159787E-107  1.216975270973718E-106
  -418.244730338363       2.861166590877320E-106 -1.163343758132058E-106
  -417.451849332982      -4.629876402751645E-107 -6.180927042673714E-106
  -416.658968327601      -1.223230446174357E-105 -3.219608150203688E-106
  -415.866087322220      -1.503716585578211E-105  2.164577662442038E-105
  -415.073206316840       3.178773760071649E-105  4.644338847800708E-105
  -414.280325311459       1.203338034764622E-104 -2.792930549836118E-105
  -413.487444306078       4.091318087504947E-105 -2.763038737227139E-104
  -412.694563300697      -5.656388658247207E-104 -3.227297894146572E-104
  -411.901682295317      -1.205664295266797E-103  9.978685329483781E-104
  -411.108801289936       1.319898556173442E-103  3.637082781262091E-103
  -410.315920284555       9.800214784206164E-103 -2.885224646586239E-104
  -409.523039279174       6.474398533281133E-103 -2.448819988084987E-102
  -408.730158273793      -5.781081016336992E-102 -3.237470885919073E-102
  -407.937277268413      -1.151766443563446E-101  1.305095475916037E-101
  -407.144396263032       2.848217681292970E-101  3.549064588586018E-101
  -406.351515257651       1.002464748362927E-100 -6.084287263914164E-101
  -405.558634252270      -1.290456683807182E-100 -2.653280687573347E-100
  -404.765753246890      -6.637059765083644E-100  2.750506991985440E-100
  -403.972872241509       5.904944445382048E-100  1.573045926503853E-099
  -403.179991236128       3.533663559400681E-099 -1.260699695871053E-099
  -402.387110230747      -2.609658500255583E-099 -7.528445017404271E-099
  -401.594229225366      -1.524757190389227E-098  5.076388085405814E-099
  -400.801348219986       8.958050007491842E-099  2.947994903660807E-098
  -400.008467214605       5.467307317040874E-098 -1.361995120363697E-098
  -399.215586209224      -1.569123802752693E-098 -9.757836028320515E-098
  -398.422705203843      -1.674557116847244E-097  5.525707034394735E-099
  -397.629824198462      -3.900132770103986E-098  2.742632916466379E-097
  -396.836943193082       4.212016955318713E-097  1.620046201969925E-097
  -396.044062187701       4.409731498797609E-097 -5.844546586601765E-097
  -395.251181182320      -6.679976525568946E-097 -9.918118426599183E-097
  -394.458300176939      -1.942231433135824E-096  4.172642215405083E-097
  -393.665419171558      -7.184871404658755E-097  3.311494983723321E-096
  -392.872538166178       4.666937966865663E-096  3.742754590078380E-096
  -392.079657160797       1.011267776900448E-095 -4.326988655424096E-096
  -391.286776155416       2.207977998826408E-096 -2.103343939728844E-095
  -390.493895150035      -3.463645210055446E-095 -2.479310467160723E-095
  -389.701014144655      -8.140164739331029E-095  3.790348734773850E-095
  -388.908133139274      -1.280855566930861E-095  1.970503238310751E-094
  -388.115252133893       3.855353171965755E-094  2.329445280540783E-094
  -387.322371128512       8.858140154001082E-094 -5.779231135595493E-094
  -386.529490123131      -4.118459816548478E-094 -2.499121420126104E-093
  -385.736609117751      -5.983348569562917E-093 -1.303163211392024E-093
  -384.943728112370      -7.801563355095654E-093  1.256915713101732E-092
  -384.150847106989       2.299904776695215E-092  2.686313578326677E-092
  -383.357966101608       7.541782809417432E-092 -3.452003062839520E-092
  -382.565085096228      -3.236972524373135E-092 -1.868288093828593E-091
  -381.772204090847      -4.195455256479772E-091 -3.098802236602651E-092
  -380.979323085466      -2.809797200872729E-091  8.595344428081089E-091
  -380.186442080085       1.592570806308936E-090  1.008239531713169E-090
  -379.393561074704       2.814366866727852E-090 -2.586183017150407E-090
  -378.600680069324      -3.351164686561397E-090 -6.799492764923190E-090
  -377.807799063943      -1.465098298391933E-089  2.141426674293617E-090
  -377.014918058562      -5.666036221463341E-090  2.814821215637613E-089
  -376.222037053181       4.679591110378154E-089  3.030649369466304E-089
  -375.429156047801       9.093155463852947E-089 -6.069795448060399E-089
  -374.636275042420      -3.317585547564103E-089 -2.157299378623385E-088
  -373.843394037039      -4.258969818382064E-088 -1.350672860628592E-088
  -373.050513031658      -6.661163666817166E-088  6.678932842711123E-088
  -372.257632026277       6.099037421532083E-088  1.970216743047593E-087
  -371.464751020897       4.598892992258118E-087  8.714311947957613E-088
  -370.671870015516       6.818818188635670E-087 -8.666816295682800E-087
  -369.878989010135      -1.151123375837050E-086 -2.432883031823918E-086
  -369.086108004754      -6.775671013874181E-086  3.542436750612763E-088
  -368.293226999373      -6.788058948557629E-086  1.611207008537862E-085
  -367.500345993993       3.310533452918114E-085  3.174522721198107E-085
  -366.707464988612       1.073700097297217E-084 -5.621382265672494E-085
  -365.914583983231      -6.369231582468152E-085 -3.129277364723030E-084
  -365.121702977850      -8.301051581571960E-084 -3.311884962872166E-085
  -364.328821972470      -5.105527209256519E-084  2.051584926925039E-083
  -363.535940967089       4.773078645267628E-083  2.118439096206418E-083
  -362.743059961708       6.711091095319220E-083 -1.048263687448798E-082
  -361.950178956327      -2.166401227195240E-082 -1.856171907199763E-082
  -361.157297950946      -4.695655497238429E-082  4.172733558670754E-082
  -360.364416945566       7.342153116165749E-082  1.110093601478365E-081
  -359.571535940185       2.478591417045119E-081 -1.129120674546795E-081
  -358.778654934804      -1.333570810242668E-081 -5.247532499473280E-081
  -357.985773929423      -1.051919995599655E-080  4.572610994244949E-082
  -357.192892924042      -3.849796136871254E-081  1.981801711644977E-080
  -356.400011918662       3.451026374068144E-080  1.701248645144122E-080
  -355.607130913281       5.027888631529428E-080 -5.355130529475929E-080
  -354.814249907900      -6.710162645996200E-080 -1.245451661410973E-079
  -354.021368902519      -2.734231316654496E-079  4.106382660305116E-080
  -353.228487897139      -1.163269414953917E-079  5.383747915883161E-079
  -352.435606891758       9.350978113566885E-079  6.193345859189479E-079
  -351.642725886377       1.915415413330385E-078 -1.339074576595647E-078
  -350.849844880996      -1.172627489621856E-078 -4.839429384678213E-078
  -350.056963875615      -1.073716514733662E-077 -1.350106613663770E-078
  -349.264082870235      -1.088213746690580E-077  2.127005166257557E-077
  -348.471201864854       3.707409974398853E-077  3.829458540950220E-077
  -347.678320859473       1.068683133786838E-076 -5.323519736138163E-077
  -346.885439854092      -4.707507341943009E-077 -2.625160760421123E-076
  -346.092558848712      -5.878759801214881E-076 -5.080885057645723E-077
  -345.299677843331      -4.187354656136821E-076  1.214711326475541E-075
  -344.506796837950       2.313816464174993E-075  1.465863473698388E-075
  -343.713915832569       4.048588975648838E-075 -4.005652257550140E-075
  -342.921034827188      -6.060774802800802E-075 -9.806977463180730E-075
  -342.128153821808      -2.157767776589648E-074  7.125837824366514E-075
  -341.335272816427       3.011490732414587E-075  4.361247701214493E-074
  -340.542391811046       8.074864152136673E-074  1.662515268176675E-074
  -339.749510805665       7.380497977724685E-074 -1.343995255893700E-073
  -338.956629800285      -1.908102083100823E-073 -2.094182722319727E-073
  -338.163748794904      -4.873547571941632E-073  1.931979788961347E-073
  -337.370867789523      -1.476488522287717E-074  9.794125343826105E-073
  -336.577986784142       1.688385855773586E-072  7.856380048832151E-073
  -335.785105778761       2.792723703140294E-072 -2.313482338952329E-072
  -334.992224773381      -1.670876056346130E-072 -7.077041654969076E-072
  -334.199343768000      -1.464177085220965E-071 -3.536741308930167E-072
  -333.406462762619      -2.095498739558261E-071  2.454830012091134E-071
  -332.613581757238       2.797440226791581E-071  6.577946275782310E-071
  -331.820700751857       1.629989873299916E-070  7.310357081608415E-072
  -331.027819746477       1.729996978526849E-070 -3.406927807795738E-070
  -330.234938741096      -5.900105300075938E-070 -6.960747853657040E-070
  -329.442057735715      -2.082865776814516E-069  7.278212279307413E-070
  -328.649176730334       1.027568018287045E-071  5.360024997041399E-069
  -327.856295724954       1.240087877636451E-068  3.832728438247049E-069
  -327.063414719573       1.680117659415293E-068 -2.616251787673468E-068
  -326.270533714192      -5.017850803223973E-068 -5.326046806784020E-068
  -325.477652708811      -1.449057142771239E-067  8.543440173406703E-068
  -324.684771703430       1.199747098752606E-067  3.564546459519246E-067
  -323.891890698050       8.095148204657952E-067 -1.008348686760962E-067
  -323.099009692669       1.327784712555044E-067 -1.710314349185679E-066
  -322.306128687288      -3.358613930033720E-066 -9.930824770735370E-067
  -321.513247681907      -3.422148223471493E-066  6.067687283987405E-066
  -320.720366676527       9.817949941547031E-066  9.367696363033016E-066
  -319.927485671146       2.244727139191135E-065 -1.325075048629957E-065
  -319.134604665765      -1.122899332003434E-065 -4.848476113792744E-065
  -318.341723660384      -9.468941088573683E-065 -1.034682718435596E-065
  -317.548842655003      -8.418736740601370E-065  1.639507896825438E-064
  -316.755961649623       2.355985669140282E-064  2.765477943584156E-064
  -315.963080644242       7.024787164828558E-064 -2.137372862244504E-064
  -315.170199638861       1.936514713720985E-064 -1.516358342527696E-063
  -314.377318633480      -2.795864613382750E-063 -1.726856459564315E-063
  -313.584437628099      -6.038022306599077E-063  4.094206491137807E-063
  -312.791556622719       3.102313790887764E-063  1.639828567683727E-062
  -311.998675617338       3.838424469359812E-062  7.860002789163479E-063
  -311.205794611957       5.027366813295960E-062 -7.924984917544548E-062
  -310.412913606576      -1.417517039215035E-061 -1.783023899978953E-061
  -309.620032601196      -5.184787905623802E-061  2.007157564262393E-061
  -308.827151595815       1.331155209516282E-061  1.347808368844606E-060
  -308.034270590434       3.235904483474918E-060  4.658060279055550E-061
  -307.241389585053       2.726048276162172E-060 -7.276422383994174E-060
  -306.448508579672      -1.539443492675267E-059 -9.501570045671552E-060
  -305.655627574292      -2.748696685164341E-059  3.055799619802987E-059
  -304.862746568911       5.624791768126724E-059  7.144686379006930E-059
  -304.069865563530       1.721396730559820E-058 -9.332139458703857E-059
  -303.276984558149      -1.295809569093715E-058 -3.899937393635606E-058
  -302.484103552769      -8.358865444292284E-058  1.113324256708768E-058
  -301.691222547388      -1.256869253105046E-058  1.695231567149567E-057
  -300.898341542007       3.233389755697211E-057  1.010109686167527E-057
  -300.105460536626       3.551489279212010E-057 -5.708322360864082E-057
  -299.312579531245      -8.982750494944744E-057 -9.938012964585210E-057
  -298.519698525865      -2.454025538896533E-056  1.130930140096401E-056
  -297.726817520484       6.042235068100461E-057  5.527075831225051E-056
  -296.933936515103       1.144435498005321E-055  2.652564722828496E-056
  -296.141055509722       1.382400485367203E-055 -2.155929250227836E-055
  -295.348174504342      -3.548528592504813E-055 -4.556753908562897E-055
  -294.555293498961      -1.271992933200373E-054  4.440754819494500E-055
  -293.762412493580       1.071103671277903E-055  3.240787093941971E-054
  -292.969531488199       7.783971225540702E-054  1.889091455529669E-054
  -292.176650482818       9.133039021909985E-054 -1.797183856062809E-053
  -291.383769477438      -4.053187763019320E-053 -3.132359187099420E-053
  -290.590888472057      -9.317631830726269E-053  9.076821307249343E-053
  -289.798007466676       2.051952780642958E-052  2.540931234427846E-052
  -289.005126461295       6.474645809840061E-052 -4.738021599050395E-052
  -288.212245455914      -1.117209198905261E-051 -1.548665909926508E-051
  -287.419364450534      -3.469976819684652E-051  2.650320511790668E-051
  -286.626483445153       6.174990906528851E-051  7.253384289260867E-051
  -285.833602439772       1.410904924172910E-050 -1.379542674848399E-050
  -285.040721434391      -2.903706751968636E-050 -2.559667726879905E-050
  -284.247840429011      -4.374416416463465E-050  5.703900338484047E-050
  -283.454959423630       1.043053977432076E-049  7.179662024984193E-050
  -282.662078418249       1.162652641729313E-049 -1.779262181319066E-049
  -281.869197412868      -2.840793710895637E-049 -1.908013689179160E-049
  -281.076316407487      -3.220303994998882E-049  4.248416591992485E-049
  -280.283435402107       5.906661842569886E-049  5.569760300650414E-049
  -279.490554396726       9.706019280571630E-049 -7.434263552104652E-049
  -278.697673391345      -7.817556989989368E-049 -1.668681858542809E-048
  -277.904792385964      -2.772615303815805E-048  4.767552200717169E-049
  -277.111911380583      -6.361743615284871E-049  4.353641998338098E-048
  -276.319030375203       6.244815928844651E-048  3.417798106666310E-048
  -275.526149369822       9.313374344321418E-048 -7.583955748211856E-048
  -274.733268364441      -5.803832933753504E-048 -2.043765076986025E-047
  -273.940387359060      -3.913481844173544E-047 -5.449843916345007E-048
  -273.147506353680      -4.037144570825593E-047  6.586829378326455E-047
  -272.354625348299       9.258621342521592E-047  1.284812279788608E-046
  -271.561744342918       3.277674703228994E-046 -8.480864512306924E-047
  -270.768863337537       6.298692156652929E-047 -7.466838576411239E-046
  -269.975982332156      -1.579703131198130E-045 -6.328843181067730E-046
  -269.183101326776      -2.323433647484917E-045  3.165037046136877E-045
  -268.390220321395       6.086600505381022E-045  6.775150560174886E-045
  -267.597339316014       1.767335402475673E-044 -1.138526336906304E-044
  -266.804458310633      -2.105678922134308E-044 -4.293976780735893E-044
  -266.011577305253      -9.879360627038211E-044  3.923942440593348E-044
  -265.218696299872       7.479217064910028E-044  2.166655734242574E-043
  -264.425815294491       4.539379692443569E-043 -1.460228846549156E-043
  -263.632934289110      -2.874118135404391E-043 -9.093748327577775E-043
  -262.840053283729      -1.744672113409173E-042  5.553824569494539E-043
  -262.047172278349       1.025132956889261E-042  3.216057852242070E-042
  -261.254291272968       5.724634035028122E-042 -1.763697670569089E-042
  -260.461410267587      -2.755403117106407E-042 -9.898738187496504E-042
  -259.668529262206      -1.672061049183917E-041  3.740647818665826E-042
  -258.875648256826       3.898583283599797E-042  2.769595904525259E-041
  -258.082767251445       4.502815744165767E-041 -1.247414028080770E-042
  -257.289886246064       8.458276778841631E-042 -7.167616215685929E-041
  -256.497005240683      -1.109956063528058E-040 -3.369517029311776E-041
  -255.704124235302      -9.056031538387273E-041  1.652812892231051E-040
  -254.911243229922       2.317459200719168E-040  2.083754318197993E-040
  -254.118362224541       4.385199671959017E-040 -2.929071209120275E-040
  -253.325481219160      -2.953031622679456E-040 -8.675323154776359E-040
  -252.532600213779      -1.634943258120118E-039  1.045857598349139E-040
  -251.739719208398      -5.861468343749060E-040  2.954326348755069E-039
  -250.946838203018       5.131316846284339E-039  2.439025104442885E-039
  -250.153957197637       6.828702146936948E-039 -8.563086895799924E-039
  -249.361076192256      -1.368881376689316E-038 -1.652971175647518E-038
  -248.568195186875      -3.701555970530296E-038  2.084261938773328E-038
  -247.775314181495       2.995156896715302E-038  7.885932181216515E-038
  -246.982433176114       1.620352197125032E-037 -4.004938532690566E-038
  -246.189552170733      -4.867680918516669E-038 -3.233108302584025E-037
  -245.396671165352      -6.282801938682194E-037  5.140304011689413E-038
  -244.603790159971       4.175027836424614E-038  1.189699917779391E-036
  -243.810909154591       2.193421162266931E-036 -1.121073740199181E-038
  -243.018028149210       5.312724975824290E-038 -3.932383112525591E-036
  -242.225147143829      -6.848408315059352E-036 -1.806582793348426E-037
  -241.432266138448      -4.543947256390880E-037  1.158182816075076E-035
  -240.639385133067       1.903038149336850E-035  1.099243984161596E-036
  -239.846504127687       2.659985570019015E-036 -3.041882546392325E-035
  -239.053623122306      -4.737281812116072E-035 -6.322281361528400E-036
  -238.260742116925      -1.445104832552675E-035  7.196502381248901E-035
  -237.467861111544       1.066459292068679E-034  3.145399709070442E-035
  -236.674980106164       6.512811854446602E-035 -1.538702642786108E-034
  -235.882099100783      -2.150541583044556E-034 -1.287094933082872E-034
  -235.089218095402      -2.439058046047036E-034  2.881959981852987E-034
  -234.296337090021       3.629739385764854E-034  4.452127299647219E-034
  -233.503456084640       7.857372850036466E-034 -4.112449218605644E-034
  -232.710575079260      -3.693734217153947E-034 -1.344458673469032E-033
  -231.917694073879      -2.234150003475778E-033  1.063287171321034E-034
  -231.124813068498      -6.326057458079947E-034  3.607736603097802E-033
  -230.331932063117       5.658195588942360E-033  2.323334804215987E-033
  -229.539051057737       5.829210465548953E-033 -8.602574517433085E-033
  -228.746170052356      -1.263365152477613E-032 -1.268052337629863E-032
  -227.953289046975      -2.553771833600319E-032  1.781276090602806E-032
  -227.160408041594       2.386477409344075E-032  4.894713195846612E-032
  -226.367527036213       9.055081056891524E-032 -2.982311907791165E-032
  -225.574646030833      -3.346282516332647E-032 -1.629770350881532E-031
  -224.781765025452      -2.867031863803338E-031  3.045646691009027E-032
  -223.988884020071       1.318702009894520E-032  4.942172021790845E-031
  -223.196003014690       8.357558483481483E-031  3.087739310647269E-032
  -222.403122009309       1.214814314358415E-031 -1.386705947298307E-030
  -221.610241003929      -2.256392551144948E-030 -2.891866508791294E-031
  -220.817359998548      -5.817486977895688E-031  3.597524026715713E-030
  -220.024478993167       5.615227944898920E-030  1.076069056292093E-030
  -219.231597987786       1.900138139352955E-030 -8.574606119856558E-030
  -218.438716982406      -1.280595821191907E-029 -3.270744310756217E-030
  -217.645835977025      -5.553281815047303E-030  1.870656681357582E-029
  -216.852954971644       2.673605834772997E-029  9.349718674291620E-030
  -216.060073966263       1.562030244161954E-029 -3.739796399304265E-029
  -215.267192960882      -5.119320865676732E-029 -2.584449543524784E-029
  -214.474311955502      -4.222650348885659E-029  6.852259949889991E-029
  -213.681430950121       8.950560993781239E-029  6.794864756608540E-029
  -212.888549944740       1.074687098875786E-028 -1.136718108239238E-028
  -212.095668939359      -1.394687832512612E-028 -1.668418573729763E-028
  -211.302787933979      -2.540202253058457E-028  1.635164756913074E-028
  -210.509906928598       1.795246060520296E-028  3.790398471225546E-028
  -209.717025923217       5.539412694718691E-028 -1.767813864287815E-028
  -208.924144917836      -1.381272569529120E-028 -7.921833297864895E-028
  -208.131263912455      -1.107197159775822E-027  3.736158059752817E-029
  -207.338382907075      -1.638825688100575E-028  1.509590043715032E-027
  -206.545501901694       2.002351026672528E-027  5.195859195361021E-028
  -205.752620896313       1.102597594129345E-027 -2.573245238442634E-027
  -204.959739890932      -3.183442504521936E-027 -2.006694173776222E-027
  -204.166858885551      -3.345716972176769E-027  3.751371296452995E-027
  -203.373977880171       4.130935732528477E-027  5.247045979596858E-027
  -202.581096874790       7.835313179187853E-027 -4.083764822415214E-027
  -201.788215869409      -3.246350068654398E-027 -1.120053841717967E-026
  -200.995334864028      -1.534282718417997E-026  1.095146269769243E-027
  -200.202453858648      -3.083536567542509E-027  2.008356144197351E-026
  -199.409572853267       2.493100064131710E-026  1.020608952934694E-026
  -198.616691847886       2.136494600546599E-026 -2.888704599919488E-026
  -197.823810842505      -3.018267473675155E-026 -3.772826485114004E-026
  -197.030929837124      -6.031390696569423E-026  2.593382087774363E-026
  -196.238048831744       1.171948327669630E-026  8.956238154033108E-026
  -195.445167826363       1.246040115249906E-025  1.889759144999053E-026
  -194.652286820982       7.485695356011033E-026 -1.620803078419794E-025
  -193.859405815601      -1.943403332360010E-025 -1.679973761887461E-025
  -193.066524810221      -3.132071959718833E-025  2.067945253096941E-025
  -192.273643804840       1.741814107831894E-025  5.280938510717001E-025
  -191.480762799459       8.318524292635797E-025 -5.550729003566869E-026
  -190.687881794078       2.125074510623035E-025 -1.242927671441918E-024
  -189.895000788697      -1.774985874333042E-024 -7.234381047892047E-025
  -189.102119783317      -1.610166539480526E-024  2.430628617530988E-024
  -188.309238777936       3.192130224864885E-024  3.053726791945682E-024
  -187.516357772555       5.289809233446457E-024 -4.008157324295314E-024
  -186.723476767174      -4.774848703262111E-024 -8.609612168250266E-024
  -185.930595761794      -1.335085603134443E-023  5.308933568790534E-024
  -185.137714756413       5.310330182453454E-024  1.987457921090076E-023
  -184.344833751032       2.852383119895238E-023 -4.312894767173187E-024
  -183.551952745651      -1.625540242819146E-024 -3.956086054457463E-023
  -182.759071740270      -5.307880532551790E-023 -3.728303593309199E-024
  -181.966190734890      -1.305829924320899E-023  6.888196112814869E-023
  -181.173309729509       8.632686219813947E-023  2.802143360776821E-023
  -180.380428724128       5.057789415790990E-023 -1.041173806008822E-022
  -179.587547718747      -1.200532452423502E-022 -8.285963704340549E-023
  -178.794666713366      -1.269184401602740E-022  1.307437227702000E-022
  -178.001785707986       1.313162613820751E-022  1.843163644422105E-022
  -177.208904702605       2.555207977660511E-022 -1.151728454491928E-022
  -176.416023697224      -7.387384555019234E-023 -3.390728795003523E-022
  -175.623142691843      -4.305170142677492E-022 -2.741046385526636E-024
  -174.830261686463      -1.260555992120787E-022  5.211153802089571E-022
  -174.037380681082       5.964294886115478E-022  3.076405928758342E-022
  -173.244499675701       5.575062680674638E-022 -6.349345889687497E-022
  -172.451618670320      -6.069432318886831E-022 -8.814900607994037E-022
  -171.658737664939      -1.277686478073966E-021  4.742480063119052E-022
  -170.865856659559       1.910384345897563E-022  1.731944882625695E-021
  -170.072975654178       2.212653540594473E-021  2.932217859208210E-022
  -169.280094648797       1.028196929523065E-021 -2.665306776187746E-021
  -168.487213643416      -3.007724819908968E-021 -2.053648069941489E-021
  -167.694332638036      -3.386505314305852E-021  3.127266291819721E-021
  -166.901451632655       2.881930735194749E-021  5.004108433635946E-021
  -166.108570627274       6.824533681148021E-021 -2.107839587372626E-021
  -165.315689621893      -6.360600939942980E-022 -8.686101899848568E-021
  -164.522808616512      -1.032964136162275E-020 -1.678186116722724E-021
  -163.729927611132      -4.911600800169441E-021  1.138884814171620E-020
  -162.937046605751       1.139612057315527E-020  9.013731696467223E-021
  -162.144165600370       1.373562753379289E-020 -9.813348478470452E-021
  -161.351284594989      -6.098763212242075E-021 -1.855402354414078E-020
  -160.558403589608      -2.260541486812214E-020 -1.788668665869471E-022
  -159.765522584228      -9.169958984715545E-021  2.465252903165465E-020
  -158.972641578847       2.311504481895906E-020  2.051572510165535E-020
  -158.179760573466       3.307195571327740E-020 -1.620582871148401E-020
  -157.386879568085      -2.221436610659328E-021 -4.461454344929602E-020
  -156.593998562705      -5.158348245938300E-020 -1.996193831226082E-020
  -155.801117557324      -5.014262649912000E-020  4.895716730340460E-020
  -155.008236551943       3.039022737601351E-020  8.577412312056152E-020
  -154.215355546562       1.206885912361038E-019  1.120818105710346E-020
  -153.422474541181       8.244019160651215E-020 -1.436430304512909E-019
  -152.629593535801      -1.368563436067098E-019 -1.872922464894538E-019
  -151.836712530420      -3.238913918197470E-019  7.481565417093294E-020
  -151.043831525039      -7.624849233302665E-020  4.799926537645051E-019
  -150.250950519658       6.272082236493720E-019  3.577044695458305E-019
  -149.458069514277       8.160820029271746E-019 -7.142833527236441E-019
  -148.665188508897      -6.601887305707086E-019 -1.498218951971871E-018
  -147.872307503516      -2.443355914579720E-018  3.484456455975447E-019
  -147.079426498135      -3.751481734923333E-019  3.671546532154060E-018
  -146.286545492754       5.167763605514075E-018  1.698603644470407E-018
  -145.493664487374       3.830750429636484E-018 -6.861283149640404E-018
  -144.700783481993      -8.600807929704460E-018 -6.977047280809483E-018
  -143.907902476612      -1.130357655825683E-017  1.012797028970064E-017
  -143.115021471231       1.105544533160007E-017  1.689015108698301E-017
  -142.322140465850       2.367432401339620E-017 -1.085986123169718E-017
  -141.529259460470      -8.902072365893033E-018 -3.138861467643672E-017
  -140.736378455089      -3.949510107321061E-017  4.486681206656516E-018
  -139.943497449708      -3.030996817220913E-018  4.712634389304976E-017
  -139.150616444327       5.304935099383616E-017  1.408802642369649E-017
  -138.357735438947       2.871180251970377E-017 -5.567788035443836E-017
  -137.564854433566      -5.316485010216245E-017 -4.628748025532924E-017
  -136.771973428185      -6.532326495077338E-017  4.360827996349355E-017
  -135.979092422804       2.539874082268010E-017  8.326009548696616E-017
  -135.186211417423       9.639340853179538E-017  2.278596195017086E-018
  -134.393330412043       3.880107574974858E-017 -9.999531823927216E-017
  -133.600449406662      -8.874010035918497E-017 -8.137961956843802E-017
  -132.807568401281      -1.243544253466386E-016  5.753674038283305E-017
  -132.014687395900       2.850148046244090E-018  1.586946908323090E-016
  -131.221806390520       1.719567755602904E-016  7.546291075870885E-017
  -130.428925385139       1.718759443050941E-016 -1.490243806162458E-016
  -129.636044379758      -7.399869449775475E-017 -2.726947663197317E-016
  -128.843163374377      -3.537611096678511E-016 -6.639990426659803E-017
  -128.050282368996      -2.776458484375247E-016  3.790199664032904E-016
  -127.257401363616       3.008681957970719E-016  5.503711708291305E-016
  -126.464520358235       8.517644211395416E-016 -6.342652878730168E-017
  -125.671639352854       3.899980475116814E-016 -1.116215500221970E-015
  -124.878758347473      -1.236703284255933E-015 -1.104059571835750E-015
  -124.085877342092      -2.092299340108975E-015  1.059233955150091E-015
  -123.292996336712       3.834807863124592E-016  3.311807729497313E-015
  -122.500115331331       4.632882820182288E-015  1.026505317796057E-015
  -121.707234325950       3.417278048733336E-015 -5.806817033404689E-015
  -120.914353320569      -6.437330727732223E-015 -7.002714664203283E-015
  -120.121472315189      -1.189979463012947E-014  5.963881606383712E-015
  -119.328591309808       3.667720376102698E-015  1.804341128362144E-014
  -118.535710304427       2.508454696934372E-014  1.286473630521842E-015
  -117.742829299046       9.760070316472437E-015 -3.228239934066213E-014
  -116.949948293665      -3.840908875525357E-014 -2.248973969806497E-014
  -116.157067288285      -3.987052841286966E-014  4.169475312299497E-014
  -115.364186282904       3.984973163990814E-014  6.167656076741902E-014
  -114.571305277523       8.673800515185058E-014 -3.020686159084245E-014
  -113.778424272142      -1.002761918424409E-014 -1.126131996062621E-013
  -112.985543266762      -1.353198899424089E-013 -2.299251328687925E-014
  -112.192662261381      -7.000484934645043E-014  1.492171437770837E-013
  -111.399781256000       1.471550419396572E-013  1.300959078154446E-013
  -110.606900250619       1.992578739712446E-013 -1.210254048118620E-013
  -109.814019245238      -6.284387533457793E-014 -2.693850771500725E-013
  -109.021138239858      -3.275223733829076E-013 -3.353957850958303E-014
  -108.228257234477      -1.700795951759088E-013  3.556760950649226E-013
  -107.435376229096       3.315693477575623E-013  3.416275601457033E-013
  -106.642495223715       5.327620130834130E-013 -2.307567524328508E-013
  -105.849614218334      -3.047809386008855E-014 -7.148743611770447E-013
  -105.056733212954      -8.442911632282690E-013 -2.845099692760929E-013
  -104.263852207573      -7.141653629046838E-013  8.624735954899215E-013
  -103.470971202192       6.995295019267523E-013  1.233944252210258E-012
  -102.678090196811       1.785249382564324E-012 -2.823199718209516E-013
  -101.885209191431       4.517642824321672E-013 -2.267429942667115E-012
  -101.092328186050      -2.534071294944432E-012 -1.534858561527794E-012
  -100.299447180669      -2.943073312646987E-012  2.397103186799134E-012
  -99.5065661752882       1.642768780007035E-012  4.567520437778789E-012
  -98.7136851699074       6.186295146339542E-012 -6.343788690442006E-014
  -97.9208041645266       2.491750384611569E-012 -7.444451511399119E-012
  -97.1279231591459      -7.851856248136617E-012 -6.046773302419130E-012
  -96.3350421537651      -1.041256901464670E-011  6.811334796809225E-012
  -95.5421611483843       3.690964952901108E-012  1.509434553987531E-011
  -94.7492801430035       1.920997032574834E-011  2.046332234758872E-012
  -93.9563991376227       1.064692588135272E-011 -2.144683779149744E-011
  -93.1635181322419      -2.009512458216123E-011 -2.180447874572656E-011
  -92.3706371268612      -3.434751643285286E-011  1.320489065657137E-011
  -91.5777561214804      -1.079530540422150E-012  4.591540487852915E-011
  -90.7848751160996       5.269279475204681E-011  2.395556257662446E-011
  -89.9919941107188       5.512931298585878E-011 -4.931115110417040E-011
  -89.1991131053380      -2.906938941818402E-011 -9.170332125599003E-011
  -88.4062320999573      -1.268262262961430E-010 -1.533100462248344E-011
  -87.6133510945765      -9.030555391484439E-011  1.482223461469272E-010
  -86.8204700891957       1.368232556882711E-010  1.989140675639769E-010
  -86.0275890838149       3.371668562267246E-010 -6.585180097433890E-011
  -85.2347080784341       9.914788382145929E-011 -4.889529411321090E-010
  -84.4418270730533      -6.195818155830609E-010 -3.987007421907286E-010
  -83.6489460676726      -8.754676827521162E-010  6.681819517274480E-010
  -82.8560650622918       5.395814967969526E-010  1.567198124283200E-009
  -82.0631840569110       2.495828079037248E-009 -9.683162550085637E-011
  -81.2703030515302       8.437761762435403E-010 -3.652159863825927E-009
  -80.4774220461494      -4.975877258084079E-009 -2.512540598683824E-009
  -79.6845410407687      -5.177559443815670E-009  6.331120725882617E-009
  -78.8916600353879       7.478506663958834E-009  9.123241090709694E-009
  -78.0987790300071       1.461193587968433E-008 -8.045432285946571E-009
  -77.3058980246263      -7.497995171324224E-009 -2.182520338402955E-008
  -76.5130170192455      -3.078288985349705E-008  5.120201768441381E-009
  -75.7201360138647       9.571454821542404E-012  4.124063627678980E-008
  -74.9272550084840       5.256918230708670E-008  8.897483719965017E-009
  -74.1343740031032       2.275303719705250E-008 -6.362146148311035E-008
  -73.3414929977224      -7.259629134045590E-008 -4.265801062110019E-008
  -72.5486119923416      -6.943647953299836E-008  7.691165311749524E-008
  -71.7557309869608       7.310744081119967E-008  1.033086790552622E-007
  -70.9628499815800       1.434532648666561E-007 -5.680716212366445E-008
  -70.1699689761993      -2.277845950124557E-008 -1.874562656013330E-007
  -69.3770879708185      -2.306524605784230E-007 -3.485969725611139E-008
  -68.5842069654377      -1.222329736868671E-007  2.653760849124508E-007
  -67.7913259600569       2.801534765897847E-007  2.450669544686075E-007
  -66.9984449546761       4.077762045135000E-007 -2.588921783056107E-007
  -66.2055639492953      -1.801518647670852E-007 -6.122955190112687E-007
  -65.4126829439146      -8.567135633931108E-007  1.662821644594473E-008
  -64.6198019385338      -2.649485292900869E-007  1.133833914622387E-006
  -63.8269209331530       1.429845655375737E-006  7.031935628704542E-007
  -63.0340399277722       1.340286339875159E-006 -1.723291108200767E-006
  -62.2411589223914      -1.984413328854964E-006 -2.218479928952565E-006
  -61.4482779170106      -3.374391202022508E-006  2.174723375207762E-006
  -60.6553969116299       2.246335821279329E-006  4.830915566670793E-006
  -59.8625159062491       6.587359441253741E-006 -2.140543125846364E-006
  -59.0696349008683      -1.785575224377602E-006 -8.609329634683490E-006
  -58.2767538954875      -1.082051827896872E-005  1.094627592313056E-006
  -57.4838728901067      -3.340681097240613E-008  1.309818411543593E-005
  -56.6909918847260       1.527278549575687E-005  1.707420698953474E-006
  -55.8981108793452       4.029525740685755E-006 -1.713063745525586E-005
  -55.1052298739644      -1.841783147259297E-005 -7.072298075415149E-006
  -54.3123488685836      -1.085002147132008E-005  1.884461930909307E-005
  -53.5194678632028       1.809152074982650E-005  1.528737896886755E-005
  -52.7265868578220       2.018883622395446E-005 -1.582029301723965E-005
  -51.9337058524413      -1.169354429959717E-005 -2.521091446130626E-005
  -51.1408248470605      -2.983868585653111E-005  5.406026649604660E-006
  -50.3479438416797      -3.270925029884203E-006  3.336772314510537E-005
  -49.5550628362989       3.489328306599902E-005  1.443207860248656E-005
  -48.7621818309181       2.797003375897190E-005 -3.330919518279710E-005
  -47.9693008255373      -2.731931915892742E-005 -4.349964763259827E-005
  -47.1764198201566      -6.028101855307822E-005  1.546440915820444E-005
  -46.3835388147758      -3.832903229016614E-006  7.714992591366626E-005
  -45.5906578093950       9.246853880816768E-005  3.220171253255418E-005
  -44.7977768040142       7.122911711730693E-005 -1.041132535580838E-004
  -44.0048957986334      -1.095183133711001E-004 -1.223272604124661E-004
  -43.2120147932526      -1.865402294786543E-004  1.057886776936674E-004
  -42.4191337878719       8.987766307904990E-005  2.642633324458865E-004
  -41.6262527824911       3.548560542975258E-004 -5.879325220941671E-005
  -40.8333717771103      -9.765544852492822E-006 -4.561695463342022E-004
  -40.0404907717295      -5.640796538849115E-004 -5.969125281463283E-005
  -39.2476097663487      -1.518255669793844E-004  6.721806834169620E-004
  -38.4547287609680       7.717895031006377E-004  2.686957839939678E-004
  -37.6618477555872       4.120283281579783E-004 -8.523006581621978E-004
  -36.8689667502064      -9.017760265134784E-004 -5.827314114148078E-004
  -36.0760857448256      -7.800622738796676E-004  9.075643109993805E-004
  -35.2832047394448       8.567959496696620E-004  1.000612459642673E-003
  -34.4903237340640       1.237341009491707E-003 -7.367385080442715E-004
  -33.6974427286833      -5.351114790582467E-004 -1.478828174143596E-003
  -32.9045617233025      -1.708814399861885E-003  2.404757156342929E-004
  -32.1116807179217      -1.572555781104057E-004  1.906013508810701E-003
  -31.3187997125409       2.044177666406226E-003  6.662348618035627E-004
  -30.5259187071601       1.292162064373916E-003 -2.092433580457125E-003
  -29.7330377017793      -2.015987614028173E-003 -2.038021520333753E-003
  -28.9401566963986      -2.904286387316069E-003  1.777415338391881E-003
  -28.1472756910178       1.338928545603885E-003  3.889752390037449E-003
  -27.3543946856370       4.992944123487713E-003 -6.662504259467263E-004
  -26.5615136802562       2.650769506159629E-004 -6.213485522821166E-003
  -25.7686326748754      -7.551799659396939E-003 -1.460330601570084E-003
  -24.9757516694946      -2.893853664723257E-003  9.004210986937424E-003
  -24.1828706641139       1.055011504766911E-002  4.498629045319873E-003
  -23.3899896587331       6.165089492398241E-003 -1.213068405912125E-002
  -22.5971086533523      -1.362638446255442E-002 -7.758629766541254E-003
  -21.8042276479715      -9.158081242298432E-003  1.485020699247634E-002
  -21.0113466425907       1.557422843631489E-002  1.030023700383666E-002
  -20.2184656372100       1.120093679533143E-002 -1.558930412732504E-002
  -19.4255846318292      -1.477008710804486E-002 -1.193103039965489E-002
  -18.6327036264484      -1.255709760739657E-002  1.310756973057233E-002
  -17.8398226210676       1.069404431078546E-002  1.308386383021121E-002
  -17.0469416156868       1.343052500353129E-002 -7.679846413259526E-003
  -16.2540606103060      -4.234514197073884E-003 -1.344455801677922E-002
  -15.4611796049253      -1.293413806687991E-002  5.312771550335889E-004
  -14.6682985995445      -3.246342286329271E-003  1.169902741954375E-002
  -13.8754175941637       9.550847770255754E-003  6.886189113521922E-003
  -13.0825365887829       1.012546336533575E-002 -6.323191289831259E-003
  -12.2896555834021      -1.875007304005176E-003 -1.262671412322598E-002
  -11.4967745780213      -1.394781656033089E-002 -3.911097074134939E-003
  -10.7038935726406      -1.113843735143577E-002  1.349711204161627E-002
  -9.91101256725978       1.045925867378726E-002  1.992456316761791E-002
  -9.11813156187900       3.047661153964253E-002 -3.670056536338801E-003
  -8.32525055649822       8.585404250402093E-003 -4.328225320582112E-002
  -7.53236955111743      -5.957129655690385E-002 -2.885183621433171E-002
  -6.73948854573665      -6.072230349345124E-002  8.235427336102553E-002
  -5.94660754035587       0.118477986501809       0.108406892718224     
  -5.15372653497509       0.174045711317826      -0.181774730930845     
  -4.36084552959430      -0.295247840947264      -0.249983698950993     
  -3.56796452421352      -0.304873607225681       0.485153290102321     
  -2.77508351883274       0.756022639177280       0.273021748152227     
  -1.98220251345196       7.406047419974070E-002  -1.04914465736809     
  -1.18932150807117       -1.22748073166118       0.316516656868050     
 -0.396440502690391       0.792667667054526        1.14775101471450     
  0.396440502690391       0.792667667054526       -1.14775101471450     
   1.18932150807117       -1.22748073166118      -0.316516656868050     
   1.98220251345196       7.406047419974070E-002   1.04914465736809     
   2.77508351883274       0.756022639177280      -0.273021748152227     
   3.56796452421352      -0.304873607225681      -0.485153290102321     
   4.36084552959430      -0.295247840947264       0.249983698950993     
   5.15372653497509       0.174045711317826       0.181774730930845     
   5.94660754035587       0.118477986501809      -0.108406892718224     
   6.73948854573665      -6.072230349345124E-002 -8.235427336102553E-002
   7.53236955111743      -5.957129655690385E-002  2.885183621433171E-002
   8.32525055649822       8.585404250402093E-003  4.328225320582112E-002
   9.11813156187900       3.047661153964253E-002  3.670056536338801E-003
   9.91101256725978       1.045925867378726E-002 -1.992456316761791E-002
   10.7038935726406      -1.113843735143577E-002 -1.349711204161627E-002
   11.4967745780213      -1.394781656033089E-002  3.911097074134939E-003
   12.2896555834021      -1.875007304005176E-003  1.262671412322598E-002
   13.0825365887829       1.012546336533575E-002  6.323191289831259E-003
   13.8754175941637       9.550847770255754E-003 -6.886189113521922E-003
   14.6682985995445      -3.246342286329271E-003 -1.169902741954375E-002
   15.4611796049253      -1.293413806687991E-002 -5.312771550335889E-004
   16.2540606103060      -4.234514197073884E-003  1.344455801677922E-002
   17.0469416156868       1.343052500353129E-002  7.679846413259526E-003
   17.8398226210676       1.069404431078546E-002 -1.308386383021121E-002
   18.6327036264484      -1.255709760739657E-002 -1.310756973057233E-002
   19.4255846318292      -1.477008710804486E-002  1.193103039965489E-002
   20.2184656372100       1.120093679533143E-002  1.558930412732504E-002
   21.0113466425907       1.557422843631489E-002 -1.030023700383666E-002
   21.8042276479715      -9.158081242298432E-003 -1.485020699247634E-002
   22.5971086533523      -1.362638446255442E-002  7.758629766541254E-003
   23.3899896587331       6.165089492398241E-003  1.213068405912125E-002
   24.1828706641139       1.055011504766911E-002 -4.498629045319873E-003
   24.9757516694946      -2.893853664723257E-003 -9.004210986937424E-003
   25.7686326748754      -7.551799659396939E-003  1.460330601570084E-003
   26.5615136802562       2.650769506159629E-004  6.213485522821166E-003
   27.3543946856370       4.992944123487713E-003  6.662504259467263E-004
   28.1472756910178       1.338928545603885E-003 -3.889752390037449E-003
   28.9401566963986      -2.904286387316069E-003 -1.777415338391881E-003
   29.7330377017793      -2.015987614028173E-003  2.038021520333753E-003
   30.5259187071601       1.292162064373916E-003  2.092433580457125E-003
   31.3187997125409       2.044177666406226E-003 -6.662348618035627E-004
   32.1116807179217      -1.572555781104057E-004 -1.906013508810701E-003
   32.9045617233025      -1.708814399861885E-003 -2.404757156342929E-004
   33.6974427286833      -5.351114790582467E-004  1.478828174143596E-003
   34.4903237340640       1.237341009491707E-003  7.367385080442715E-004
   35.2832047394448       8.567959496696620E-004 -1.000612459642673E-003
   36.0760857448256      -7.800622738796676E-004 -9.075643109993805E-004
   36.8689667502064      -9.017760265134784E-004  5.827314114148078E-004
   37.6618477555872       4.120283281579783E-004  8.523006581621978E-004
   38.4547287609680       7.717895031006377E-004 -2.686957839939678E-004
   39.2476097663487      -1.518255669793844E-004 -6.721806834169620E-004
   40.0404907717295      -5.640796538849115E-004  5.969125281463283E-005
   40.8333717771103      -9.765544852492822E-006  4.561695463342022E-004
   41.6262527824911       3.548560542975258E-004  5.879325220941671E-005
   42.4191337878719       8.987766307904990E-005 -2.642633324458865E-004
   43.2120147932526      -1.865402294786543E-004 -1.057886776936674E-004
   44.0048957986334      -1.095183133711001E-004  1.223272604124661E-004
   44.7977768040142       7.122911711730693E-005  1.041132535580838E-004
   45.5906578093950       9.246853880816768E-005 -3.220171253255418E-005
   46.3835388147758      -3.832903229016614E-006 -7.714992591366626E-005
   47.1764198201566      -6.028101855307822E-005 -1.546440915820444E-005
   47.9693008255373      -2.731931915892742E-005  4.349964763259827E-005
   48.7621818309181       2.797003375897190E-005  3.330919518279710E-005
   49.5550628362989       3.489328306599902E-005 -1.443207860248656E-005
   50.3479438416797      -3.270925029884203E-006 -3.336772314510537E-005
   51.1408248470605      -2.983868585653111E-005 -5.406026649604660E-006
   51.9337058524412      -1.169354429959717E-005  2.521091446130626E-005
   52.7265868578220       2.018883622395446E-005  1.582029301723965E-005
   53.5194678632028       1.809152074982650E-005 -1.528737896886755E-005
   54.3123488685836      -1.085002147132008E-005 -1.884461930909307E-005
   55.1052298739644      -1.841783147259297E-005  7.072298075415149E-006
   55.8981108793452       4.029525740685755E-006  1.713063745525586E-005
   56.6909918847259       1.527278549575687E-005 -1.707420698953474E-006
   57.4838728901067      -3.340681097240613E-008 -1.309818411543593E-005
   58.2767538954875      -1.082051827896872E-005 -1.094627592313056E-006
   59.0696349008683      -1.785575224377602E-006  8.609329634683490E-006
   59.8625159062491       6.587359441253741E-006  2.140543125846364E-006
   60.6553969116299       2.246335821279329E-006 -4.830915566670793E-006
   61.4482779170106      -3.374391202022508E-006 -2.174723375207762E-006
   62.2411589223914      -1.984413328854964E-006  2.218479928952565E-006
   63.0340399277722       1.340286339875159E-006  1.723291108200767E-006
   63.8269209331530       1.429845655375737E-006 -7.031935628704542E-007
   64.6198019385338      -2.649485292900869E-007 -1.133833914622387E-006
   65.4126829439146      -8.567135633931108E-007 -1.662821644594473E-008
   66.2055639492953      -1.801518647670852E-007  6.122955190112687E-007
   66.9984449546761       4.077762045135000E-007  2.588921783056107E-007
   67.7913259600569       2.801534765897847E-007 -2.450669544686075E-007
   68.5842069654377      -1.222329736868671E-007 -2.653760849124508E-007
   69.3770879708185      -2.306524605784230E-007  3.485969725611139E-008
   70.1699689761992      -2.277845950124557E-008  1.874562656013330E-007
   70.9628499815800       1.434532648666561E-007  5.680716212366445E-008
   71.7557309869608       7.310744081119967E-008 -1.033086790552622E-007
   72.5486119923416      -6.943647953299836E-008 -7.691165311749524E-008
   73.3414929977224      -7.259629134045590E-008  4.265801062110019E-008
   74.1343740031032       2.275303719705250E-008  6.362146148311035E-008
   74.9272550084840       5.256918230708670E-008 -8.897483719965017E-009
   75.7201360138647       9.571454821542404E-012 -4.124063627678980E-008
   76.5130170192455      -3.078288985349705E-008 -5.120201768441381E-009
   77.3058980246263      -7.497995171324224E-009  2.182520338402955E-008
   78.0987790300071       1.461193587968433E-008  8.045432285946571E-009
   78.8916600353879       7.478506663958834E-009 -9.123241090709694E-009
   79.6845410407687      -5.177559443815670E-009 -6.331120725882617E-009
   80.4774220461494      -4.975877258084079E-009  2.512540598683824E-009
   81.2703030515302       8.437761762435403E-010  3.652159863825927E-009
   82.0631840569110       2.495828079037248E-009  9.683162550085637E-011
   82.8560650622918       5.395814967969526E-010 -1.567198124283200E-009
   83.6489460676726      -8.754676827521162E-010 -6.681819517274480E-010
   84.4418270730533      -6.195818155830609E-010  3.987007421907286E-010
   85.2347080784341       9.914788382145929E-011  4.889529411321090E-010
   86.0275890838149       3.371668562267246E-010  6.585180097433890E-011
   86.8204700891957       1.368232556882711E-010 -1.989140675639769E-010
   87.6133510945765      -9.030555391484439E-011 -1.482223461469272E-010
   88.4062320999573      -1.268262262961430E-010  1.533100462248344E-011
   89.1991131053380      -2.906938941818402E-011  9.170332125599003E-011
   89.9919941107188       5.512931298585878E-011  4.931115110417040E-011
   90.7848751160996       5.269279475204681E-011 -2.395556257662446E-011
   91.5777561214804      -1.079530540422150E-012 -4.591540487852915E-011
   92.3706371268612      -3.434751643285286E-011 -1.320489065657137E-011
   93.1635181322419      -2.009512458216123E-011  2.180447874572656E-011
   93.9563991376227       1.064692588135272E-011  2.144683779149744E-011
   94.7492801430035       1.920997032574834E-011 -2.046332234758872E-012
   95.5421611483843       3.690964952901108E-012 -1.509434553987531E-011
   96.3350421537651      -1.041256901464670E-011 -6.811334796809225E-012
   97.1279231591459      -7.851856248136617E-012  6.046773302419130E-012
   97.9208041645266       2.491750384611569E-012  7.444451511399119E-012
   98.7136851699074       6.186295146339542E-012  6.343788690442006E-014
   99.5065661752882       1.642768780007035E-012 -4.567520437778789E-012
   100.299447180669      -2.943073312646987E-012 -2.397103186799134E-012
   101.092328186050      -2.534071294944432E-012  1.534858561527794E-012
   101.885209191431       4.517642824321672E-013  2.267429942667115E-012
   102.678090196811       1.785249382564324E-012  2.823199718209516E-013
   103.470971202192       6.995295019267523E-013 -1.233944252210258E-012
   104.263852207573      -7.141653629046838E-013 -8.624735954899215E-013
   105.056733212954      -8.442911632282690E-013  2.845099692760929E-013
   105.849614218334      -3.047809386008855E-014  7.148743611770447E-013
   106.642495223715       5.327620130834130E-013  2.307567524328508E-013
   107.435376229096       3.315693477575623E-013 -3.416275601457033E-013
   108.228257234477      -1.700795951759088E-013 -3.556760950649226E-013
   109.021138239858      -3.275223733829076E-013  3.353957850958303E-014
   109.814019245238      -6.284387533457793E-014  2.693850771500725E-013
   110.606900250619       1.992578739712446E-013  1.210254048118620E-013
   111.399781256000       1.471550419396572E-013 -1.300959078154446E-013
   112.192662261381      -7.000484934645043E-014 -1.492171437770837E-013
   112.985543266762      -1.353198899424089E-013  2.299251328687925E-014
   113.778424272142      -1.002761918424409E-014  1.126131996062621E-013
   114.571305277523       8.673800515185058E-014  3.020686159084245E-014
   115.364186282904       3.984973163990814E-014 -6.167656076741902E-014
   116.157067288285      -3.987052841286966E-014 -4.169475312299497E-014
   116.949948293665      -3.840908875525357E-014  2.248973969806497E-014
   117.742829299046       9.760070316472437E-015  3.228239934066213E-014
   118.535710304427       2.508454696934372E-014 -1.286473630521842E-015
   119.328591309808       3.667720376102698E-015 -1.804341128362144E-014
   120.121472315189      -1.189979463012947E-014 -5.963881606383712E-015
   120.914353320569      -6.437330727732223E-015  7.002714664203283E-015
   121.707234325950       3.417278048733336E-015  5.806817033404689E-015
   122.500115331331       4.632882820182288E-015 -1.026505317796057E-015
   123.292996336712       3.834807863124592E-016 -3.311807729497313E-015
   124.085877342092      -2.092299340108975E-015 -1.059233955150091E-015
   124.878758347473      -1.236703284255933E-015  1.104059571835750E-015
   125.671639352854       3.899980475116814E-016  1.116215500221970E-015
   126.464520358235       8.517644211395416E-016  6.342652878730168E-017
   127.257401363616       3.008681957970719E-016 -5.503711708291305E-016
   128.050282368996      -2.776458484375247E-016 -3.790199664032904E-016
   128.843163374377      -3.537611096678511E-016  6.639990426659803E-017
   129.636044379758      -7.399869449775475E-017  2.726947663197317E-016
   130.428925385139       1.718759443050941E-016  1.490243806162458E-016
   131.221806390520       1.719567755602904E-016 -7.546291075870885E-017
   132.014687395900       2.850148046244090E-018 -1.586946908323090E-016
   132.807568401281      -1.243544253466386E-016 -5.753674038283305E-017
   133.600449406662      -8.874010035918497E-017  8.137961956843802E-017
   134.393330412043       3.880107574974858E-017  9.999531823927216E-017
   135.186211417423       9.639340853179538E-017 -2.278596195017086E-018
   135.979092422804       2.539874082268010E-017 -8.326009548696616E-017
   136.771973428185      -6.532326495077338E-017 -4.360827996349355E-017
   137.564854433566      -5.316485010216245E-017  4.628748025532924E-017
   138.357735438947       2.871180251970377E-017  5.567788035443836E-017
   139.150616444327       5.304935099383616E-017 -1.408802642369649E-017
   139.943497449708      -3.030996817220913E-018 -4.712634389304976E-017
   140.736378455089      -3.949510107321061E-017 -4.486681206656516E-018
   141.529259460470      -8.902072365893033E-018  3.138861467643672E-017
   142.322140465850       2.367432401339620E-017  1.085986123169718E-017
   143.115021471231       1.105544533160007E-017 -1.689015108698301E-017
   143.907902476612      -1.130357655825683E-017 -1.012797028970064E-017
   144.700783481993      -8.600807929704460E-018  6.977047280809483E-018
   145.493664487374       3.830750429636484E-018  6.861283149640404E-018
   146.286545492754       5.167763605514075E-018 -1.698603644470407E-018
   147.079426498135      -3.751481734923333E-019 -3.671546532154060E-018
   147.872307503516      -2.443355914579720E-018 -3.484456455975447E-019
   148.665188508897      -6.601887305707086E-019  1.498218951971871E-018
   149.458069514277       8.160820029271746E-019  7.142833527236441E-019
   150.250950519658       6.272082236493720E-019 -3.577044695458305E-019
   151.043831525039      -7.624849233302665E-020 -4.799926537645051E-019
   151.836712530420      -3.238913918197470E-019 -7.481565417093294E-020
   152.629593535801      -1.368563436067098E-019  1.872922464894538E-019
   153.422474541181       8.244019160651215E-020  1.436430304512909E-019
   154.215355546562       1.206885912361038E-019 -1.120818105710346E-020
   155.008236551943       3.039022737601351E-020 -8.577412312056152E-020
   155.801117557324      -5.014262649912000E-020 -4.895716730340460E-020
   156.593998562705      -5.158348245938300E-020  1.996193831226082E-020
   157.386879568085      -2.221436610659328E-021  4.461454344929602E-020
   158.179760573466       3.307195571327740E-020  1.620582871148401E-020
   158.972641578847       2.311504481895906E-020 -2.051572510165535E-020
   159.765522584228      -9.169958984715545E-021 -2.465252903165465E-020
   160.558403589608      -2.260541486812214E-020  1.788668665869471E-022
   161.351284594989      -6.098763212242075E-021  1.855402354414078E-020
   162.144165600370       1.373562753379289E-020  9.813348478470452E-021
   162.937046605751       1.139612057315527E-020 -9.013731696467223E-021
   163.729927611132      -4.911600800169441E-021 -1.138884814171620E-020
   164.522808616512      -1.032964136162275E-020  1.678186116722724E-021
   165.315689621893      -6.360600939942980E-022  8.686101899848568E-021
   166.108570627274       6.824533681148021E-021  2.107839587372626E-021
   166.901451632655       2.881930735194749E-021 -5.004108433635946E-021
   167.694332638036      -3.386505314305852E-021 -3.127266291819721E-021
   168.487213643416      -3.007724819908968E-021  2.053648069941489E-021
   169.280094648797       1.028196929523065E-021  2.665306776187746E-021
   170.072975654178       2.212653540594473E-021 -2.932217859208210E-022
   170.865856659559       1.910384345897563E-022 -1.731944882625695E-021
   171.658737664939      -1.277686478073966E-021 -4.742480063119052E-022
   172.451618670320      -6.069432318886831E-022  8.814900607994037E-022
   173.244499675701       5.575062680674638E-022  6.349345889687497E-022
   174.037380681082       5.964294886115478E-022 -3.076405928758342E-022
   174.830261686463      -1.260555992120787E-022 -5.211153802089571E-022
   175.623142691843      -4.305170142677492E-022  2.741046385526636E-024
   176.416023697224      -7.387384555019234E-023  3.390728795003523E-022
   177.208904702605       2.555207977660511E-022  1.151728454491928E-022
   178.001785707986       1.313162613820751E-022 -1.843163644422105E-022
   178.794666713366      -1.269184401602740E-022 -1.307437227702000E-022
   179.587547718747      -1.200532452423502E-022  8.285963704340549E-023
   180.380428724128       5.057789415790990E-023  1.041173806008822E-022
   181.173309729509       8.632686219813947E-023 -2.802143360776821E-023
   181.966190734890      -1.305829924320899E-023 -6.888196112814869E-023
   182.759071740270      -5.307880532551790E-023  3.728303593309199E-024
   183.551952745651      -1.625540242819146E-024  3.956086054457463E-023
   184.344833751032       2.852383119895238E-023  4.312894767173187E-024
   185.137714756413       5.310330182453454E-024 -1.987457921090076E-023
   185.930595761794      -1.335085603134443E-023 -5.308933568790534E-024
   186.723476767174      -4.774848703262111E-024  8.609612168250266E-024
   187.516357772555       5.289809233446457E-024  4.008157324295314E-024
   188.309238777936       3.192130224864885E-024 -3.053726791945682E-024
   189.102119783317      -1.610166539480526E-024 -2.430628617530988E-024
   189.895000788697      -1.774985874333042E-024  7.234381047892047E-025
   190.687881794078       2.125074510623035E-025  1.242927671441918E-024
   191.480762799459       8.318524292635797E-025  5.550729003566869E-026
   192.273643804840       1.741814107831894E-025 -5.280938510717001E-025
   193.066524810221      -3.132071959718833E-025 -2.067945253096941E-025
   193.859405815601      -1.943403332360010E-025  1.679973761887461E-025
   194.652286820982       7.485695356011033E-026  1.620803078419794E-025
   195.445167826363       1.246040115249906E-025 -1.889759144999053E-026
   196.238048831744       1.171948327669630E-026 -8.956238154033108E-026
   197.030929837124      -6.031390696569423E-026 -2.593382087774363E-026
   197.823810842505      -3.018267473675155E-026  3.772826485114004E-026
   198.616691847886       2.136494600546599E-026  2.888704599919488E-026
   199.409572853267       2.493100064131710E-026 -1.020608952934694E-026
   200.202453858648      -3.083536567542509E-027 -2.008356144197351E-026
   200.995334864028      -1.534282718417997E-026 -1.095146269769243E-027
   201.788215869409      -3.246350068654398E-027  1.120053841717967E-026
   202.581096874790       7.835313179187853E-027  4.083764822415214E-027
   203.373977880171       4.130935732528477E-027 -5.247045979596858E-027
   204.166858885551      -3.345716972176769E-027 -3.751371296452995E-027
   204.959739890932      -3.183442504521936E-027  2.006694173776222E-027
   205.752620896313       1.102597594129345E-027  2.573245238442634E-027
   206.545501901694       2.002351026672528E-027 -5.195859195361021E-028
   207.338382907075      -1.638825688100575E-028 -1.509590043715032E-027
   208.131263912455      -1.107197159775822E-027 -3.736158059752817E-029
   208.924144917836      -1.381272569529120E-028  7.921833297864895E-028
   209.717025923217       5.539412694718691E-028  1.767813864287815E-028
   210.509906928598       1.795246060520296E-028 -3.790398471225546E-028
   211.302787933979      -2.540202253058457E-028 -1.635164756913074E-028
   212.095668939359      -1.394687832512612E-028  1.668418573729763E-028
   212.888549944740       1.074687098875786E-028  1.136718108239238E-028
   213.681430950121       8.950560993781239E-029 -6.794864756608540E-029
   214.474311955502      -4.222650348885659E-029 -6.852259949889991E-029
   215.267192960882      -5.119320865676732E-029  2.584449543524784E-029
   216.060073966263       1.562030244161954E-029  3.739796399304265E-029
   216.852954971644       2.673605834772997E-029 -9.349718674291620E-030
   217.645835977025      -5.553281815047303E-030 -1.870656681357582E-029
   218.438716982406      -1.280595821191907E-029  3.270744310756217E-030
   219.231597987786       1.900138139352955E-030  8.574606119856558E-030
   220.024478993167       5.615227944898920E-030 -1.076069056292093E-030
   220.817359998548      -5.817486977895688E-031 -3.597524026715713E-030
   221.610241003929      -2.256392551144948E-030  2.891866508791294E-031
   222.403122009309       1.214814314358415E-031  1.386705947298307E-030
   223.196003014690       8.357558483481483E-031 -3.087739310647269E-032
   223.988884020071       1.318702009894520E-032 -4.942172021790845E-031
   224.781765025452      -2.867031863803338E-031 -3.045646691009027E-032
   225.574646030833      -3.346282516332647E-032  1.629770350881532E-031
   226.367527036213       9.055081056891524E-032  2.982311907791165E-032
   227.160408041594       2.386477409344075E-032 -4.894713195846612E-032
   227.953289046975      -2.553771833600319E-032 -1.781276090602806E-032
   228.746170052356      -1.263365152477613E-032  1.268052337629863E-032
   229.539051057737       5.829210465548953E-033  8.602574517433085E-033
   230.331932063117       5.658195588942360E-033 -2.323334804215987E-033
   231.124813068498      -6.326057458079947E-034 -3.607736603097802E-033
   231.917694073879      -2.234150003475778E-033 -1.063287171321034E-034
   232.710575079260      -3.693734217153947E-034  1.344458673469032E-033
   233.503456084640       7.857372850036466E-034  4.112449218605644E-034
   234.296337090021       3.629739385764854E-034 -4.452127299647219E-034
   235.089218095402      -2.439058046047036E-034 -2.881959981852987E-034
   235.882099100783      -2.150541583044556E-034  1.287094933082872E-034
   236.674980106164       6.512811854446602E-035  1.538702642786108E-034
   237.467861111544       1.066459292068679E-034 -3.145399709070442E-035
   238.260742116925      -1.445104832552675E-035 -7.196502381248901E-035
   239.053623122306      -4.737281812116072E-035  6.322281361528400E-036
   239.846504127687       2.659985570019015E-036  3.041882546392325E-035
   240.639385133067       1.903038149336850E-035 -1.099243984161596E-036
   241.432266138448      -4.543947256390880E-037 -1.158182816075076E-035
   242.225147143829      -6.848408315059352E-036  1.806582793348426E-037
   243.018028149210       5.312724975824290E-038  3.932383112525591E-036
   243.810909154591       2.193421162266931E-036  1.121073740199181E-038
   244.603790159971       4.175027836424614E-038 -1.189699917779391E-036
   245.396671165352      -6.282801938682194E-037 -5.140304011689413E-038
   246.189552170733      -4.867680918516669E-038  3.233108302584025E-037
   246.982433176114       1.620352197125032E-037  4.004938532690566E-038
   247.775314181495       2.995156896715302E-038 -7.885932181216515E-038
   248.568195186875      -3.701555970530296E-038 -2.084261938773328E-038
   249.361076192256      -1.368881376689316E-038  1.652971175647518E-038
   250.153957197637       6.828702146936948E-039  8.563086895799924E-039
   250.946838203018       5.131316846284339E-039 -2.439025104442885E-039
   251.739719208398      -5.861468343749060E-040 -2.954326348755069E-039
   252.532600213779      -1.634943258120118E-039 -1.045857598349139E-040
   253.325481219160      -2.953031622679456E-040  8.675323154776359E-040
   254.118362224541       4.385199671959017E-040  2.929071209120275E-040
   254.911243229922       2.317459200719168E-040 -2.083754318197993E-040
   255.704124235302      -9.056031538387273E-041 -1.652812892231051E-040
   256.497005240683      -1.109956063528058E-040  3.369517029311776E-041
   257.289886246064       8.458276778841631E-042  7.167616215685929E-041
   258.082767251445       4.502815744165767E-041  1.247414028080770E-042
   258.875648256826       3.898583283599797E-042 -2.769595904525259E-041
   259.668529262206      -1.672061049183917E-041 -3.740647818665826E-042
   260.461410267587      -2.755403117106407E-042  9.898738187496504E-042
   261.254291272968       5.724634035028122E-042  1.763697670569089E-042
   262.047172278349       1.025132956889261E-042 -3.216057852242070E-042
   262.840053283729      -1.744672113409173E-042 -5.553824569494539E-043
   263.632934289110      -2.874118135404391E-043  9.093748327577775E-043
   264.425815294491       4.539379692443569E-043  1.460228846549156E-043
   265.218696299872       7.479217064910028E-044 -2.166655734242574E-043
   266.011577305253      -9.879360627038211E-044 -3.923942440593348E-044
   266.804458310633      -2.105678922134308E-044  4.293976780735893E-044
   267.597339316014       1.767335402475673E-044  1.138526336906304E-044
   268.390220321395       6.086600505381022E-045 -6.775150560174886E-045
   269.183101326776      -2.323433647484917E-045 -3.165037046136877E-045
   269.975982332156      -1.579703131198130E-045  6.328843181067730E-046
   270.768863337537       6.298692156652929E-047  7.466838576411239E-046
   271.561744342918       3.277674703228994E-046  8.480864512306924E-047
   272.354625348299       9.258621342521592E-047 -1.284812279788608E-046
   273.147506353680      -4.037144570825593E-047 -6.586829378326455E-047
   273.940387359060      -3.913481844173544E-047  5.449843916345007E-048
   274.733268364441      -5.803832933753504E-048  2.043765076986025E-047
   275.526149369822       9.313374344321418E-048  7.583955748211856E-048
   276.319030375203       6.244815928844651E-048 -3.417798106666310E-048
   277.111911380583      -6.361743615284871E-049 -4.353641998338098E-048
   277.904792385964      -2.772615303815805E-048 -4.767552200717169E-049
   278.697673391345      -7.817556989989368E-049  1.668681858542809E-048
   279.490554396726       9.706019280571630E-049  7.434263552104652E-049
   280.283435402107       5.906661842569886E-049 -5.569760300650414E-049
   281.076316407487      -3.220303994998882E-049 -4.248416591992485E-049
   281.869197412868      -2.840793710895637E-049  1.908013689179160E-049
   282.662078418249       1.162652641729313E-049  1.779262181319066E-049
   283.454959423630       1.043053977432076E-049 -7.179662024984193E-050
   284.247840429011      -4.374416416463465E-050 -5.703900338484047E-050
   285.040721434391      -2.903706751968636E-050  2.559667726879905E-050
   285.833602439772       1.410904924172910E-050  1.379542674848399E-050
   286.626483445153       6.174990906528851E-051 -7.253384289260867E-051
   287.419364450534      -3.469976819684652E-051 -2.650320511790668E-051
   288.212245455914      -1.117209198905261E-051  1.548665909926508E-051
   289.005126461295       6.474645809840061E-052  4.738021599050395E-052
   289.798007466676       2.051952780642958E-052 -2.540931234427846E-052
   290.590888472057      -9.317631830726269E-053 -9.076821307249343E-053
   291.383769477438      -4.053187763019320E-053  3.132359187099420E-053
   292.176650482818       9.133039021909985E-054  1.797183856062809E-053
   292.969531488199       7.783971225540702E-054 -1.889091455529669E-054
   293.762412493580       1.071103671277903E-055 -3.240787093941971E-054
   294.555293498961      -1.271992933200373E-054 -4.440754819494500E-055
   295.348174504342      -3.548528592504813E-055  4.556753908562897E-055
   296.141055509722       1.382400485367203E-055  2.155929250227836E-055
   296.933936515103       1.144435498005321E-055 -2.652564722828496E-056
   297.726817520484       6.042235068100461E-057 -5.527075831225051E-056
   298.519698525865      -2.454025538896533E-056 -1.130930140096401E-056
   299.312579531245      -8.982750494944744E-057  9.938012964585210E-057
   300.105460536626       3.551489279212010E-057  5.708322360864082E-057
   300.898341542007       3.233389755697211E-057 -1.010109686167527E-057
   301.691222547388      -1.256869253105046E-058 -1.695231567149567E-057
   302.484103552769      -8.358865444292284E-058 -1.113324256708768E-058
   303.276984558149      -1.295809569093715E-058  3.899937393635606E-058
   304.069865563530       1.721396730559820E-058  9.332139458703857E-059
   304.862746568911       5.624791768126724E-059 -7.144686379006930E-059
   305.655627574292      -2.748696685164341E-059 -3.055799619802987E-059
   306.448508579672      -1.539443492675267E-059  9.501570045671552E-060
   307.241389585053       2.726048276162172E-060  7.276422383994174E-060
   308.034270590434       3.235904483474918E-060 -4.658060279055550E-061
   308.827151595815       1.331155209516282E-061 -1.347808368844606E-060
   309.620032601196      -5.184787905623802E-061 -2.007157564262393E-061
   310.412913606576      -1.417517039215035E-061  1.783023899978953E-061
   311.205794611957       5.027366813295960E-062  7.924984917544548E-062
   311.998675617338       3.838424469359812E-062 -7.860002789163479E-063
   312.791556622719       3.102313790887764E-063 -1.639828567683727E-062
   313.584437628099      -6.038022306599077E-063 -4.094206491137807E-063
   314.377318633480      -2.795864613382750E-063  1.726856459564315E-063
   315.170199638861       1.936514713720985E-064  1.516358342527696E-063
   315.963080644242       7.024787164828558E-064  2.137372862244504E-064
   316.755961649623       2.355985669140282E-064 -2.765477943584156E-064
   317.548842655003      -8.418736740601370E-065 -1.639507896825438E-064
   318.341723660384      -9.468941088573683E-065  1.034682718435596E-065
   319.134604665765      -1.122899332003434E-065  4.848476113792744E-065
   319.927485671146       2.244727139191135E-065  1.325075048629957E-065
   320.720366676527       9.817949941547031E-066 -9.367696363033016E-066
   321.513247681907      -3.422148223471493E-066 -6.067687283987405E-066
   322.306128687288      -3.358613930033720E-066  9.930824770735370E-067
   323.099009692669       1.327784712555044E-067  1.710314349185679E-066
   323.891890698050       8.095148204657952E-067  1.008348686760962E-067
   324.684771703430       1.199747098752606E-067 -3.564546459519246E-067
   325.477652708811      -1.449057142771239E-067 -8.543440173406703E-068
   326.270533714192      -5.017850803223973E-068  5.326046806784020E-068
   327.063414719573       1.680117659415293E-068  2.616251787673468E-068
   327.856295724954       1.240087877636451E-068 -3.832728438247049E-069
   328.649176730334       1.027568018287045E-071 -5.360024997041399E-069
   329.442057735715      -2.082865776814516E-069 -7.278212279307413E-070
   330.234938741096      -5.900105300075938E-070  6.960747853657040E-070
   331.027819746477       1.729996978526849E-070  3.406927807795738E-070
   331.820700751857       1.629989873299916E-070 -7.310357081608415E-072
   332.613581757238       2.797440226791581E-071 -6.577946275782310E-071
   333.406462762619      -2.095498739558261E-071 -2.454830012091134E-071
   334.199343768000      -1.464177085220965E-071  3.536741308930167E-072
   334.992224773381      -1.670876056346130E-072  7.077041654969076E-072
   335.785105778761       2.792723703140294E-072  2.313482338952329E-072
   336.577986784142       1.688385855773586E-072 -7.856380048832151E-073
   337.370867789523      -1.476488522287717E-074 -9.794125343826105E-073
   338.163748794904      -4.873547571941632E-073 -1.931979788961347E-073
   338.956629800285      -1.908102083100823E-073  2.094182722319727E-073
   339.749510805665       7.380497977724685E-074  1.343995255893700E-073
   340.542391811046       8.074864152136673E-074 -1.662515268176675E-074
   341.335272816427       3.011490732414587E-075 -4.361247701214493E-074
   342.128153821808      -2.157767776589648E-074 -7.125837824366514E-075
   342.921034827188      -6.060774802800802E-075  9.806977463180730E-075
   343.713915832569       4.048588975648838E-075  4.005652257550140E-075
   344.506796837950       2.313816464174993E-075 -1.465863473698388E-075
   345.299677843331      -4.187354656136821E-076 -1.214711326475541E-075
   346.092558848712      -5.878759801214881E-076  5.080885057645723E-077
   346.885439854092      -4.707507341943009E-077  2.625160760421123E-076
   347.678320859473       1.068683133786838E-076  5.323519736138163E-077
   348.471201864854       3.707409974398853E-077 -3.829458540950220E-077
   349.264082870235      -1.088213746690580E-077 -2.127005166257557E-077
   350.056963875615      -1.073716514733662E-077  1.350106613663770E-078
   350.849844880996      -1.172627489621856E-078  4.839429384678213E-078
   351.642725886377       1.915415413330385E-078  1.339074576595647E-078
   352.435606891758       9.350978113566885E-079 -6.193345859189479E-079
   353.228487897139      -1.163269414953917E-079 -5.383747915883161E-079
   354.021368902519      -2.734231316654496E-079 -4.106382660305116E-080
   354.814249907900      -6.710162645996200E-080  1.245451661410973E-079
   355.607130913281       5.027888631529428E-080  5.355130529475929E-080
   356.400011918662       3.451026374068144E-080 -1.701248645144122E-080
   357.192892924042      -3.849796136871254E-081 -1.981801711644977E-080
   357.985773929423      -1.051919995599655E-080 -4.572610994244949E-082
   358.778654934804      -1.333570810242668E-081  5.247532499473280E-081
   359.571535940185       2.478591417045119E-081  1.129120674546795E-081
   360.364416945566       7.342153116165749E-082 -1.110093601478365E-081
   361.157297950946      -4.695655497238429E-082 -4.172733558670754E-082
   361.950178956327      -2.166401227195240E-082  1.856171907199763E-082
   362.743059961708       6.711091095319220E-083  1.048263687448798E-082
   363.535940967089       4.773078645267628E-083 -2.118439096206418E-083
   364.328821972470      -5.105527209256519E-084 -2.051584926925039E-083
   365.121702977850      -8.301051581571960E-084  3.311884962872166E-085
   365.914583983231      -6.369231582468152E-085  3.129277364723030E-084
   366.707464988612       1.073700097297217E-084  5.621382265672494E-085
   367.500345993993       3.310533452918114E-085 -3.174522721198107E-085
   368.293226999373      -6.788058948557629E-086 -1.611207008537862E-085
   369.086108004754      -6.775671013874181E-086 -3.542436750612763E-088
   369.878989010135      -1.151123375837050E-086  2.432883031823918E-086
   370.671870015516       6.818818188635670E-087  8.666816295682800E-087
   371.464751020897       4.598892992258118E-087 -8.714311947957613E-088
   372.257632026277       6.099037421532083E-088 -1.970216743047593E-087
   373.050513031658      -6.661163666817166E-088 -6.678932842711123E-088
   373.843394037039      -4.258969818382064E-088  1.350672860628592E-088
   374.636275042420      -3.317585547564103E-089  2.157299378623385E-088
   375.429156047801       9.093155463852947E-089  6.069795448060399E-089
   376.222037053181       4.679591110378154E-089 -3.030649369466304E-089
   377.014918058562      -5.666036221463341E-090 -2.814821215637613E-089
   377.807799063943      -1.465098298391933E-089 -2.141426674293617E-090
   378.600680069324      -3.351164686561397E-090  6.799492764923190E-090
   379.393561074704       2.814366866727852E-090  2.586183017150407E-090
   380.186442080085       1.592570806308936E-090 -1.008239531713169E-090
   380.979323085466      -2.809797200872729E-091 -8.595344428081089E-091
   381.772204090847      -4.195455256479772E-091  3.098802236602651E-092
   382.565085096228      -3.236972524373135E-092  1.868288093828593E-091
   383.357966101608       7.541782809417432E-092  3.452003062839520E-092
   384.150847106989       2.299904776695215E-092 -2.686313578326677E-092
   384.943728112370      -7.801563355095654E-093 -1.256915713101732E-092
   385.736609117751      -5.983348569562917E-093  1.303163211392024E-093
   386.529490123131      -4.118459816548478E-094  2.499121420126104E-093
   387.322371128512       8.858140154001082E-094  5.779231135595493E-094
   388.115252133893       3.855353171965755E-094 -2.329445280540783E-094
   388.908133139274      -1.280855566930861E-095 -1.970503238310751E-094
   389.701014144655      -8.140164739331029E-095 -3.790348734773850E-095
   390.493895150035      -3.463645210055446E-095  2.479310467160723E-095
   391.286776155416       2.207977998826408E-096  2.103343939728844E-095
   392.079657160797       1.011267776900448E-095  4.326988655424096E-096
   392.872538166178       4.666937966865663E-096 -3.742754590078380E-096
   393.665419171558      -7.184871404658755E-097 -3.311494983723321E-096
   394.458300176939      -1.942231433135824E-096 -4.172642215405083E-097
   395.251181182320      -6.679976525568946E-097  9.918118426599183E-097
   396.044062187701       4.409731498797609E-097  5.844546586601765E-097
   396.836943193082       4.212016955318713E-097 -1.620046201969925E-097
   397.629824198462      -3.900132770103986E-098 -2.742632916466379E-097
   398.422705203843      -1.674557116847244E-097 -5.525707034394735E-099
   399.215586209224      -1.569123802752693E-098  9.757836028320515E-098
   400.008467214605       5.467307317040874E-098  1.361995120363697E-098
   400.801348219986       8.958050007491842E-099 -2.947994903660807E-098
   401.594229225366      -1.524757190389227E-098 -5.076388085405814E-099
   402.387110230747      -2.609658500255583E-099  7.528445017404271E-099
   403.179991236128       3.533663559400681E-099  1.260699695871053E-099
   403.972872241509       5.904944445382048E-100 -1.573045926503853E-099
   404.765753246890      -6.637059765083644E-100 -2.750506991985440E-100
   405.558634252270      -1.290456683807182E-100  2.653280687573347E-100
   406.351515257651       1.002464748362927E-100  6.084287263914164E-101
   407.144396263032       2.848217681292970E-101 -3.549064588586018E-101
   407.937277268413      -1.151766443563446E-101 -1.305095475916037E-101
   408.730158273793      -5.781081016336992E-102  3.237470885919073E-102
   409.523039279174       6.474398533281133E-103  2.448819988084987E-102
   410.315920284555       9.800214784206164E-103  2.885224646586239E-104
   411.108801289936       1.319898556173442E-103 -3.637082781262091E-103
   411.901682295317      -1.205664295266797E-103 -9.978685329483781E-104
   412.694563300697      -5.656388658247207E-104  3.227297894146572E-104
   413.487444306078       4.091318087504947E-105  2.763038737227139E-104
   414.280325311459       1.203338034764622E-104  2.792930549836118E-105
   415.073206316840       3.178773760071649E-105 -4.644338847800708E-105
   415.866087322220      -1.503716585578211E-105 -2.164577662442038E-105
   416.658968327601      -1.223230446174357E-105  3.219608150203688E-106
   417.451849332982      -4.629876402751645E-107  6.180927042673714E-106
   418.244730338363       2.861166590877320E-106  1.163343758132058E-106
   419.037611343744       9.735272935159787E-107 -1.216975270973718E-106
   419.830492349124      -4.682157233247061E-107 -6.398194877123605E-107
   420.623373354505      -3.742170581102484E-107  1.547658066249273E-107
   421.416254359886       3.644694060355307E-108  2.035985898747107E-107
   422.209135365267       1.052371442108364E-107  1.481688910864804E-109
   423.002016370648       9.667595446540613E-109 -5.229040475143049E-108
   423.794897376028      -2.515811941448197E-108 -8.640997472129869E-109
   424.587778381409      -5.837616532553562E-109  1.177551447947618E-108
   425.380659386790       5.378793784898466E-109  3.472414087055897E-109
   426.173540392171       1.912173213777086E-109 -2.402659976658140E-109
   426.966421397551      -1.050944372578308E-109 -9.974305815165571E-110
   427.759302402932      -4.989981946907191E-110  4.504972194070238E-110
   428.552183408313       1.893188099206061E-110  2.412146235287312E-110
   429.345064413694       1.131930140455894E-110 -7.799709569619949E-111
   430.137945419075      -3.148650781580664E-111 -5.171546096090300E-111
   430.930826424455      -2.304490830961643E-111  1.243878161123395E-111
   431.723707429836       4.796686537864951E-112  1.002545524582765E-111
   432.516588435217       4.259895065706972E-112 -1.797366630710923E-112
   433.309469440598      -6.493091811133980E-113 -1.768155379615664E-112
   434.102350445978      -7.169313454441156E-113  2.231006712339833E-113
   434.895231451359       7.111913117830958E-114  2.839670796323379E-113
   435.688112456740       1.098656151296336E-113 -1.993796943427272E-114
   436.480993462121      -4.177045919040858E-115 -4.150616486737616E-114
   437.273874467502      -1.529649684554024E-114  6.198717043445057E-117
   438.066755472882      -6.199933274302259E-116  5.487141366118752E-115
   438.859636478263       1.907873096219023E-115  4.912725292558092E-116
   439.652517483644       2.820966789442697E-116 -6.381776382979849E-116
   440.445398489025      -2.026266142213835E-116 -1.403533061600127E-116
   441.238279494405      -6.383440551714576E-117  5.951222252838340E-117
   442.031160499786       1.524259769712775E-117  2.712287598098251E-117
   442.824041505167       1.085986180438622E-117 -2.796688669737813E-118
   443.616922510548       1.091859540591156E-119 -4.099958954353686E-118
   444.409803515929      -1.448729752514952E-118 -4.811564754364121E-119
   445.202684521309      -3.397103724549077E-119  4.695353677149337E-119
   445.995565526690       1.326415365149668E-119  1.814744968897552E-119
   446.788446532071       8.478637136587268E-120 -2.757323243665150E-120
   447.581327537452       5.363364290565167E-123 -3.617346880318314E-120
   448.374208542832      -1.428074488295485E-120 -4.609103775139232E-121
   449.167089548213      -3.659671362247544E-121  5.198002387442298E-121
   449.959970553594       1.703531166190282E-121  2.151869310389887E-121
   450.752851558975       1.109506376963594E-121 -4.678658205939733E-122
   451.545732564356      -7.922465011911111E-123 -5.290201720591256E-122
   452.338613569736      -2.388559659368757E-122 -1.901626569777650E-123
   453.131494575117      -3.019649215083835E-123  1.034155819876545E-122
   453.924375580498       4.325296829652593E-123  2.171279399747504E-123
   454.717256585879       1.263531430067808E-123 -1.755285578565833E-123
   455.510137591260      -6.928531371752954E-124 -6.612902724056097E-124
   456.303018596640      -3.236384432140761E-124  2.662140073481644E-124
   457.095899602021       9.947434765647614E-125  1.509347170148761E-124
   457.888780607402       6.780168908052775E-125 -3.604107583934932E-125
   458.681661612783      -1.258971619770004E-125 -2.953788541239821E-125
   459.474542618163      -1.253865937446804E-125  4.197600630930351E-126
   460.267423623544       1.311523986891531E-126  5.204030623768570E-126
   461.060304628925       2.117115487996164E-126 -3.696271989088652E-127
   461.853185634306      -8.477308888284992E-128 -8.458076851555455E-127
   462.646066639687      -3.322699043269835E-127  9.090230290279419E-129
   463.438947645067      -5.810473084577089E-129  1.284625320245190E-127
   464.231828650448       4.890334536365717E-128  5.801082523200713E-129
   465.024709655829       3.555885407607894E-129 -1.833377849913707E-128
   465.817590661210      -6.768254648734734E-129 -1.844617544667385E-129
   466.610471666591      -8.756688855692078E-130  2.459634197066277E-129
   467.403352671971       8.794075690746034E-130  3.926188301465770E-130
   468.196233677352       1.689384774873677E-130 -3.090845277931187E-130
   468.989114682733      -1.066655129347455E-130 -7.040160717267484E-131
   469.781995688114      -2.857557899216446E-131  3.608374904555548E-131
   470.574876693494       1.193728446063758E-131  1.133896162718081E-131
   471.367757698875       4.409645636710392E-132 -3.848369131462584E-132
   472.160638704256      -1.202485444422538E-132 -1.683595777429521E-132
   472.953519709637      -6.318336344171641E-133  3.610102622085040E-133
   473.746400715018       1.025522890218985E-133  2.332752083346030E-133
   474.539281720398       8.477946381095902E-134 -2.673958488478014E-134
   475.332162725779      -5.937537230920526E-135 -3.034138659776047E-134
   476.125043731160      -1.069538150517158E-134  8.318979029186336E-136
   476.917924736541      -1.518928208373561E-136  3.713669248318954E-135
   477.710805741921       1.270073799997118E-135  2.069634168986949E-136
   478.503686747302       1.245421430837491E-136 -4.277536279361495E-136
   479.296567752683      -1.418306172475600E-136 -6.078981935480618E-137
   480.089448758064      -2.679187346495592E-137  4.627944411478007E-137
   480.882329763445       1.485392927810399E-137  1.108589656417180E-137
   481.675210768825       4.386652184293496E-138 -4.686913137580946E-138
   482.468091774206      -1.452894084771493E-138 -1.676489517590324E-138
   483.260972779587      -6.223663019542092E-139  4.420789295782108E-139
   484.053853784968       1.318566554265860E-139  2.251629068428345E-139
   484.846734790349       7.953080753535691E-140 -3.846218780345609E-140
   485.639615795729      -1.092544857005439E-140 -2.744948692715519E-140
   486.432496801110      -9.260222133544725E-141  2.997957541946160E-141
   487.225377806491       7.825219256696641E-142  3.053566931290138E-141
   488.018258811872       9.841848561261481E-142 -1.882514038611611E-142
   488.811139817252      -3.863058858897730E-143 -3.100496873232145E-142
   489.604020822633      -9.547190578078846E-143  4.977848095309247E-144
   490.396901828014      -8.650250925146863E-145  2.873006450707715E-143
   491.189782833395       8.443608436203472E-144  1.066754046188950E-144
   491.982663838776       5.844152520715131E-145 -2.419723928479529E-144
   492.775544844156      -6.740967523682437E-145 -2.579774845364380E-145
   493.568425849537      -1.019780031232361E-145  1.815740154043519E-145
   494.361306854918       4.684963087637860E-146  3.751139398657465E-146
   495.154187860299       1.307410428344121E-146 -1.138545983167040E-146
   495.947068865680      -2.518247895355012E-147 -4.359627117944267E-147
   496.739949871060      -1.398262956810645E-147  4.642747872696769E-148
   497.532830876441       4.785814963782514E-149  4.324986406864798E-148
   498.325711881822       1.291025227049425E-148  1.342265695043207E-149
   499.118592887203       1.218585540548771E-149 -3.715045779785498E-149
   499.911473892583      -1.027406459310559E-149 -5.964825582067241E-150
   500.704354897964      -2.415581037455621E-150  2.715101678487842E-150
   501.497235903345       6.788389806577278E-151  8.857082765629800E-151
   502.290116908726       3.042356468109613E-151 -1.577060656793868E-151
   503.082997914107      -3.281223662883673E-152 -9.948124510527788E-152
   503.875878919487      -3.121878639116582E-152  5.553328654455939E-153
   504.668759924868       4.762349484875988E-154  9.438481857787945E-153
   505.461640930249       2.752032367536686E-153  1.646106632570005E-154
   506.254521935630       1.225451747611727E-154 -7.730754165445165E-154
   507.047402941010      -2.086578429624842E-154 -5.238905717436215E-155
   507.840283946391      -1.852437811565354E-155  5.388910162313179E-155
   508.633164951772       1.324399243145879E-155  5.885161618308144E-156
   509.426045957153       1.731929804240245E-156 -3.074705997739950E-156
   510.218926962534      -6.674079437011967E-157 -4.775278135903142E-157
   511.011807967914      -1.234761128509791E-157  1.333396712209179E-157
   511.804688973295       2.387707128603629E-158  2.973797659320689E-158
   512.597569978676       6.571575509847859E-159 -3.641745905926268E-159
   513.390450984057      -4.184408443054894E-160 -1.296920355592326E-159
   514.183331989437      -2.172600958845026E-160  2.093500598101844E-161
   514.976212994818      -3.871798655567703E-162  2.762002391829534E-161
   515.769094000199       1.879589276505864E-162  7.725484836103926E-163
   516.561975005580       1.623661271332648E-189 -2.130107281910871E-189
