   4.43366185766042     
 -0.150222992777455     
  -2.05558587942291     
   4.16043734851821     
  0.382559405456022     
  -5.78796290552832     
   10.8007266474400     
   12.4528830609284     
  -8.33878460387679     
  -11.5103005322128     
   1.11767199504540     
  -10.1514696843106     
   1.00669125056101     
  0.566632249072773     
  -8.69633302166988     
   1.12162311042965     
  0.105777358857078     
   5.61364825328395     
  -2.55675609249233     
  0.189368004631133     
  -6.06888864546333     
  -1.25215281079184     
   10.3143321974795     
  -12.4164540655289     
 -0.172545015564857     
 -4.209661844308346E-002
  -3.63923982971281     
   1.32927281247158     
   4.14627306763446     
  -1.33110050541385     
   5.83011588189715     
   9.81015711517891     
   4.99188409480665     
 -0.376070460232125     
 -6.520679354926013E-004
  0.172328470334337     
 -0.820812086246835     
  0.555278385078492     
 -0.480920181178125     
